FrameCounter,Timestamp,LedState,Stimulation,Output0,Output1,Input0,Input1,Region0G
7408,6854.427296,1,0,1,0,0,0,0.013617391
7410,6854.46064,1,0,1,0,0,0,0.013615996
7412,6854.493984,1,0,1,0,0,0,0.013586704
7414,6854.527296,1,0,1,0,0,0,0.013518009
7416,6854.56064,1,0,1,0,0,0,0.013493599
7418,6854.593984,1,0,1,0,0,0,0.013466052
7420,6854.627296,1,0,1,0,0,0,0.013464308
7422,6854.66064,1,0,1,0,0,0,0.013496389
7424,6854.693952,1,0,1,0,0,0,0.013458729
7426,6854.727296,1,0,1,0,0,0,0.013539978
7428,6854.76064,1,0,1,0,0,0,0.013518706
7430,6854.793952,1,0,1,0,0,0,0.013522542
7432,6854.827296,1,0,1,0,0,0,0.013538583
7434,6854.86064,1,0,1,0,0,0,0.013612509
7436,6854.893952,1,0,1,0,0,0,0.013588099
7438,6854.927296,1,0,1,0,0,0,0.013577987
7440,6854.960608,1,0,1,0,0,0,0.013630642
7442,6854.993952,1,0,1,0,0,0,0.013588797
7444,6855.027296,1,0,1,0,0,0,0.01359054
7446,6855.060608,1,0,1,0,0,0,0.013595422
7448,6855.093952,1,0,1,0,0,0,0.013626108
7450,6855.127296,1,0,1,0,0,0,0.013664118
7452,6855.160608,1,0,1,0,0,0,0.013649821
7454,6855.193952,1,0,1,0,0,0,0.013663769
7456,6855.227264,1,0,1,0,0,0,0.013631339
7458,6855.260608,1,0,1,0,0,0,0.013672835
7460,6855.293952,1,0,1,0,0,0,0.013650867
7462,6855.327264,1,0,1,0,0,0,0.013641103
7464,6855.360608,1,0,1,0,0,0,0.01359333
7466,6855.393952,1,0,1,0,0,0,0.013613206
7468,6855.427264,1,0,1,0,0,0,0.013610765
7470,6855.460608,1,0,1,0,0,0,0.013580428
7472,6855.493952,1,0,1,0,0,0,0.013588448
7474,6855.527264,1,0,1,0,0,0,0.013548347
7476,6855.560608,1,0,1,0,0,0,0.013577987
7478,6855.59392,1,0,1,0,0,0,0.013607627
7480,6855.627264,1,0,1,0,0,0,0.013622273
7482,6855.660608,1,0,1,0,0,0,0.013574151
7484,6855.69392,1,0,1,0,0,0,0.01366342
7486,6855.727264,1,0,1,0,0,0,0.013599607
7488,6855.760576,1,0,1,0,0,0,0.013628898
7490,6855.79392,1,0,1,0,0,0,0.013634129
7492,6855.827264,1,0,1,0,0,0,0.013648077
7494,6855.860576,1,0,1,0,0,0,0.013662723
7496,6855.89392,1,0,1,0,0,0,0.013668302
7498,6855.927264,1,0,1,0,0,0,0.013634826
7500,6855.960576,1,0,1,0,0,0,0.013646682
7502,6855.99392,1,0,1,0,0,0,0.013629596
7504,6856.027232,1,0,1,0,0,0,0.01365819
7506,6856.060576,1,0,1,0,0,0,0.013664815
7508,6856.09392,1,0,1,0,0,0,0.013635524
7510,6856.127232,1,0,1,0,0,0,0.013657841
7512,6856.160576,1,0,1,0,0,0,0.013613904
7514,6856.193888,1,0,1,0,0,0,0.01368783
7516,6856.227232,1,0,1,0,0,0,0.013637616
7518,6856.260576,1,0,1,0,0,0,0.01362297
7520,6856.293888,1,0,1,0,0,0,0.013623668
7522,6856.327232,1,0,1,0,0,0,0.013657143
7524,6856.360576,1,0,1,0,0,0,0.013591586
7526,6856.393888,1,0,1,0,0,0,0.013576243
7528,6856.427232,1,0,1,0,0,0,0.013605186
7530,6856.460544,1,0,1,0,0,0,0.013574151
7532,6856.493888,1,0,1,0,0,0,0.013613904
7534,6856.527232,1,0,1,0,0,0,0.013584264
7536,6856.560544,1,0,1,0,0,0,0.013587053
7538,6856.593888,1,0,1,0,0,0,0.013569269
7540,6856.627232,1,0,1,0,0,0,0.013592981
7542,6856.660544,1,0,1,0,0,0,0.013575546
7544,6856.693888,1,0,1,0,0,0,0.013608324
7546,6856.7272,1,0,1,0,0,0,0.01359054
7548,6856.760544,1,0,1,0,0,0,0.013601699
7550,6856.793888,1,0,1,0,0,0,0.013593679
7552,6856.8272,1,0,1,0,0,0,0.013607976
7554,6856.860544,1,0,1,0,0,0,0.013587751
7556,6856.893888,1,0,1,0,0,0,0.013594027
7558,6856.9272,1,0,1,0,0,0,0.013603094
7560,6856.960544,1,0,1,0,0,0,0.013560551
7562,6856.993888,1,0,1,0,0,0,0.013585658
7564,6857.0272,1,0,1,0,0,0,0.013592284
7566,6857.060544,1,0,1,0,0,0,0.013569966
7568,6857.093856,1,0,1,0,0,0,0.013611114
7570,6857.1272,1,0,1,0,0,0,0.013589843
7572,6857.160544,1,0,1,0,0,0,0.01360135
7574,6857.193856,1,0,1,0,0,0,0.013551834
7576,6857.2272,1,0,1,0,0,0,0.013580428
7578,6857.260544,1,0,1,0,0,0,0.013588099
7580,6857.293856,1,0,1,0,0,0,0.013647728
7582,6857.3272,1,0,1,0,0,0,0.013685737
7584,6857.360512,1,0,1,0,0,0,0.013553229
7586,6857.393856,1,0,1,0,0,0,0.013579033
7588,6857.4272,1,0,1,0,0,0,0.013607627
7590,6857.460512,1,0,1,0,0,0,0.013582171
7592,6857.493856,1,0,1,0,0,0,0.013569966
7594,6857.5272,1,0,1,0,0,0,0.013624016
7596,6857.560512,1,0,1,0,0,0,0.013588099
7598,6857.593856,1,0,1,0,0,0,0.013566828
7600,6857.627168,1,0,1,0,0,0,0.013603791
7602,6857.660512,1,0,1,0,0,0,0.013603791
7604,6857.693856,1,0,1,0,0,0,0.013567177
7606,6857.727168,1,0,1,0,0,0,0.013582869
7608,6857.760512,1,0,1,0,0,0,0.013572756
7610,6857.793856,1,0,1,0,0,0,0.013545906
7612,6857.827168,1,0,1,0,0,0,0.013610417
7614,6857.860512,1,0,1,0,0,0,0.013633083
7616,6857.893824,1,0,1,0,0,0,0.013618088
7618,6857.927168,1,0,1,0,0,0,0.013588448
7620,6857.960512,1,0,1,0,0,0,0.013603094
7622,6857.993824,1,0,1,0,0,0,0.01367423
7624,6858.027168,1,0,1,0,0,0,0.013582869
7626,6858.060512,1,0,1,0,0,0,0.013613206
7628,6858.093824,1,0,1,0,0,0,0.013576941
7630,6858.127168,1,0,1,0,0,0,0.013592633
7632,6858.16048,1,0,1,0,0,0,0.013555321
7634,6858.193824,1,0,1,0,0,0,0.01361216
7636,6858.227168,1,0,1,0,0,0,0.013590889
7638,6858.26048,1,0,1,0,0,0,0.01360693
7640,6858.293824,1,0,1,0,0,0,0.013606581
7642,6858.327168,1,0,1,0,0,0,0.013598909
7644,6858.36048,1,0,1,0,0,0,0.013569269
7646,6858.393824,1,0,1,0,0,0,0.013599955
7648,6858.427136,1,0,1,0,0,0,0.01359612
7650,6858.46048,1,0,1,0,0,0,0.013603442
7652,6858.493824,1,0,1,0,0,0,0.013603094
7654,6858.527136,1,0,1,0,0,0,0.013635175
7656,6858.56048,1,0,1,0,0,0,0.013607976
7658,6858.593792,1,0,1,0,0,0,0.013605883
7660,6858.627136,1,0,1,0,0,0,0.013669697
7662,6858.66048,1,0,1,0,0,0,0.013624016
7664,6858.693792,1,0,1,0,0,0,0.013649123
7666,6858.727136,1,0,1,0,0,0,0.013632734
7668,6858.76048,1,0,1,0,0,0,0.013612858
7670,6858.793792,1,0,1,0,0,0,0.013630642
7672,6858.827136,1,0,1,0,0,0,0.013676322
7674,6858.860448,1,0,1,0,0,0,0.013633431
7676,6858.893792,1,0,1,0,0,0,0.013617042
7678,6858.927136,1,0,1,0,0,0,0.013616693
7680,6858.960448,1,0,1,0,0,0,0.013571361
7682,6858.993792,1,0,1,0,0,0,0.013585658
7684,6859.027136,1,0,1,0,0,0,0.013598212
7686,6859.060448,1,0,1,0,0,0,0.013632036
7688,6859.093792,1,0,1,0,0,0,0.013609022
7690,6859.127104,1,0,1,0,0,0,0.013608673
7692,6859.160448,1,0,1,0,0,0,0.013652262
7694,6859.193792,1,0,1,0,0,0,0.013625411
7696,6859.227104,1,0,1,0,0,0,0.013615996
7698,6859.260448,1,0,1,0,0,0,0.013632734
7700,6859.293792,1,0,1,0,0,0,0.013650867
7702,6859.327104,1,0,1,0,0,0,0.013612509
7704,6859.360448,1,0,1,0,0,0,0.013662374
7706,6859.39376,1,0,1,0,0,0,0.013636221
7708,6859.427104,1,0,1,0,0,0,0.01363099
7710,6859.460448,1,0,1,0,0,0,0.013659584
7712,6859.49376,1,0,1,0,0,0,0.013701778
7714,6859.527104,1,0,1,0,0,0,0.01368225
7716,6859.560448,1,0,1,0,0,0,0.013641103
7718,6859.59376,1,0,1,0,0,0,0.013645287
7720,6859.627104,1,0,1,0,0,0,0.013601699
7722,6859.660448,1,0,1,0,0,0,0.013603094
7724,6859.69376,1,0,1,0,0,0,0.013641452
7726,6859.727104,1,0,1,0,0,0,0.013629596
7728,6859.760416,1,0,1,0,0,0,0.013604489
7730,6859.79376,1,0,1,0,0,0,0.013583217
7732,6859.827104,1,0,1,0,0,0,0.013594376
7734,6859.860416,1,0,1,0,0,0,0.013581125
7736,6859.89376,1,0,1,0,0,0,0.013590192
7738,6859.927104,1,0,1,0,0,0,0.013591238
7740,6859.960416,1,0,1,0,0,0,0.013546254
7742,6859.99376,1,0,1,0,0,0,0.013623668
7744,6860.027072,1,0,1,0,0,0,0.013525681
7746,6860.060416,1,0,1,0,0,0,0.0135473
7748,6860.09376,1,0,1,0,0,0,0.01362576
7750,6860.127072,1,0,1,0,0,0,0.013633431
7752,6860.160416,1,0,1,0,0,0,0.013605883
7754,6860.19376,1,0,1,0,0,0,0.013598909
7756,6860.227072,1,0,1,0,0,0,0.013570315
7758,6860.260416,1,0,1,0,0,0,0.013630642
7760,6860.293728,1,0,1,0,0,0,0.013610765
7762,6860.327072,1,0,1,0,0,0,0.013628898
7764,6860.360416,1,0,1,0,0,0,0.013640057
7766,6860.393728,1,0,1,0,0,0,0.013635175
7768,6860.427072,1,0,1,0,0,0,0.013634826
7770,6860.460416,1,0,1,0,0,0,0.013615647
7772,6860.493728,1,0,1,0,0,0,0.013623319
7774,6860.527072,1,0,1,0,0,0,0.01363378
7776,6860.560384,1,0,1,0,0,0,0.013634477
7778,6860.593728,1,0,1,0,0,0,0.013598909
7780,6860.627072,1,0,1,0,0,0,0.013575546
7782,6860.660384,1,0,1,0,0,0,0.01362018
7784,6860.693728,1,0,1,0,0,0,0.013666559
7786,6860.727072,1,0,1,0,0,0,0.01366342
7788,6860.760384,1,0,1,0,0,0,0.013599955
7790,6860.793728,1,0,1,0,0,0,0.013618088
7792,6860.82704,1,0,1,0,0,0,0.013617739
7794,6860.860384,1,0,1,0,0,0,0.013590889
7796,6860.893728,1,0,1,0,0,0,0.013619483
7798,6860.92704,1,0,1,0,0,0,0.013549044
7800,6860.960384,1,0,1,0,0,0,0.013579382
7802,6860.993696,1,0,1,0,0,0,0.013579382
7804,6861.02704,1,0,1,0,0,0,0.013578684
7806,6861.060384,1,0,1,0,0,0,0.01360135
7808,6861.093696,1,0,1,0,0,0,0.013588448
7810,6861.12704,1,0,1,0,0,0,0.013527773
7812,6861.160384,1,0,1,0,0,0,0.013534747
7814,6861.193696,1,0,1,0,0,0,0.013625062
7816,6861.22704,1,0,1,0,0,0,0.013554623
7818,6861.260352,1,0,1,0,0,0,0.013505107
7820,6861.293696,1,0,1,0,0,0,0.01348279
7822,6861.32704,1,0,1,0,0,0,0.01348279
7824,6861.360352,1,0,1,0,0,0,0.013575197
7826,6861.393696,1,0,1,0,0,0,0.01363378
7828,6861.42704,1,0,1,0,0,0,0.013626457
7830,6861.460352,1,0,1,0,0,0,0.013672835
7832,6861.493696,1,0,1,0,0,0,0.013546603
7834,6861.527008,1,0,1,0,0,0,0.013576243
7836,6861.560352,1,0,1,0,0,0,0.013629247
7838,6861.593696,1,0,1,0,0,0,0.013577987
7840,6861.627008,1,0,1,0,0,0,0.013511035
7842,6861.660352,1,0,1,0,0,0,0.013573454
7844,6861.693696,1,0,1,0,0,0,0.0135609
7846,6861.727008,1,0,1,0,0,0,0.013525332
7848,6861.760352,1,0,1,0,0,0,0.013504061
7850,6861.793664,1,0,1,0,0,0,0.013583915
7852,6861.827008,1,0,1,0,0,0,0.013574848
7854,6861.860352,1,0,1,0,0,0,0.013503015
7856,6861.893664,1,0,1,0,0,0,0.013526727
7858,6861.927008,1,0,1,0,0,0,0.01355811
7860,6861.960352,1,0,1,0,0,0,0.01356892
7862,6861.993664,1,0,1,0,0,0,0.013484882
7864,6862.027008,1,0,1,0,0,0,0.013554623
7866,6862.060352,1,0,1,0,0,0,0.013579382
7868,6862.093664,1,0,1,0,0,0,0.013514871
7870,6862.127008,1,0,1,0,0,0,0.013503015
7872,6862.16032,1,0,1,0,0,0,0.013554275
7874,6862.193664,1,0,1,0,0,0,0.013456985
7876,6862.227008,1,0,1,0,0,0,0.013460124
7878,6862.26032,1,0,1,0,0,0,0.013485928
7880,6862.293664,1,0,1,0,0,0,0.013569966
7882,6862.327008,1,0,1,0,0,0,0.013531957
7884,6862.36032,1,0,1,0,0,0,0.013598909
7886,6862.393664,1,0,1,0,0,0,0.013659236
7888,6862.426976,1,0,1,0,0,0,0.013586356
7890,6862.46032,1,0,1,0,0,0,0.013548347
7892,6862.493664,1,0,1,0,0,0,0.013591586
7894,6862.526976,1,0,1,0,0,0,0.013546603
7896,6862.56032,1,0,1,0,0,0,0.013580776
7898,6862.593632,1,0,1,0,0,0,0.013527424
7900,6862.626976,1,0,1,0,0,0,0.013535096
7902,6862.66032,1,0,1,0,0,0,0.013541024
7904,6862.693632,1,0,1,0,0,0,0.0135745
7906,6862.726976,1,0,1,0,0,0,0.013558459
7908,6862.76032,1,0,1,0,0,0,0.013565085
7910,6862.793632,1,0,1,0,0,0,0.013529168
7912,6862.826976,1,0,1,0,0,0,0.013515917
7914,6862.86032,1,0,1,0,0,0,0.013532306
7916,6862.893632,1,0,1,0,0,0,0.01355009
7918,6862.926976,1,0,1,0,0,0,0.013532306
7920,6862.960288,1,0,1,0,0,0,0.013590889
7922,6862.993632,1,0,1,0,0,0,0.01358252
7924,6863.026976,1,0,1,0,0,0,0.013650518
7926,6863.060288,1,0,1,0,0,0,0.013691317
7928,6863.093632,1,0,1,0,0,0,0.013564038
7930,6863.126976,1,0,1,0,0,0,0.013550788
7932,6863.160288,1,0,1,0,0,0,0.013547998
7934,6863.193632,1,0,1,0,0,0,0.013614601
7936,6863.226944,1,0,1,0,0,0,0.013558459
7938,6863.260288,1,0,1,0,0,0,0.013506153
7940,6863.2936,1,0,1,0,0,0,0.013497784
7942,6863.326944,1,0,1,0,0,0,0.013551485
7944,6863.360288,1,0,1,0,0,0,0.013544162
7946,6863.3936,1,0,1,0,0,0,0.013535444
7948,6863.426944,1,0,1,0,0,0,0.013541721
7950,6863.460288,1,0,1,0,0,0,0.013544162
7952,6863.4936,1,0,1,0,0,0,0.013536142
7954,6863.526944,1,0,1,0,0,0,0.013599258
7956,6863.560288,1,0,1,0,0,0,0.013592633
7958,6863.5936,1,0,1,0,0,0,0.013522542
7960,6863.626944,1,0,1,0,0,0,0.013510337
7962,6863.660256,1,0,1,0,0,0,0.013484533
7964,6863.6936,1,0,1,0,0,0,0.013443734
7966,6863.726944,1,0,1,0,0,0,0.013472677
7968,6863.760256,1,0,1,0,0,0,0.01347721
7970,6863.7936,1,0,1,0,0,0,0.013390382
7972,6863.826944,1,0,1,0,0,0,0.013321686
7974,6863.860256,1,0,1,0,0,0,0.013344353
7976,6863.8936,1,0,1,0,0,0,0.013358998
7978,6863.926944,1,0,1,0,0,0,0.013448965
7980,6863.960256,1,0,1,0,0,0,0.013352373
7982,6863.9936,1,0,1,0,0,0,0.013298672
7984,6864.026944,1,0,1,0,0,0,0.013361439
7986,6864.060256,1,0,1,0,0,0,0.0133991
7988,6864.0936,1,0,1,0,0,0,0.013461518
7990,6864.126912,1,0,1,0,0,0,0.013447221
7992,6864.160256,1,0,1,0,0,0,0.013437109
7994,6864.193568,1,0,1,0,0,0,0.013427345
7996,6864.226912,1,0,1,0,0,0,0.013493948
7998,6864.260256,1,0,1,0,0,0,0.013436063
8000,6864.293568,1,0,1,0,0,0,0.0133855
8002,6864.326912,1,0,1,0,0,0,0.013410956
8004,6864.360256,1,0,1,0,0,0,0.013370157
8006,6864.393568,1,0,1,0,0,0,0.013403633
8008,6864.426912,1,0,1,0,0,0,0.013406074
8010,6864.460256,1,0,1,0,0,0,0.013359696
8012,6864.493568,1,0,1,0,0,0,0.013341563
8014,6864.526912,1,0,1,0,0,0,0.013426299
8016,6864.560224,1,0,1,0,0,0,0.013400146
8018,6864.593568,1,0,1,0,0,0,0.013340168
8020,6864.626912,1,0,1,0,0,0,0.013286467
8022,6864.660224,1,0,1,0,0,0,0.013302856
8024,6864.693568,1,0,1,0,0,0,0.013330055
8026,6864.726912,1,0,1,0,0,0,0.013334589
8028,6864.760224,1,0,1,0,0,0,0.013246366
8030,6864.793568,1,0,1,0,0,0,0.013365275
8032,6864.82688,1,0,1,0,0,0,0.013404679
8034,6864.860224,1,0,1,0,0,0,0.013379921
8036,6864.893568,1,0,1,0,0,0,0.01329379
8038,6864.92688,1,0,1,0,0,0,0.01321812
8040,6864.960224,1,0,1,0,0,0,0.013322733
8042,6864.993568,1,0,1,0,0,0,0.0133855
8044,6865.02688,1,0,1,0,0,0,0.013334937
8046,6865.060224,1,0,1,0,0,0,0.013307389
8048,6865.093536,1,0,1,0,0,0,0.013338773
8050,6865.12688,1,0,1,0,0,0,0.013316805
8052,6865.160224,1,0,1,0,0,0,0.013291349
8054,6865.193536,1,0,1,0,0,0,0.013271473
8056,6865.22688,1,0,1,0,0,0,0.013263104
8058,6865.260224,1,0,1,0,0,0,0.013264847
8060,6865.293536,1,0,1,0,0,0,0.013294836
8062,6865.32688,1,0,1,0,0,0,0.013262057
8064,6865.360192,1,0,1,0,0,0,0.013243576
8066,6865.393536,1,0,1,0,0,0,0.013229279
8068,6865.42688,1,0,1,0,0,0,0.013268334
8070,6865.460192,1,0,1,0,0,0,0.013338773
8072,6865.493536,1,0,1,0,0,0,0.013332148
8074,6865.52688,1,0,1,0,0,0,0.013278098
8076,6865.560192,1,0,1,0,0,0,0.013285421
8078,6865.593536,1,0,1,0,0,0,0.013308436
8080,6865.626848,1,0,1,0,0,0,0.013321686
8082,6865.660192,1,0,1,0,0,0,0.013381664
8084,6865.693504,1,0,1,0,0,0,0.013352721
8086,6865.726848,1,0,1,0,0,0,0.013291349
8088,6865.760192,1,0,1,0,0,0,0.013290651
8090,6865.793504,1,0,1,0,0,0,0.013367716
8092,6865.826848,1,0,1,0,0,0,0.013412002
8094,6865.860192,1,0,1,0,0,0,0.013373993
8096,6865.893504,1,0,1,0,0,0,0.013303554
8098,6865.926848,1,0,1,0,0,0,0.013274611
8100,6865.960192,1,0,1,0,0,0,0.01327496
8102,6865.993504,1,0,1,0,0,0,0.01336109
8104,6866.026848,1,0,1,0,0,0,0.013349583
8106,6866.06016,1,0,1,0,0,0,0.013345399
8108,6866.093504,1,0,1,0,0,0,0.013303205
8110,6866.126848,1,0,1,0,0,0,0.013298323
8112,6866.16016,1,0,1,0,0,0,0.013350629
8114,6866.193504,1,0,1,0,0,0,0.013414791
8116,6866.226848,1,0,1,0,0,0,0.01335307
8118,6866.26016,1,0,1,0,0,0,0.013265893
8120,6866.293504,1,0,1,0,0,0,0.013296928
8122,6866.326816,1,0,1,0,0,0,0.01333424
8124,6866.36016,1,0,1,0,0,0,0.013301113
8126,6866.393504,1,0,1,0,0,0,0.013318548
8128,6866.426816,1,0,1,0,0,0,0.013279144
8130,6866.46016,1,0,1,0,0,0,0.013293092
8132,6866.493472,1,0,1,0,0,0,0.013362485
8134,6866.526816,1,0,1,0,0,0,0.013372249
8136,6866.56016,1,0,1,0,0,0,0.013382013
8138,6866.593472,1,0,1,0,0,0,0.013336681
8140,6866.626816,1,0,1,0,0,0,0.013302508
8142,6866.66016,1,0,1,0,0,0,0.013305995
8144,6866.693472,1,0,1,0,0,0,0.013363183
8146,6866.726816,1,0,1,0,0,0,0.013292046
8148,6866.76016,1,0,1,0,0,0,0.013252294
8150,6866.793472,1,0,1,0,0,0,0.013256478
8152,6866.826816,1,0,1,0,0,0,0.013277749
8154,6866.86016,1,0,1,0,0,0,0.013254386
8156,6866.893472,1,0,1,0,0,0,0.0133046
8158,6866.926816,1,0,1,0,0,0,0.013249853
8160,6866.960128,1,0,1,0,0,0,0.013174183
8162,6866.993472,1,0,1,0,0,0,0.013191967
8164,6867.026816,1,0,1,0,0,0,0.013182203
8166,6867.060128,1,0,1,0,0,0,0.013193362
8168,6867.093472,1,0,1,0,0,0,0.01316686
8170,6867.126816,1,0,1,0,0,0,0.013125015
8172,6867.160128,1,0,1,0,0,0,0.01315082
8174,6867.193472,1,0,1,0,0,0,0.013080729
8176,6867.226784,1,0,1,0,0,0,0.013090144
8178,6867.260128,1,0,1,0,0,0,0.01303749
8180,6867.293472,1,0,1,0,0,0,0.013103047
8182,6867.326784,1,0,1,0,0,0,0.013052135
8184,6867.360128,1,0,1,0,0,0,0.013053181
8186,6867.393472,1,0,1,0,0,0,0.013116995
8188,6867.426784,1,0,1,0,0,0,0.013146984
8190,6867.460128,1,0,1,0,0,0,0.013236253
8192,6867.493472,1,0,1,0,0,0,0.013317153
8194,6867.526784,1,0,1,0,0,0,0.013277401
8196,6867.560128,1,0,1,0,0,0,0.013379921
8198,6867.593472,1,0,1,0,0,0,0.0133991
8200,6867.626784,1,0,1,0,0,0,0.013349932
8202,6867.660128,1,0,1,0,0,0,0.013368413
8204,6867.693472,1,0,1,0,0,0,0.013395264
8206,6867.726784,1,0,1,0,0,0,0.013433622
8208,6867.760096,1,0,1,0,0,0,0.013402935
8210,6867.793472,1,0,1,0,0,0,0.013400146
8212,6867.826784,1,0,1,0,0,0,0.013437109
8214,6867.860096,1,0,1,0,0,0,0.013432576
8216,6867.893472,1,0,1,0,0,0,0.013462913
8218,6867.926784,1,0,1,0,0,0,0.013417232
8220,6867.960096,1,0,1,0,0,0,0.013439898
8222,6867.993472,1,0,1,0,0,0,0.013424207
8224,6868.026752,1,0,1,0,0,0,0.013440945
8226,6868.060096,1,0,1,0,0,0,0.013411304
8228,6868.093472,1,0,1,0,0,0,0.013411653
8230,6868.126752,1,0,1,0,0,0,0.013394566
8232,6868.160096,1,0,1,0,0,0,0.013442688
8234,6868.193472,1,0,1,0,0,0,0.013429437
8236,6868.226752,1,0,1,0,0,0,0.013445478
8238,6868.260096,1,0,1,0,0,0,0.013446524
8240,6868.293472,1,0,1,0,0,0,0.013426648
8242,6868.326752,1,0,1,0,0,0,0.013448267
8244,6868.360096,1,0,1,0,0,0,0.013412002
8246,6868.393408,1,0,1,0,0,0,0.013459077
8248,6868.426752,1,0,1,0,0,0,0.013418627
8250,6868.460064,1,0,1,0,0,0,0.013422812
8252,6868.493408,1,0,1,0,0,0,0.013441991
8254,6868.526752,1,0,1,0,0,0,0.013406771
8256,6868.560064,1,0,1,0,0,0,0.013468841
8258,6868.593408,1,0,1,0,0,0,0.013432227
8260,6868.626752,1,0,1,0,0,0,0.01344757
8262,6868.660064,1,0,1,0,0,0,0.013434668
8264,6868.693408,1,0,1,0,0,0,0.013429786
8266,6868.72672,1,0,1,0,0,0,0.013471631
8268,6868.760064,1,0,1,0,0,0,0.01348
8270,6868.793408,1,0,1,0,0,0,0.013440596
8272,6868.82672,1,0,1,0,0,0,0.013484184
8274,6868.860064,1,0,1,0,0,0,0.013473026
8276,6868.893408,1,0,1,0,0,0,0.013466749
8278,6868.92672,1,0,1,0,0,0,0.013445826
8280,6868.960064,1,0,1,0,0,0,0.013483836
8282,6868.993376,1,0,1,0,0,0,0.013406074
8284,6869.02672,1,0,1,0,0,0,0.013463262
8286,6869.060064,1,0,1,0,0,0,0.013453847
8288,6869.093376,1,0,1,0,0,0,0.013484533
8290,6869.12672,1,0,1,0,0,0,0.013469539
8292,6869.160064,1,0,1,0,0,0,0.013462913
8294,6869.193376,1,0,1,0,0,0,0.013476513
8296,6869.22672,1,0,1,0,0,0,0.013451406
8298,6869.260032,1,0,1,0,0,0,0.013465005
8300,6869.293376,1,0,1,0,0,0,0.013497435
8302,6869.32672,1,0,1,0,0,0,0.013451406
8304,6869.360032,1,0,1,0,0,0,0.013499528
8306,6869.393376,1,0,1,0,0,0,0.013430135
8308,6869.42672,1,0,1,0,0,0,0.013481743
8310,6869.460032,1,0,1,0,0,0,0.013496389
8312,6869.493376,1,0,1,0,0,0,0.013458031
8314,6869.52672,1,0,1,0,0,0,0.013466749
8316,6869.560032,1,0,1,0,0,0,0.013446524
8318,6869.593376,1,0,1,0,0,0,0.013439898
8320,6869.626688,1,0,1,0,0,0,0.013473723
8322,6869.660032,1,0,1,0,0,0,0.013437109
8324,6869.693376,1,0,1,0,0,0,0.01345036
8326,6869.726688,1,0,1,0,0,0,0.013453498
8328,6869.760032,1,0,1,0,0,0,0.013446873
8330,6869.793376,1,0,1,0,0,0,0.013499179
8332,6869.826688,1,0,1,0,0,0,0.013457683
8334,6869.860032,1,0,1,0,0,0,0.013508245
8336,6869.893344,1,0,1,0,0,0,0.013437109
8338,6869.926688,1,0,1,0,0,0,0.013468841
8340,6869.960032,1,0,1,0,0,0,0.013479651
8342,6869.993344,1,0,1,0,0,0,0.013467098
8344,6870.026688,1,0,1,0,0,0,0.013444083
8346,6870.060032,1,0,1,0,0,0,0.013461518
8348,6870.093344,1,0,1,0,0,0,0.013463959
8350,6870.126688,1,0,1,0,0,0,0.013451057
8352,6870.16,1,0,1,0,0,0,0.013441293
8354,6870.193344,1,0,1,0,0,0,0.013467446
8356,6870.226688,1,0,1,0,0,0,0.013407469
8358,6870.26,1,0,1,0,0,0,0.013456288
8360,6870.293344,1,0,1,0,0,0,0.013475815
8362,6870.326688,1,0,1,0,0,0,0.013478605
8364,6870.36,1,0,1,0,0,0,0.013438852
8366,6870.393344,1,0,1,0,0,0,0.013485928
8368,6870.426656,1,0,1,0,0,0,0.013466052
8370,6870.46,1,0,1,0,0,0,0.013432576
8372,6870.493344,1,0,1,0,0,0,0.01349081
8374,6870.526656,1,0,1,0,0,0,0.013455939
8376,6870.56,1,0,1,0,0,0,0.013456288
8378,6870.593344,1,0,1,0,0,0,0.01342874
8380,6870.626656,1,0,1,0,0,0,0.013402587
8382,6870.66,1,0,1,0,0,0,0.013423509
8384,6870.693312,1,0,1,0,0,0,0.013414791
8386,6870.726656,1,0,1,0,0,0,0.013399797
8388,6870.76,1,0,1,0,0,0,0.013451406
8390,6870.793312,1,0,1,0,0,0,0.013476861
8392,6870.826656,1,0,1,0,0,0,0.013499179
8394,6870.86,1,0,1,0,0,0,0.013421068
8396,6870.893312,1,0,1,0,0,0,0.013498133
8398,6870.926656,1,0,1,0,0,0,0.013477559
8400,6870.959968,1,0,1,0,0,0,0.013477908
8402,6870.993312,1,0,1,0,0,0,0.013463959
8404,6871.026656,1,0,1,0,0,0,0.013505804
8406,6871.059968,1,0,1,0,0,0,0.013481046
8408,6871.093312,1,0,1,0,0,0,0.013436063
8410,6871.126624,1,0,1,0,0,0,0.013471631
8412,6871.159968,1,0,1,0,0,0,0.013511732
8414,6871.193312,1,0,1,0,0,0,0.013467795
8416,6871.226624,1,0,1,0,0,0,0.013513825
8418,6871.259968,1,0,1,0,0,0,0.013486277
8420,6871.293312,1,0,1,0,0,0,0.013468144
8422,6871.326624,1,0,1,0,0,0,0.013499876
8424,6871.359968,1,0,1,0,0,0,0.01342072
8426,6871.39328,1,0,1,0,0,0,0.013496738
8428,6871.426624,1,0,1,0,0,0,0.013467795
8430,6871.459968,1,0,1,0,0,0,0.013462564
8432,6871.49328,1,0,1,0,0,0,0.013428391
8434,6871.526624,1,0,1,0,0,0,0.013418279
8436,6871.559968,1,0,1,0,0,0,0.013462913
8438,6871.59328,1,0,1,0,0,0,0.013422114
8440,6871.626624,1,0,1,0,0,0,0.013402238
8442,6871.659936,1,0,1,0,0,0,0.013457683
8444,6871.69328,1,0,1,0,0,0,0.013398751
8446,6871.726624,1,0,1,0,0,0,0.013438504
8448,6871.759936,1,0,1,0,0,0,0.013452452
8450,6871.79328,1,0,1,0,0,0,0.013453847
8452,6871.826624,1,0,1,0,0,0,0.013357255
8454,6871.859936,1,0,1,0,0,0,0.013434319
8456,6871.89328,1,0,1,0,0,0,0.013455242
8458,6871.926592,1,0,1,0,0,0,0.013423509
8460,6871.959936,1,0,1,0,0,0,0.01344478
8462,6871.99328,1,0,1,0,0,0,0.013448965
8464,6872.026592,1,0,1,0,0,0,0.013414791
8466,6872.059936,1,0,1,0,0,0,0.013478954
8468,6872.09328,1,0,1,0,0,0,0.013419673
8470,6872.126592,1,0,1,0,0,0,0.013454195
8472,6872.159936,1,0,1,0,0,0,0.013458729
8474,6872.19328,1,0,1,0,0,0,0.013479302
8476,6872.226592,1,0,1,0,0,0,0.01345036
8478,6872.259936,1,0,1,0,0,0,0.013452801
8480,6872.293248,1,0,1,0,0,0,0.013462913
8482,6872.326592,1,0,1,0,0,0,0.013455939
8484,6872.359936,1,0,1,0,0,0,0.013468144
8486,6872.393248,1,0,1,0,0,0,0.01346919
8488,6872.426592,1,0,1,0,0,0,0.013440945
8490,6872.459936,1,0,1,0,0,0,0.01348279
8492,6872.493248,1,0,1,0,0,0,0.013487671
8494,6872.526592,1,0,1,0,0,0,0.013483836
8496,6872.559904,1,0,1,0,0,0,0.013456985
8498,6872.593248,1,0,1,0,0,0,0.013481743
8500,6872.626592,1,0,1,0,0,0,0.0134664
8502,6872.659904,1,0,1,0,0,0,0.013429437
8504,6872.693248,1,0,1,0,0,0,0.013465005
8506,6872.726592,1,0,1,0,0,0,0.013483487
8508,6872.759904,1,0,1,0,0,0,0.013491507
8510,6872.793248,1,0,1,0,0,0,0.01347198
8512,6872.82656,1,0,1,0,0,0,0.01347198
8514,6872.859904,1,0,1,0,0,0,0.013500922
8516,6872.893248,1,0,1,0,0,0,0.013500922
8518,6872.92656,1,0,1,0,0,0,0.013495343
8520,6872.959904,1,0,1,0,0,0,0.013524286
8522,6872.993248,1,0,1,0,0,0,0.013471631
8524,6873.02656,1,0,1,0,0,0,0.013479651
8526,6873.059904,1,0,1,0,0,0,0.013467446
8528,6873.093216,1,0,1,0,0,0,0.013445478
8530,6873.12656,1,0,1,0,0,0,0.013469887
8532,6873.159904,1,0,1,0,0,0,0.013476164
8534,6873.193216,1,0,1,0,0,0,0.013432576
8536,6873.22656,1,0,1,0,0,0,0.013415489
8538,6873.259904,1,0,1,0,0,0,0.01342595
8540,6873.293216,1,0,1,0,0,0,0.013438155
8542,6873.32656,1,0,1,0,0,0,0.013438504
8544,6873.359872,1,0,1,0,0,0,0.013435017
8546,6873.393216,1,0,1,0,0,0,0.013374341
8548,6873.42656,1,0,1,0,0,0,0.013321686
8550,6873.459872,1,0,1,0,0,0,0.013347142
8552,6873.493216,1,0,1,0,0,0,0.013391079
8554,6873.52656,1,0,1,0,0,0,0.013401541
8556,6873.559872,1,0,1,0,0,0,0.01335307
8558,6873.593216,1,0,1,0,0,0,0.013386546
8560,6873.626528,1,0,1,0,0,0,0.013363183
8562,6873.659872,1,0,1,0,0,0,0.013390382
8564,6873.693216,1,0,1,0,0,0,0.0134664
8566,6873.726528,1,0,1,0,0,0,0.01340712
8568,6873.759872,1,0,1,0,0,0,0.013457334
8570,6873.793184,1,0,1,0,0,0,0.01341514
8572,6873.826528,1,0,1,0,0,0,0.013445129
8574,6873.859872,1,0,1,0,0,0,0.013440247
8576,6873.893184,1,0,1,0,0,0,0.013453847
8578,6873.926528,1,0,1,0,0,0,0.013434319
8580,6873.959872,1,0,1,0,0,0,0.013442688
8582,6873.993184,1,0,1,0,0,0,0.013431529
8584,6874.026528,1,0,1,0,0,0,0.013503015
8586,6874.05984,1,0,1,0,0,0,0.013493948
8588,6874.093184,1,0,1,0,0,0,0.013461867
8590,6874.126528,1,0,1,0,0,0,0.01345559
8592,6874.15984,1,0,1,0,0,0,0.013493599
8594,6874.193184,1,0,1,0,0,0,0.013478954
8596,6874.226528,1,0,1,0,0,0,0.013476513
8598,6874.25984,1,0,1,0,0,0,0.013459426
8600,6874.293184,1,0,1,0,0,0,0.013498133
8602,6874.326496,1,0,1,0,0,0,0.013443037
8604,6874.35984,1,0,1,0,0,0,0.013449662
8606,6874.393184,1,0,1,0,0,0,0.01341514
8608,6874.426496,1,0,1,0,0,0,0.013431529
8610,6874.45984,1,0,1,0,0,0,0.013447221
8612,6874.493184,1,0,1,0,0,0,0.013466052
8614,6874.526496,1,0,1,0,0,0,0.013437109
8616,6874.55984,1,0,1,0,0,0,0.013461867
8618,6874.593152,1,0,1,0,0,0,0.01345559
8620,6874.626496,1,0,1,0,0,0,0.013456288
8622,6874.65984,1,0,1,0,0,0,0.01341793
8624,6874.693152,1,0,1,0,0,0,0.01342874
8626,6874.726496,1,0,1,0,0,0,0.013456636
8628,6874.75984,1,0,1,0,0,0,0.013460821
8630,6874.793152,1,0,1,0,0,0,0.013455939
8632,6874.826496,1,0,1,0,0,0,0.013448965
8634,6874.85984,1,0,1,0,0,0,0.013452452
8636,6874.893152,1,0,1,0,0,0,0.013491507
8638,6874.926496,1,0,1,0,0,0,0.01345838
8640,6874.959808,1,0,1,0,0,0,0.013496389
8642,6874.993152,1,0,1,0,0,0,0.013454195
8644,6875.026496,1,0,1,0,0,0,0.013432924
8646,6875.059808,1,0,1,0,0,0,0.013467446
8648,6875.093152,1,0,1,0,0,0,0.013440945
8650,6875.126496,1,0,1,0,0,0,0.013462913
8652,6875.159808,1,0,1,0,0,0,0.013444083
8654,6875.193152,1,0,1,0,0,0,0.013438155
8656,6875.226464,1,0,1,0,0,0,0.013474421
8658,6875.259808,1,0,1,0,0,0,0.013489066
8660,6875.293152,1,0,1,0,0,0,0.013493251
8662,6875.326464,1,0,1,0,0,0,0.013453149
8664,6875.359808,1,0,1,0,0,0,0.01346919
8666,6875.393152,1,0,1,0,0,0,0.013463262
8668,6875.426464,1,0,1,0,0,0,0.013461518
8670,6875.459808,1,0,1,0,0,0,0.013431529
8672,6875.49312,1,0,1,0,0,0,0.01348
8674,6875.526464,1,0,1,0,0,0,0.013498133
8676,6875.559808,1,0,1,0,0,0,0.013490461
8678,6875.59312,1,0,1,0,0,0,0.013477559
8680,6875.626464,1,0,1,0,0,0,0.01342874
8682,6875.659808,1,0,1,0,0,0,0.013463611
8684,6875.69312,1,0,1,0,0,0,0.013508594
8686,6875.726464,1,0,1,0,0,0,0.013471631
8688,6875.759776,1,0,1,0,0,0,0.013457334
8690,6875.79312,1,0,1,0,0,0,0.013475118
8692,6875.826464,1,0,1,0,0,0,0.013499528
8694,6875.859776,1,0,1,0,0,0,0.013461518
8696,6875.89312,1,0,1,0,0,0,0.013462564
8698,6875.926464,1,0,1,0,0,0,0.013505456
8700,6875.959776,1,0,1,0,0,0,0.013431529
8702,6875.99312,1,0,1,0,0,0,0.013321338
8704,6876.026432,1,0,1,0,0,0,0.013349234
8706,6876.059776,1,0,1,0,0,0,0.013287862
8708,6876.09312,1,0,1,0,0,0,0.013278447
8710,6876.126432,1,0,1,0,0,0,0.013230325
8712,6876.159776,1,0,1,0,0,0,0.013226489
8714,6876.193088,1,0,1,0,0,0,0.013190224
8716,6876.226432,1,0,1,0,0,0,0.013193711
8718,6876.259776,1,0,1,0,0,0,0.013243576
8720,6876.293088,1,0,1,0,0,0,0.013247063
8722,6876.326432,1,0,1,0,0,0,0.013283677
8724,6876.359776,1,0,1,0,0,0,0.013338424
8726,6876.393088,1,0,1,0,0,0,0.013316805
8728,6876.426432,1,0,1,0,0,0,0.013383756
8730,6876.459744,1,0,1,0,0,0,0.013419673
8732,6876.493088,1,0,1,0,0,0,0.013375039
8734,6876.526432,1,0,1,0,0,0,0.013422812
8736,6876.559744,1,0,1,0,0,0,0.013433622
8738,6876.593088,1,0,1,0,0,0,0.013417232
8740,6876.626432,1,0,1,0,0,0,0.013429089
8742,6876.659744,1,0,1,0,0,0,0.013430483
8744,6876.693088,1,0,1,0,0,0,0.013404679
8746,6876.7264,1,0,1,0,0,0,0.013401192
8748,6876.759744,1,0,1,0,0,0,0.013414443
8750,6876.793088,1,0,1,0,0,0,0.01342874
8752,6876.8264,1,0,1,0,0,0,0.013424207
8754,6876.859744,1,0,1,0,0,0,0.013440945
8756,6876.893088,1,0,1,0,0,0,0.013443037
8758,6876.9264,1,0,1,0,0,0,0.013428391
8760,6876.959744,1,0,1,0,0,0,0.013406423
8762,6876.993056,1,0,1,0,0,0,0.013430832
8764,6877.0264,1,0,1,0,0,0,0.013427694
8766,6877.059744,1,0,1,0,0,0,0.013387592
8768,6877.093056,1,0,1,0,0,0,0.013422812
8770,6877.1264,1,0,1,0,0,0,0.01340991
8772,6877.159744,1,0,1,0,0,0,0.013419673
8774,6877.193056,1,0,1,0,0,0,0.013394566
8776,6877.2264,1,0,1,0,0,0,0.01340712
8778,6877.259712,1,0,1,0,0,0,0.013403284
8780,6877.293056,1,0,1,0,0,0,0.0133991
8782,6877.3264,1,0,1,0,0,0,0.013380269
8784,6877.359712,1,0,1,0,0,0,0.013402238
8786,6877.393056,1,0,1,0,0,0,0.013412002
8788,6877.4264,1,0,1,0,0,0,0.013409561
8790,6877.459712,1,0,1,0,0,0,0.013410258
8792,6877.493056,1,0,1,0,0,0,0.013399448
8794,6877.5264,1,0,1,0,0,0,0.013441642
8796,6877.559712,1,0,1,0,0,0,0.013420022
8798,6877.593056,1,0,1,0,0,0,0.013417232
8800,6877.626368,1,0,1,0,0,0,0.013411304
8802,6877.659712,1,0,1,0,0,0,0.013365275
8804,6877.693056,1,0,1,0,0,0,0.013424555
8806,6877.726368,1,0,1,0,0,0,0.01343676
8808,6877.759712,1,0,1,0,0,0,0.013451755
8810,6877.793056,1,0,1,0,0,0,0.01342595
8812,6877.826368,1,0,1,0,0,0,0.013448616
8814,6877.859712,1,0,1,0,0,0,0.013407469
8816,6877.893024,1,0,1,0,0,0,0.013389336
8818,6877.926368,1,0,1,0,0,0,0.013441642
8820,6877.959712,1,0,1,0,0,0,0.013426299
8822,6877.993024,1,0,1,0,0,0,0.013425601
8824,6878.026368,1,0,1,0,0,0,0.013432924
8826,6878.05968,1,0,1,0,0,0,0.013386895
8828,6878.093024,1,0,1,0,0,0,0.013440247
8830,6878.126368,1,0,1,0,0,0,0.013365275
8832,6878.15968,1,0,1,0,0,0,0.013456288
8834,6878.193024,1,0,1,0,0,0,0.01342316
8836,6878.226368,1,0,1,0,0,0,0.013504061
8838,6878.25968,1,0,1,0,0,0,0.013451057
8840,6878.293024,1,0,1,0,0,0,0.013407817
8842,6878.326368,1,0,1,0,0,0,0.013394218
8844,6878.35968,1,0,1,0,0,0,0.013430832
8846,6878.393024,1,0,1,0,0,0,0.013412351
8848,6878.426336,1,0,1,0,0,0,0.013383756
8850,6878.45968,1,0,1,0,0,0,0.013425601
8852,6878.493024,1,0,1,0,0,0,0.013423858
8854,6878.526336,1,0,1,0,0,0,0.013431181
8856,6878.55968,1,0,1,0,0,0,0.013432576
8858,6878.593024,1,0,1,0,0,0,0.013431878
8860,6878.626336,1,0,1,0,0,0,0.01339352
8862,6878.65968,1,0,1,0,0,0,0.013417232
8864,6878.692992,1,0,1,0,0,0,0.013391428
8866,6878.726336,1,0,1,0,0,0,0.013368762
8868,6878.75968,1,0,1,0,0,0,0.013367367
8870,6878.792992,1,0,1,0,0,0,0.013344353
8872,6878.826336,1,0,1,0,0,0,0.013345747
8874,6878.85968,1,0,1,0,0,0,0.013328661
8876,6878.892992,1,0,1,0,0,0,0.013357603
8878,6878.926336,1,0,1,0,0,0,0.013323779
8880,6878.959648,1,0,1,0,0,0,0.013334937
8882,6878.992992,1,0,1,0,0,0,0.013315758
8884,6879.026336,1,0,1,0,0,0,0.013318548
8886,6879.059648,1,0,1,0,0,0,0.013319943
8888,6879.092992,1,0,1,0,0,0,0.013287513
8890,6879.126304,1,0,1,0,0,0,0.013332845
8892,6879.159648,1,0,1,0,0,0,0.013297277
8894,6879.192992,1,0,1,0,0,0,0.013291
8896,6879.226304,1,0,1,0,0,0,0.013281236
8898,6879.259648,1,0,1,0,0,0,0.013309482
8900,6879.292992,1,0,1,0,0,0,0.013278098
8902,6879.326304,1,0,1,0,0,0,0.013295533
8904,6879.359648,1,0,1,0,0,0,0.013289605
8906,6879.39296,1,0,1,0,0,0,0.013293441
8908,6879.426304,1,0,1,0,0,0,0.013274611
8910,6879.459648,1,0,1,0,0,0,0.013297974
8912,6879.49296,1,0,1,0,0,0,0.013323779
8914,6879.526304,1,0,1,0,0,0,0.013252642
8916,6879.559648,1,0,1,0,0,0,0.013349932
8918,6879.59296,1,0,1,0,0,0,0.013316456
8920,6879.626304,1,0,1,0,0,0,0.013307389
8922,6879.659616,1,0,1,0,0,0,0.013334589
8924,6879.69296,1,0,1,0,0,0,0.013308436
8926,6879.726304,1,0,1,0,0,0,0.013308087
8928,6879.759616,1,0,1,0,0,0,0.013294487
8930,6879.79296,1,0,1,0,0,0,0.01325055
8932,6879.826304,1,0,1,0,0,0,0.013246714
8934,6879.859616,1,0,1,0,0,0,0.013262755
8936,6879.89296,1,0,1,0,0,0,0.013275308
8938,6879.926304,1,0,1,0,0,0,0.013275657
8940,6879.959616,1,0,1,0,0,0,0.01326938
8942,6879.99296,1,0,1,0,0,0,0.01331262
8944,6880.026272,1,0,1,0,0,0,0.013263452
8946,6880.059616,1,0,1,0,0,0,0.013317153
8948,6880.09296,1,0,1,0,0,0,0.013318199
8950,6880.126272,1,0,1,0,0,0,0.013348537
8952,6880.159616,1,0,1,0,0,0,0.013303554
8954,6880.19296,1,0,1,0,0,0,0.013319594
8956,6880.226272,1,0,1,0,0,0,0.013309482
8958,6880.259616,1,0,1,0,0,0,0.013344701
8960,6880.292928,1,0,1,0,0,0,0.013319246
8962,6880.326272,1,0,1,0,0,0,0.013304251
8964,6880.359616,1,0,1,0,0,0,0.013324127
8966,6880.392928,1,0,1,0,0,0,0.013285421
8968,6880.426272,1,0,1,0,0,0,0.013271821
8970,6880.459584,1,0,1,0,0,0,0.013264498
8972,6880.492928,1,0,1,0,0,0,0.013316107
8974,6880.526272,1,0,1,0,0,0,0.013237997
8976,6880.559584,1,0,1,0,0,0,0.013310528
8978,6880.592928,1,0,1,0,0,0,0.013322733
8980,6880.626272,1,0,1,0,0,0,0.013294836
8982,6880.659584,1,0,1,0,0,0,0.013280888
8984,6880.692928,1,0,1,0,0,0,0.01329379
8986,6880.726272,1,0,1,0,0,0,0.013277401
8988,6880.759584,1,0,1,0,0,0,0.013314015
8990,6880.792928,1,0,1,0,0,0,0.013306692
8992,6880.82624,1,0,1,0,0,0,0.013237997
8994,6880.859584,1,0,1,0,0,0,0.013271124
8996,6880.892928,1,0,1,0,0,0,0.013265545
8998,6880.92624,1,0,1,0,0,0,0.01327496
9000,6880.959584,1,0,1,0,0,0,0.013276703
9002,6880.992928,1,0,1,0,0,0,0.013285421
9004,6881.02624,1,0,1,0,0,0,0.013260314
9006,6881.059584,1,0,1,0,0,0,0.013306343
9008,6881.092896,1,0,1,0,0,0,0.013287513
9010,6881.12624,1,0,1,0,0,0,0.013287513
9012,6881.159552,1,0,1,0,0,0,0.013291698
9014,6881.192896,1,0,1,0,0,0,0.013292744
9016,6881.22624,1,0,1,0,0,0,0.013298323
9018,6881.259552,1,0,1,0,0,0,0.01328298
9020,6881.292896,1,0,1,0,0,0,0.013240089
9022,6881.32624,1,0,1,0,0,0,0.013287164
9024,6881.359552,1,0,1,0,0,0,0.013308087
9026,6881.392896,1,0,1,0,0,0,0.013267637
9028,6881.42624,1,0,1,0,0,0,0.013281236
9030,6881.459552,1,0,1,0,0,0,0.013310877
9032,6881.492896,1,0,1,0,0,0,0.013309482
9034,6881.526208,1,0,1,0,0,0,0.013316107
9036,6881.559552,1,0,1,0,0,0,0.013329009
9038,6881.592896,1,0,1,0,0,0,0.013322733
9040,6881.626208,1,0,1,0,0,0,0.013339819
9042,6881.659552,1,0,1,0,0,0,0.013339122
9044,6881.692896,1,0,1,0,0,0,0.013378875
9046,6881.726208,1,0,1,0,0,0,0.01333424
9048,6881.759552,1,0,1,0,0,0,0.013341563
9050,6881.792864,1,0,1,0,0,0,0.013296928
9052,6881.826208,1,0,1,0,0,0,0.013323081
9054,6881.859552,1,0,1,0,0,0,0.013295185
9056,6881.892864,1,0,1,0,0,0,0.013281934
9058,6881.926208,1,0,1,0,0,0,0.013306692
9060,6881.959552,1,0,1,0,0,0,0.013279144
9062,6881.992864,1,0,1,0,0,0,0.013241135
9064,6882.026208,1,0,1,0,0,0,0.013232766
9066,6882.05952,1,0,1,0,0,0,0.013220213
9068,6882.092864,1,0,1,0,0,0,0.013218469
9070,6882.126208,1,0,1,0,0,0,0.013244273
9072,6882.15952,1,0,1,0,0,0,0.013232069
9074,6882.192864,1,0,1,0,0,0,0.013248458
9076,6882.226208,1,0,1,0,0,0,0.013200685
9078,6882.25952,1,0,1,0,0,0,0.013230674
9080,6882.292864,1,0,1,0,0,0,0.013202777
9082,6882.326208,1,0,1,0,0,0,0.013177321
9084,6882.35952,1,0,1,0,0,0,0.013195454
9086,6882.392864,1,0,1,0,0,0,0.013152912
9088,6882.426176,1,0,1,0,0,0,0.013186737
9090,6882.45952,1,0,1,0,0,0,0.013188829
9092,6882.492864,1,0,1,0,0,0,0.013177321
9094,6882.526176,1,0,1,0,0,0,0.013202777
9096,6882.55952,1,0,1,0,0,0,0.013157794
9098,6882.592864,1,0,1,0,0,0,0.013198593
9100,6882.626176,1,0,1,0,0,0,0.01314803
9102,6882.65952,1,0,1,0,0,0,0.013182901
9104,6882.692832,1,0,1,0,0,0,0.013240438
9106,6882.726176,1,0,1,0,0,0,0.013227187
9108,6882.75952,1,0,1,0,0,0,0.013221956
9110,6882.792832,1,0,1,0,0,0,0.013238345
9112,6882.826176,1,0,1,0,0,0,0.013205915
9114,6882.85952,1,0,1,0,0,0,0.013237299
9116,6882.892832,1,0,1,0,0,0,0.013221259
9118,6882.926176,1,0,1,0,0,0,0.013213238
9120,6882.959488,1,0,1,0,0,0,0.013245668
9122,6882.992832,1,0,1,0,0,0,0.013227187
9124,6883.026176,1,0,1,0,0,0,0.013231022
9126,6883.059488,1,0,1,0,0,0,0.013248458
9128,6883.092832,1,0,1,0,0,0,0.01324776
9130,6883.126176,1,0,1,0,0,0,0.013232417
9132,6883.159488,1,0,1,0,0,0,0.013206264
9134,6883.192832,1,0,1,0,0,0,0.013255083
9136,6883.226144,1,0,1,0,0,0,0.013235556
9138,6883.259488,1,0,1,0,0,0,0.013258919
9140,6883.292832,1,0,1,0,0,0,0.013256129
9142,6883.326144,1,0,1,0,0,0,0.01322091
9144,6883.359488,1,0,1,0,0,0,0.013300764
9146,6883.392832,1,0,1,0,0,0,0.013307389
9148,6883.426144,1,0,1,0,0,0,0.013291698
9150,6883.459488,1,0,1,0,0,0,0.013302508
9152,6883.4928,1,0,1,0,0,0,0.01332343
9154,6883.526144,1,0,1,0,0,0,0.013319246
9156,6883.559488,1,0,1,0,0,0,0.013310528
9158,6883.5928,1,0,1,0,0,0,0.013307041
9160,6883.626144,1,0,1,0,0,0,0.013212541
9162,6883.659488,1,0,1,0,0,0,0.013193013
9164,6883.6928,1,0,1,0,0,0,0.01318569
9166,6883.726144,1,0,1,0,0,0,0.013204521
9168,6883.759488,1,0,1,0,0,0,0.013212192
9170,6883.7928,1,0,1,0,0,0,0.013212541
9172,6883.826144,1,0,1,0,0,0,0.013257873
9174,6883.859488,1,0,1,0,0,0,0.013193362
9176,6883.8928,1,0,1,0,0,0,0.013173834
9178,6883.926112,1,0,1,0,0,0,0.013210449
9180,6883.959488,1,0,1,0,0,0,0.013182552
9182,6883.9928,1,0,1,0,0,0,0.013163722
9184,6884.026112,1,0,1,0,0,0,0.013187085
9186,6884.059488,1,0,1,0,0,0,0.013226489
9188,6884.0928,1,0,1,0,0,0,0.013162676
9190,6884.126112,1,0,1,0,0,0,0.013170347
9192,6884.159488,1,0,1,0,0,0,0.013206613
9194,6884.192768,1,0,1,0,0,0,0.013169301
9196,6884.226112,1,0,1,0,0,0,0.013161978
9198,6884.259488,1,0,1,0,0,0,0.013147333
9200,6884.292768,1,0,1,0,0,0,0.013175229
9202,6884.326112,1,0,1,0,0,0,0.01322893
9204,6884.359488,1,0,1,0,0,0,0.013194408
9206,6884.392768,1,0,1,0,0,0,0.01318046
9208,6884.426112,1,0,1,0,0,0,0.013226838
9210,6884.459488,1,0,1,0,0,0,0.013222305
9212,6884.492768,1,0,1,0,0,0,0.013214284
9214,6884.526112,1,0,1,0,0,0,0.013322035
9216,6884.559488,1,0,1,0,0,0,0.013284026
9218,6884.592768,1,0,1,0,0,0,0.0132237
9220,6884.626112,1,0,1,0,0,0,0.013240438
9222,6884.659488,1,0,1,0,0,0,0.013217772
9224,6884.692768,1,0,1,0,0,0,0.01318848
9226,6884.72608,1,0,1,0,0,0,0.013187085
9228,6884.759488,1,0,1,0,0,0,0.013165117
9230,6884.792768,1,0,1,0,0,0,0.013223002
9232,6884.82608,1,0,1,0,0,0,0.013186388
9234,6884.859488,1,0,1,0,0,0,0.013201382
9236,6884.892768,1,0,1,0,0,0,0.013217772
9238,6884.92608,1,0,1,0,0,0,0.013224048
9240,6884.959488,1,0,1,0,0,0,0.013220561
9242,6884.992768,1,0,1,0,0,0,0.01320731
9244,6885.02608,1,0,1,0,0,0,0.01327496
9246,6885.059424,1,0,1,0,0,0,0.013203126
9248,6885.092736,1,0,1,0,0,0,0.013195803
9250,6885.12608,1,0,1,0,0,0,0.013209403
9252,6885.159424,1,0,1,0,0,0,0.013215679
9254,6885.192736,1,0,1,0,0,0,0.013195803
9256,6885.22608,1,0,1,0,0,0,0.013218469
9258,6885.259424,1,0,1,0,0,0,0.013215331
9260,6885.292736,1,0,1,0,0,0,0.013194059
9262,6885.32608,1,0,1,0,0,0,0.013264847
9264,6885.359392,1,0,1,0,0,0,0.013211844
9266,6885.392736,1,0,1,0,0,0,0.013200336
9268,6885.42608,1,0,1,0,0,0,0.013182203
9270,6885.459392,1,0,1,0,0,0,0.013246366
9272,6885.492736,1,0,1,0,0,0,0.013260663
9274,6885.52608,1,0,1,0,0,0,0.013246017
9276,6885.559392,1,0,1,0,0,0,0.013247412
9278,6885.592736,1,0,1,0,0,0,0.013240786
9280,6885.626048,1,0,1,0,0,0,0.013242879
9282,6885.659392,1,0,1,0,0,0,0.013234858
9284,6885.692736,1,0,1,0,0,0,0.013205915
9286,6885.726048,1,0,1,0,0,0,0.013183598
9288,6885.759392,1,0,1,0,0,0,0.013197546
9290,6885.792736,1,0,1,0,0,0,0.013192665
9292,6885.826048,1,0,1,0,0,0,0.0132101
9294,6885.859392,1,0,1,0,0,0,0.013197895
9296,6885.892704,1,0,1,0,0,0,0.013193711
9298,6885.926048,1,0,1,0,0,0,0.013208356
9300,6885.959392,1,0,1,0,0,0,0.013156399
9302,6885.992704,1,0,1,0,0,0,0.013133384
9304,6886.026048,1,0,1,0,0,0,0.013121179
9306,6886.059392,1,0,1,0,0,0,0.013168952
9308,6886.092704,1,0,1,0,0,0,0.013144543
9310,6886.126048,1,0,1,0,0,0,0.013129897
9312,6886.15936,1,0,1,0,0,0,0.01316163
9314,6886.192704,1,0,1,0,0,0,0.013160235
9316,6886.226048,1,0,1,0,0,0,0.013216028
9318,6886.25936,1,0,1,0,0,0,0.013216377
9320,6886.292704,1,0,1,0,0,0,0.013173137
9322,6886.326016,1,0,1,0,0,0,0.013213936
9324,6886.35936,1,0,1,0,0,0,0.013208008
9326,6886.392704,1,0,1,0,0,0,0.013209054
9328,6886.426016,1,0,1,0,0,0,0.013212541
9330,6886.45936,1,0,1,0,0,0,0.013128851
9332,6886.492704,1,0,1,0,0,0,0.013142451
9334,6886.526016,1,0,1,0,0,0,0.013171045
9336,6886.55936,1,0,1,0,0,0,0.01315605
9338,6886.592672,1,0,1,0,0,0,0.013189178
9340,6886.626016,1,0,1,0,0,0,0.01314001
9342,6886.65936,1,0,1,0,0,0,0.013193013
9344,6886.692672,1,0,1,0,0,0,0.013178368
9346,6886.726016,1,0,1,0,0,0,0.013205915
9348,6886.75936,1,0,1,0,0,0,0.013216377
9350,6886.792672,1,0,1,0,0,0,0.013179414
9352,6886.826016,1,0,1,0,0,0,0.013183598
9354,6886.859328,1,0,1,0,0,0,0.013176973
9356,6886.892672,1,0,1,0,0,0,0.013183598
9358,6886.926016,1,0,1,0,0,0,0.013173834
9360,6886.959328,1,0,1,0,0,0,0.013166511
9362,6886.992672,1,0,1,0,0,0,0.013197546
9364,6887.026016,1,0,1,0,0,0,0.013198244
9366,6887.059328,1,0,1,0,0,0,0.013191618
9368,6887.092672,1,0,1,0,0,0,0.013193711
9370,6887.125984,1,0,1,0,0,0,0.013168604
9372,6887.159328,1,0,1,0,0,0,0.013204521
9374,6887.192672,1,0,1,0,0,0,0.013167558
9376,6887.225984,1,0,1,0,0,0,0.013175578
9378,6887.259328,1,0,1,0,0,0,0.013203475
9380,6887.292672,1,0,1,0,0,0,0.013150471
9382,6887.325984,1,0,1,0,0,0,0.013167209
9384,6887.359328,1,0,1,0,0,0,0.013139312
9386,6887.39264,1,0,1,0,0,0,0.013182901
9388,6887.425984,1,0,1,0,0,0,0.013181855
9390,6887.459328,1,0,1,0,0,0,0.013176624
9392,6887.49264,1,0,1,0,0,0,0.013164768
9394,6887.525984,1,0,1,0,0,0,0.013141405
9396,6887.559328,1,0,1,0,0,0,0.013196849
9398,6887.59264,1,0,1,0,0,0,0.013132338
9400,6887.625984,1,0,1,0,0,0,0.013179414
9402,6887.659328,1,0,1,0,0,0,0.013193013
9404,6887.69264,1,0,1,0,0,0,0.013168604
9406,6887.725984,1,0,1,0,0,0,0.01314803
9408,6887.759296,1,0,1,0,0,0,0.013166511
9410,6887.79264,1,0,1,0,0,0,0.013125015
9412,6887.825984,1,0,1,0,0,0,0.013146286
9414,6887.859296,1,0,1,0,0,0,0.013130246
9416,6887.89264,1,0,1,0,0,0,0.013121877
9418,6887.925984,1,0,1,0,0,0,0.013100606
9420,6887.959296,1,0,1,0,0,0,0.013080381
9422,6887.99264,1,0,1,0,0,0,0.013074453
9424,6888.025952,1,0,1,0,0,0,0.013182203
9426,6888.059296,1,0,1,0,0,0,0.013155353
9428,6888.09264,1,0,1,0,0,0,0.013147333
9430,6888.125952,1,0,1,0,0,0,0.013167558
9432,6888.159296,1,0,1,0,0,0,0.013157445
9434,6888.19264,1,0,1,0,0,0,0.01311839
9436,6888.225952,1,0,1,0,0,0,0.0131156
9438,6888.259296,1,0,1,0,0,0,0.013194757
9440,6888.292608,1,0,1,0,0,0,0.013183249
9442,6888.325952,1,0,1,0,0,0,0.013153609
9444,6888.359296,1,0,1,0,0,0,0.013167906
9446,6888.392608,1,0,1,0,0,0,0.013144194
9448,6888.425952,1,0,1,0,0,0,0.013173137
9450,6888.459296,1,0,1,0,0,0,0.01315082
9452,6888.492608,1,0,1,0,0,0,0.013128502
9454,6888.525952,1,0,1,0,0,0,0.013113857
9456,6888.559264,1,0,1,0,0,0,0.013086309
9458,6888.592608,1,0,1,0,0,0,0.013103395
9460,6888.625952,1,0,1,0,0,0,0.013107231
9462,6888.659264,1,0,1,0,0,0,0.013084216
9464,6888.692608,1,0,1,0,0,0,0.013106882
9466,6888.725952,1,0,1,0,0,0,0.013114554
9468,6888.759264,1,0,1,0,0,0,0.013091539
9470,6888.792608,1,0,1,0,0,0,0.013111416
9472,6888.825952,1,0,1,0,0,0,0.013115949
9474,6888.859264,1,0,1,0,0,0,0.013108277
9476,6888.892608,1,0,1,0,0,0,0.013073058
9478,6888.92592,1,0,1,0,0,0,0.013136871
9480,6888.959264,1,0,1,0,0,0,0.013138266
9482,6888.992608,1,0,1,0,0,0,0.01312641
9484,6889.02592,1,0,1,0,0,0,0.013132338
9486,6889.059264,1,0,1,0,0,0,0.013123272
9488,6889.092576,1,0,1,0,0,0,0.013102349
9490,6889.12592,1,0,1,0,0,0,0.013117344
9492,6889.159264,1,0,1,0,0,0,0.013100257
9494,6889.192576,1,0,1,0,0,0,0.013123272
9496,6889.22592,1,0,1,0,0,0,0.013110021
9498,6889.259232,1,0,1,0,0,0,0.013131641
9500,6889.292576,1,0,1,0,0,0,0.013157096
9502,6889.32592,1,0,1,0,0,0,0.013147681
9504,6889.359232,1,0,1,0,0,0,0.013111764
9506,6889.392576,1,0,1,0,0,0,0.013135476
9508,6889.42592,1,0,1,0,0,0,0.013146984
9510,6889.459232,1,0,1,0,0,0,0.013142799
9512,6889.492576,1,0,1,0,0,0,0.013144892
9514,6889.525888,1,0,1,0,0,0,0.013163373
9516,6889.559232,1,0,1,0,0,0,0.013171045
9518,6889.592576,1,0,1,0,0,0,0.013126061
9520,6889.625888,1,0,1,0,0,0,0.013164071
9522,6889.659232,1,0,1,0,0,0,0.013110021
9524,6889.692576,1,0,1,0,0,0,0.013105488
9526,6889.725888,1,0,1,0,0,0,0.013116298
9528,6889.759232,1,0,1,0,0,0,0.01307794
9530,6889.792544,1,0,1,0,0,0,0.013108277
9532,6889.825888,1,0,1,0,0,0,0.013110718
9534,6889.859232,1,0,1,0,0,0,0.01313722
9536,6889.892544,1,0,1,0,0,0,0.013116646
9538,6889.925888,1,0,1,0,0,0,0.013132338
9540,6889.959232,1,0,1,0,0,0,0.013108626
9542,6889.992544,1,0,1,0,0,0,0.01313722
9544,6890.025888,1,0,1,0,0,0,0.013126759
9546,6890.0592,1,0,1,0,0,0,0.013141056
9548,6890.092544,1,0,1,0,0,0,0.013143148
9550,6890.125888,1,0,1,0,0,0,0.01315884
9552,6890.1592,1,0,1,0,0,0,0.013139661
9554,6890.192544,1,0,1,0,0,0,0.013152563
9556,6890.225888,1,0,1,0,0,0,0.013152214
9558,6890.2592,1,0,1,0,0,0,0.013132338
9560,6890.292544,1,0,1,0,0,0,0.013158143
9562,6890.325888,1,0,1,0,0,0,0.013168952
9564,6890.3592,1,0,1,0,0,0,0.013169999
9566,6890.392544,1,0,1,0,0,0,0.013138615
9568,6890.425856,1,0,1,0,0,0,0.013118041
9570,6890.4592,1,0,1,0,0,0,0.013175578
9572,6890.492544,1,0,1,0,0,0,0.013194059
9574,6890.525856,1,0,1,0,0,0,0.013179414
9576,6890.5592,1,0,1,0,0,0,0.013183947
9578,6890.592544,1,0,1,0,0,0,0.013206264
9580,6890.625856,1,0,1,0,0,0,0.013214982
9582,6890.6592,1,0,1,0,0,0,0.013195454
9584,6890.692512,1,0,1,0,0,0,0.013190572
9586,6890.725856,1,0,1,0,0,0,0.013199639
9588,6890.7592,1,0,1,0,0,0,0.013229976
9590,6890.792512,1,0,1,0,0,0,0.013197895
9592,6890.825856,1,0,1,0,0,0,0.013171045
9594,6890.8592,1,0,1,0,0,0,0.013227884
9596,6890.892512,1,0,1,0,0,0,0.013198593
9598,6890.925856,1,0,1,0,0,0,0.013146286
9600,6890.959168,1,0,1,0,0,0,0.013162327
9602,6890.992512,1,0,1,0,0,0,0.013147333
9604,6891.025856,1,0,1,0,0,0,0.013194408
9606,6891.059168,1,0,1,0,0,0,0.013158491
9608,6891.092512,1,0,1,0,0,0,0.013142451
9610,6891.125856,1,0,1,0,0,0,0.01315082
9612,6891.159168,1,0,1,0,0,0,0.013074453
9614,6891.192512,1,0,1,0,0,0,0.013127805
9616,6891.225824,1,0,1,0,0,0,0.013161978
9618,6891.259168,1,0,1,0,0,0,0.013118739
9620,6891.292512,1,0,1,0,0,0,0.013105836
9622,6891.325824,1,0,1,0,0,0,0.013081078
9624,6891.359168,1,0,1,0,0,0,0.013078637
9626,6891.392512,1,0,1,0,0,0,0.013105488
9628,6891.425824,1,0,1,0,0,0,0.013120482
9630,6891.459168,1,0,1,0,0,0,0.013092934
9632,6891.49248,1,0,1,0,0,0,0.013078288
9634,6891.525824,1,0,1,0,0,0,0.013021798
9636,6891.559168,1,0,1,0,0,0,0.013078986
9638,6891.59248,1,0,1,0,0,0,0.01305074
9640,6891.625824,1,0,1,0,0,0,0.013070617
9642,6891.659136,1,0,1,0,0,0,0.013100606
9644,6891.69248,1,0,1,0,0,0,0.013112113
9646,6891.725824,1,0,1,0,0,0,0.013128154
9648,6891.759136,1,0,1,0,0,0,0.013151866
9650,6891.79248,1,0,1,0,0,0,0.013098862
9652,6891.825824,1,0,1,0,0,0,0.013159537
9654,6891.859136,1,0,1,0,0,0,0.013184296
9656,6891.89248,1,0,1,0,0,0,0.013206264
9658,6891.925792,1,0,1,0,0,0,0.013245319
9660,6891.959136,1,0,1,0,0,0,0.013225792
9662,6891.99248,1,0,1,0,0,0,0.013218469
9664,6892.025792,1,0,1,0,0,0,0.013184644
9666,6892.059136,1,0,1,0,0,0,0.013188829
9668,6892.09248,1,0,1,0,0,0,0.013188131
9670,6892.125792,1,0,1,0,0,0,0.013188131
9672,6892.159136,1,0,1,0,0,0,0.013179762
9674,6892.192448,1,0,1,0,0,0,0.013206613
9676,6892.225792,1,0,1,0,0,0,0.013200685
9678,6892.259136,1,0,1,0,0,0,0.013233812
9680,6892.292448,1,0,1,0,0,0,0.013220213
9682,6892.325792,1,0,1,0,0,0,0.013269032
9684,6892.359136,1,0,1,0,0,0,0.013273565
9686,6892.392448,1,0,1,0,0,0,0.013235556
9688,6892.425792,1,0,1,0,0,0,0.013226141
9690,6892.459104,1,0,1,0,0,0,0.013180809
9692,6892.492448,1,0,1,0,0,0,0.013171393
9694,6892.525792,1,0,1,0,0,0,0.013186039
9696,6892.559104,1,0,1,0,0,0,0.013194757
9698,6892.592448,1,0,1,0,0,0,0.013209054
9700,6892.625792,1,0,1,0,0,0,0.013176275
9702,6892.659104,1,0,1,0,0,0,0.013213936
9704,6892.692448,1,0,1,0,0,0,0.013193362
9706,6892.72576,1,0,1,0,0,0,0.013218469
9708,6892.759104,1,0,1,0,0,0,0.013216725
9710,6892.792448,1,0,1,0,0,0,0.013236602
9712,6892.82576,1,0,1,0,0,0,0.013235904
9714,6892.859104,1,0,1,0,0,0,0.013234161
9716,6892.892448,1,0,1,0,0,0,0.013205567
9718,6892.92576,1,0,1,0,0,0,0.013220561
9720,6892.959104,1,0,1,0,0,0,0.013215331
9722,6892.992448,1,0,1,0,0,0,0.013208705
9724,6893.02576,1,0,1,0,0,0,0.013190921
9726,6893.059104,1,0,1,0,0,0,0.01320208
9728,6893.092416,1,0,1,0,0,0,0.013249853
9730,6893.12576,1,0,1,0,0,0,0.01320208
9732,6893.159104,1,0,1,0,0,0,0.01317244
9734,6893.192416,1,0,1,0,0,0,0.013209403
9736,6893.22576,1,0,1,0,0,0,0.013178716
9738,6893.259104,1,0,1,0,0,0,0.013165117
9740,6893.292416,1,0,1,0,0,0,0.013186737
9742,6893.32576,1,0,1,0,0,0,0.013184993
9744,6893.359072,1,0,1,0,0,0,0.013201731
9746,6893.392416,1,0,1,0,0,0,0.013182203
9748,6893.42576,1,0,1,0,0,0,0.013170696
9750,6893.459072,1,0,1,0,0,0,0.013183947
9752,6893.492416,1,0,1,0,0,0,0.013207659
9754,6893.52576,1,0,1,0,0,0,0.013217772
9756,6893.559072,1,0,1,0,0,0,0.013192316
9758,6893.592416,1,0,1,0,0,0,0.013208705
9760,6893.625728,1,0,1,0,0,0,0.013255083
9762,6893.659072,1,0,1,0,0,0,0.013225792
9764,6893.692416,1,0,1,0,0,0,0.013198244
9766,6893.725728,1,0,1,0,0,0,0.013228233
9768,6893.759072,1,0,1,0,0,0,0.013251945
9770,6893.792416,1,0,1,0,0,0,0.013230325
9772,6893.825728,1,0,1,0,0,0,0.013197895
9774,6893.859072,1,0,1,0,0,0,0.013214982
9776,6893.892384,1,0,1,0,0,0,0.01318569
9778,6893.925728,1,0,1,0,0,0,0.01317488
9780,6893.959072,1,0,1,0,0,0,0.013198244
9782,6893.992384,1,0,1,0,0,0,0.013173137
9784,6894.025728,1,0,1,0,0,0,0.013187434
9786,6894.059072,1,0,1,0,0,0,0.013173834
9788,6894.092384,1,0,1,0,0,0,0.013112462
9790,6894.125728,1,0,1,0,0,0,0.013133384
9792,6894.15904,1,0,1,0,0,0,0.013170696
9794,6894.192384,1,0,1,0,0,0,0.013083868
9796,6894.225728,1,0,1,0,0,0,0.013148379
9798,6894.25904,1,0,1,0,0,0,0.013076196
9800,6894.292384,1,0,1,0,0,0,0.013082822
9802,6894.325728,1,0,1,0,0,0,0.013143845
9804,6894.35904,1,0,1,0,0,0,0.013126759
9806,6894.392384,1,0,1,0,0,0,0.013175578
9808,6894.425696,1,0,1,0,0,0,0.01316686
9810,6894.45904,1,0,1,0,0,0,0.013176624
9812,6894.492384,1,0,1,0,0,0,0.013143497
9814,6894.525696,1,0,1,0,0,0,0.013098862
9816,6894.55904,1,0,1,0,0,0,0.013103744
9818,6894.592352,1,0,1,0,0,0,0.013120831
9820,6894.625696,1,0,1,0,0,0,0.013128154
9822,6894.65904,1,0,1,0,0,0,0.013103744
9824,6894.692352,1,0,1,0,0,0,0.013066781
9826,6894.725696,1,0,1,0,0,0,0.013110718
9828,6894.75904,1,0,1,0,0,0,0.013173137
9830,6894.792352,1,0,1,0,0,0,0.013137917
9832,6894.825696,1,0,1,0,0,0,0.0131292
9834,6894.859008,1,0,1,0,0,0,0.01312641
9836,6894.892352,1,0,1,0,0,0,0.013080729
9838,6894.925696,1,0,1,0,0,0,0.01309677
9840,6894.959008,1,0,1,0,0,0,0.013031213
9842,6894.992352,1,0,1,0,0,0,0.013104441
9844,6895.025696,1,0,1,0,0,0,0.01309398
9846,6895.059008,1,0,1,0,0,0,0.013070966
9848,6895.092352,1,0,1,0,0,0,0.013094329
9850,6895.125664,1,0,1,0,0,0,0.013079335
9852,6895.159008,1,0,1,0,0,0,0.013069571
9854,6895.192352,1,0,1,0,0,0,0.013091191
9856,6895.225664,1,0,1,0,0,0,0.013054925
9858,6895.259008,1,0,1,0,0,0,0.013073755
9860,6895.292352,1,0,1,0,0,0,0.013098862
9862,6895.325664,1,0,1,0,0,0,0.013162676
9864,6895.359008,1,0,1,0,0,0,0.01311839
9866,6895.39232,1,0,1,0,0,0,0.01309956
9868,6895.425664,1,0,1,0,0,0,0.013116646
9870,6895.459008,1,0,1,0,0,0,0.013095724
9872,6895.49232,1,0,1,0,0,0,0.013133733
9874,6895.525664,1,0,1,0,0,0,0.013121528
9876,6895.559008,1,0,1,0,0,0,0.013111764
9878,6895.59232,1,0,1,0,0,0,0.01316965
9880,6895.625664,1,0,1,0,0,0,0.013100257
9882,6895.659008,1,0,1,0,0,0,0.013168952
9884,6895.69232,1,0,1,0,0,0,0.013140358
9886,6895.725664,1,0,1,0,0,0,0.013141753
9888,6895.758976,1,0,1,0,0,0,0.013107231
9890,6895.79232,1,0,1,0,0,0,0.01309677
9892,6895.825664,1,0,1,0,0,0,0.013125713
9894,6895.858976,1,0,1,0,0,0,0.013096421
9896,6895.89232,1,0,1,0,0,0,0.013112113
9898,6895.925632,1,0,1,0,0,0,0.013071314
9900,6895.958976,1,0,1,0,0,0,0.013152214
9902,6895.99232,1,0,1,0,0,0,0.013124667
9904,6896.025632,1,0,1,0,0,0,0.013123969
9906,6896.058976,1,0,1,0,0,0,0.01312641
9908,6896.09232,1,0,1,0,0,0,0.013094678
9910,6896.125632,1,0,1,0,0,0,0.013163722
9912,6896.158976,1,0,1,0,0,0,0.013133036
9914,6896.19232,1,0,1,0,0,0,0.013146984
9916,6896.225632,1,0,1,0,0,0,0.013175229
9918,6896.258976,1,0,1,0,0,0,0.013164071
9920,6896.292288,1,0,1,0,0,0,0.013101652
9922,6896.325632,1,0,1,0,0,0,0.013131989
9924,6896.358976,1,0,1,0,0,0,0.013123969
9926,6896.392288,1,0,1,0,0,0,0.013081078
9928,6896.425632,1,0,1,0,0,0,0.013108975
9930,6896.458976,1,0,1,0,0,0,0.013121528
9932,6896.492288,1,0,1,0,0,0,0.013120133
9934,6896.525632,1,0,1,0,0,0,0.013107231
9936,6896.558944,1,0,1,0,0,0,0.013152912
9938,6896.592288,1,0,1,0,0,0,0.013143845
9940,6896.625632,1,0,1,0,0,0,0.013193362
9942,6896.658944,1,0,1,0,0,0,0.013165465
9944,6896.692288,1,0,1,0,0,0,0.013126759
9946,6896.7256,1,0,1,0,0,0,0.0131156
9948,6896.758944,1,0,1,0,0,0,0.013114205
9950,6896.792288,1,0,1,0,0,0,0.013141056
9952,6896.8256,1,0,1,0,0,0,0.013082124
9954,6896.858944,1,0,1,0,0,0,0.013046207
9956,6896.892288,1,0,1,0,0,0,0.013041325
9958,6896.9256,1,0,1,0,0,0,0.013058412
9960,6896.958944,1,0,1,0,0,0,0.013126759
9962,6896.992288,1,0,1,0,0,0,0.01305074
9964,6897.0256,1,0,1,0,0,0,0.013052135
9966,6897.058944,1,0,1,0,0,0,0.013018659
9968,6897.092256,1,0,1,0,0,0,0.01306434
9970,6897.1256,1,0,1,0,0,0,0.013042023
9972,6897.158944,1,0,1,0,0,0,0.013051787
9974,6897.192256,1,0,1,0,0,0,0.013028772
9976,6897.2256,1,0,1,0,0,0,0.013060156
9978,6897.258944,1,0,1,0,0,0,0.013079335
9980,6897.292256,1,0,1,0,0,0,0.013029818
9982,6897.3256,1,0,1,0,0,0,0.01301587
9984,6897.358944,1,0,1,0,0,0,0.013039931
9986,6897.392256,1,0,1,0,0,0,0.013038536
9988,6897.4256,1,0,1,0,0,0,0.013098862
9990,6897.458944,1,0,1,0,0,0,0.013033654
9992,6897.492256,1,0,1,0,0,0,0.012997039
9994,6897.525568,1,0,1,0,0,0,0.013011685
9996,6897.558912,1,0,1,0,0,0,0.013060156
9998,6897.592256,1,0,1,0,0,0,0.013052833
10000,6897.6256,1,0,1,0,0,0,0.013078986
10002,6897.658912,1,0,1,0,0,0,0.013092237
10004,6897.692256,1,0,1,0,0,0,0.013163024
10006,6897.725568,1,0,1,0,0,0,0.013096073
10008,6897.758912,1,0,1,0,0,0,0.013103395
10010,6897.792224,1,0,1,0,0,0,0.013066781
10012,6897.825568,1,0,1,0,0,0,0.013029469
10014,6897.858912,1,0,1,0,0,0,0.013090493
10016,6897.892224,1,0,1,0,0,0,0.01312641
10018,6897.925568,1,0,1,0,0,0,0.013140358
10020,6897.958912,1,0,1,0,0,0,0.013146635
10022,6897.992224,1,0,1,0,0,0,0.013116995
10024,6898.025568,1,0,1,0,0,0,0.013063294
10026,6898.058912,1,0,1,0,0,0,0.013109672
10028,6898.092224,1,0,1,0,0,0,0.013105488
10030,6898.125568,1,0,1,0,0,0,0.013097467
10032,6898.15888,1,0,1,0,0,0,0.013106882
10034,6898.192224,1,0,1,0,0,0,0.013093632
10036,6898.225568,1,0,1,0,0,0,0.013035746
10038,6898.25888,1,0,1,0,0,0,0.013135128
10040,6898.292224,1,0,1,0,0,0,0.013092585
10042,6898.325568,1,0,1,0,0,0,0.013108975
10044,6898.35888,1,0,1,0,0,0,0.013145938
10046,6898.392224,1,0,1,0,0,0,0.013146984
10048,6898.425536,1,0,1,0,0,0,0.013165117
10050,6898.45888,1,0,1,0,0,0,0.013082124
10052,6898.492224,1,0,1,0,0,0,0.01322091
10054,6898.525536,1,0,1,0,0,0,0.013153958
10056,6898.55888,1,0,1,0,0,0,0.013157096
10058,6898.592224,1,0,1,0,0,0,0.01316686
10060,6898.625536,1,0,1,0,0,0,0.013138964
10062,6898.65888,1,0,1,0,0,0,0.013166511
10064,6898.692192,1,0,1,0,0,0,0.013173137
10066,6898.725536,1,0,1,0,0,0,0.013128502
10068,6898.75888,1,0,1,0,0,0,0.01315884
10070,6898.792192,1,0,1,0,0,0,0.013155702
10072,6898.825536,1,0,1,0,0,0,0.013168952
10074,6898.85888,1,0,1,0,0,0,0.013185342
10076,6898.892192,1,0,1,0,0,0,0.013136523
10078,6898.925536,1,0,1,0,0,0,0.013180809
10080,6898.958848,1,0,1,0,0,0,0.013125713
10082,6898.992192,1,0,1,0,0,0,0.013174183
10084,6899.025536,1,0,1,0,0,0,0.01317767
10086,6899.058848,1,0,1,0,0,0,0.013200685
10088,6899.092192,1,0,1,0,0,0,0.01317767
10090,6899.125536,1,0,1,0,0,0,0.013125364
10092,6899.158848,1,0,1,0,0,0,0.013169999
10094,6899.192192,1,0,1,0,0,0,0.013151517
10096,6899.225504,1,0,1,0,0,0,0.013143148
10098,6899.258848,1,0,1,0,0,0,0.013068176
10100,6899.292192,1,0,1,0,0,0,0.013132687
10102,6899.325504,1,0,1,0,0,0,0.01316686
10104,6899.358848,1,0,1,0,0,0,0.013123272
10106,6899.392192,1,0,1,0,0,0,0.013129897
10108,6899.425504,1,0,1,0,0,0,0.013110021
10110,6899.458848,1,0,1,0,0,0,0.0131156
10112,6899.49216,1,0,1,0,0,0,0.013100954
10114,6899.525504,1,0,1,0,0,0,0.013121877
10116,6899.558848,1,0,1,0,0,0,0.013171742
10118,6899.59216,1,0,1,0,0,0,0.013111416
10120,6899.625504,1,0,1,0,0,0,0.013131641
10122,6899.658848,1,0,1,0,0,0,0.013102698
10124,6899.69216,1,0,1,0,0,0,0.013088401
10126,6899.725504,1,0,1,0,0,0,0.013076196
10128,6899.758816,1,0,1,0,0,0,0.013102349
10130,6899.79216,1,0,1,0,0,0,0.013071314
10132,6899.825472,1,0,1,0,0,0,0.013107929
10134,6899.858816,1,0,1,0,0,0,0.013075499
10136,6899.89216,1,0,1,0,0,0,0.013117692
10138,6899.925472,1,0,1,0,0,0,0.013081775
10140,6899.958816,1,0,1,0,0,0,0.013098165
10142,6899.99216,1,0,1,0,0,0,0.013087355
10144,6900.025472,1,0,1,0,0,0,0.013091539
10146,6900.058816,1,0,1,0,0,0,0.013083519
10148,6900.09216,1,0,1,0,0,0,0.01308875
10150,6900.125472,1,0,1,0,0,0,0.013059458
10152,6900.158816,1,0,1,0,0,0,0.013126061
10154,6900.192128,1,0,1,0,0,0,0.013093283
10156,6900.225472,1,0,1,0,0,0,0.013112113
10158,6900.258816,1,0,1,0,0,0,0.013136523
10160,6900.292128,1,0,1,0,0,0,0.013109323
10162,6900.325472,1,0,1,0,0,0,0.0131965
10164,6900.358816,1,0,1,0,0,0,0.01311281
10166,6900.392128,1,0,1,0,0,0,0.013209751
10168,6900.425472,1,0,1,0,0,0,0.013173137
10170,6900.458784,1,0,1,0,0,0,0.013139312
10172,6900.492128,1,0,1,0,0,0,0.013114205
10174,6900.525472,1,0,1,0,0,0,0.013158143
10176,6900.558784,1,0,1,0,0,0,0.013119087
10178,6900.592128,1,0,1,0,0,0,0.013120831
10180,6900.625472,1,0,1,0,0,0,0.013159537
10182,6900.658784,1,0,1,0,0,0,0.013114554
10184,6900.692128,1,0,1,0,0,0,0.013164419
10186,6900.725472,1,0,1,0,0,0,0.013187434
10188,6900.758784,1,0,1,0,0,0,0.013113159
10190,6900.792128,1,0,1,0,0,0,0.013165465
10192,6900.825472,1,0,1,0,0,0,0.013116995
10194,6900.858784,1,0,1,0,0,0,0.013149076
10196,6900.892128,1,0,1,0,0,0,0.013176624
10198,6900.925472,1,0,1,0,0,0,0.013137917
10200,6900.958784,1,0,1,0,0,0,0.01315082
10202,6900.992128,1,0,1,0,0,0,0.013158491
10204,6901.025472,1,0,1,0,0,0,0.01316686
10206,6901.058784,1,0,1,0,0,0,0.013154655
10208,6901.092096,1,0,1,0,0,0,0.013125713
10210,6901.125472,1,0,1,0,0,0,0.013159886
10212,6901.158784,1,0,1,0,0,0,0.0131292
10214,6901.192096,1,0,1,0,0,0,0.013155004
10216,6901.225472,1,0,1,0,0,0,0.013131292
10218,6901.258784,1,0,1,0,0,0,0.013157794
10220,6901.292096,1,0,1,0,0,0,0.013174532
10222,6901.325472,1,0,1,0,0,0,0.013110718
10224,6901.358752,1,0,1,0,0,0,0.01315605
10226,6901.392096,1,0,1,0,0,0,0.013143497
10228,6901.425472,1,0,1,0,0,0,0.013129548
10230,6901.458752,1,0,1,0,0,0,0.013183598
10232,6901.492096,1,0,1,0,0,0,0.013139312
10234,6901.525472,1,0,1,0,0,0,0.013179065
10236,6901.558752,1,0,1,0,0,0,0.01315884
10238,6901.592096,1,0,1,0,0,0,0.013163722
10240,6901.625472,1,0,1,0,0,0,0.01315884
10242,6901.658752,1,0,1,0,0,0,0.013146286
10244,6901.692096,1,0,1,0,0,0,0.013153609
10246,6901.725408,1,0,1,0,0,0,0.013167558
10248,6901.758752,1,0,1,0,0,0,0.013133384
10250,6901.792096,1,0,1,0,0,0,0.01314524
10252,6901.825408,1,0,1,0,0,0,0.01316965
10254,6901.858752,1,0,1,0,0,0,0.013157096
10256,6901.892064,1,0,1,0,0,0,0.0131292
10258,6901.925408,1,0,1,0,0,0,0.013113857
10260,6901.958752,1,0,1,0,0,0,0.013062945
10262,6901.992064,1,0,1,0,0,0,0.013108975
10264,6902.025408,1,0,1,0,0,0,0.01311839
10266,6902.058752,1,0,1,0,0,0,0.013102698
10268,6902.092064,1,0,1,0,0,0,0.013098513
10270,6902.125408,1,0,1,0,0,0,0.013068873
10272,6902.15872,1,0,1,0,0,0,0.013089098
10274,6902.192064,1,0,1,0,0,0,0.013073058
10276,6902.225408,1,0,1,0,0,0,0.013079335
10278,6902.25872,1,0,1,0,0,0,0.013066084
10280,6902.292064,1,0,1,0,0,0,0.01308596
10282,6902.325408,1,0,1,0,0,0,0.013098862
10284,6902.35872,1,0,1,0,0,0,0.013101303
10286,6902.392064,1,0,1,0,0,0,0.013043766
10288,6902.425376,1,0,1,0,0,0,0.013103047
10290,6902.45872,1,0,1,0,0,0,0.013075847
10292,6902.492064,1,0,1,0,0,0,0.013058412
10294,6902.525376,1,0,1,0,0,0,0.01304272
10296,6902.55872,1,0,1,0,0,0,0.013029469
10298,6902.592032,1,0,1,0,0,0,0.013054576
10300,6902.625376,1,0,1,0,0,0,0.013072709
10302,6902.65872,1,0,1,0,0,0,0.013080381
10304,6902.692032,1,0,1,0,0,0,0.013076894
10306,6902.725376,1,0,1,0,0,0,0.013043069
10308,6902.75872,1,0,1,0,0,0,0.013043069
10310,6902.792032,1,0,1,0,0,0,0.013090493
10312,6902.825376,1,0,1,0,0,0,0.013035049
10314,6902.858688,1,0,1,0,0,0,0.013051787
10316,6902.892032,1,0,1,0,0,0,0.013042023
10318,6902.925376,1,0,1,0,0,0,0.013007849
10320,6902.958688,1,0,1,0,0,0,0.013027377
10322,6902.992032,1,0,1,0,0,0,0.013002619
10324,6903.025376,1,0,1,0,0,0,0.013028423
10326,6903.058688,1,0,1,0,0,0,0.013022495
10328,6903.092032,1,0,1,0,0,0,0.013033305
10330,6903.125344,1,0,1,0,0,0,0.013039233
10332,6903.158688,1,0,1,0,0,0,0.013044115
10334,6903.192032,1,0,1,0,0,0,0.013076545
10336,6903.225344,1,0,1,0,0,0,0.013040279
10338,6903.258688,1,0,1,0,0,0,0.013033654
10340,6903.292032,1,0,1,0,0,0,0.013028074
10342,6903.325344,1,0,1,0,0,0,0.01306155
10344,6903.358688,1,0,1,0,0,0,0.013061202
10346,6903.392,1,0,1,0,0,0,0.013059807
10348,6903.425344,1,0,1,0,0,0,0.013046905
10350,6903.458688,1,0,1,0,0,0,0.013076545
10352,6903.492,1,0,1,0,0,0,0.013022495
10354,6903.525344,1,0,1,0,0,0,0.013058761
10356,6903.558688,1,0,1,0,0,0,0.013038884
10358,6903.592,1,0,1,0,0,0,0.012989717
10360,6903.625344,1,0,1,0,0,0,0.01302389
10362,6903.658656,1,0,1,0,0,0,0.013037141
10364,6903.692,1,0,1,0,0,0,0.013056669
10366,6903.725344,1,0,1,0,0,0,0.013037838
10368,6903.758656,1,0,1,0,0,0,0.01305632
10370,6903.792,1,0,1,0,0,0,0.013071314
10372,6903.825344,1,0,1,0,0,0,0.013060156
10374,6903.858656,1,0,1,0,0,0,0.013044115
10376,6903.892,1,0,1,0,0,0,0.013052135
10378,6903.925344,1,0,1,0,0,0,0.013051089
10380,6903.958656,1,0,1,0,0,0,0.01308317
10382,6903.992,1,0,1,0,0,0,0.013088052
10384,6904.025312,1,0,1,0,0,0,0.013038536
10386,6904.058656,1,0,1,0,0,0,0.013052135
10388,6904.092,1,0,1,0,0,0,0.013058412
10390,6904.125312,1,0,1,0,0,0,0.013112113
10392,6904.158656,1,0,1,0,0,0,0.013086309
10394,6904.192,1,0,1,0,0,0,0.013059458
10396,6904.225312,1,0,1,0,0,0,0.013103047
10398,6904.258656,1,0,1,0,0,0,0.013075847
10400,6904.291968,1,0,1,0,0,0,0.013095724
10402,6904.325312,1,0,1,0,0,0,0.013092934
10404,6904.358656,1,0,1,0,0,0,0.013125015
10406,6904.391968,1,0,1,0,0,0,0.013081775
10408,6904.425312,1,0,1,0,0,0,0.013082822
10410,6904.458656,1,0,1,0,0,0,0.013113159
10412,6904.491968,1,0,1,0,0,0,0.01305632
10414,6904.525312,1,0,1,0,0,0,0.01302668
10416,6904.558624,1,0,1,0,0,0,0.013032259
10418,6904.591968,1,0,1,0,0,0,0.01306713
10420,6904.625312,1,0,1,0,0,0,0.013070268
10422,6904.658624,1,0,1,0,0,0,0.013086309
10424,6904.691968,1,0,1,0,0,0,0.013058063
10426,6904.725312,1,0,1,0,0,0,0.013059458
10428,6904.758624,1,0,1,0,0,0,0.013069919
10430,6904.791968,1,0,1,0,0,0,0.013130943
10432,6904.82528,1,0,1,0,0,0,0.013091191
10434,6904.858624,1,0,1,0,0,0,0.013133733
10436,6904.891968,1,0,1,0,0,0,0.013083519
10438,6904.92528,1,0,1,0,0,0,0.013092934
10440,6904.958624,1,0,1,0,0,0,0.013141405
10442,6904.991968,1,0,1,0,0,0,0.013083519
10444,6905.02528,1,0,1,0,0,0,0.013097119
10446,6905.058624,1,0,1,0,0,0,0.013072709
10448,6905.091936,1,0,1,0,0,0,0.013059807
10450,6905.12528,1,0,1,0,0,0,0.01306713
10452,6905.158624,1,0,1,0,0,0,0.013046207
10454,6905.191936,1,0,1,0,0,0,0.012999132
10456,6905.22528,1,0,1,0,0,0,0.013048648
10458,6905.258624,1,0,1,0,0,0,0.013047253
10460,6905.291936,1,0,1,0,0,0,0.013065386
10462,6905.32528,1,0,1,0,0,0,0.013073058
10464,6905.358592,1,0,1,0,0,0,0.013079335
10466,6905.391936,1,0,1,0,0,0,0.0130483
10468,6905.42528,1,0,1,0,0,0,0.013081775
10470,6905.458592,1,0,1,0,0,0,0.013086657
10472,6905.491936,1,0,1,0,0,0,0.013094329
10474,6905.52528,1,0,1,0,0,0,0.013075499
10476,6905.558592,1,0,1,0,0,0,0.013113857
10478,6905.591936,1,0,1,0,0,0,0.013036792
10480,6905.625248,1,0,1,0,0,0,0.01306155
10482,6905.658592,1,0,1,0,0,0,0.013013777
10484,6905.691936,1,0,1,0,0,0,0.013043418
10486,6905.725248,1,0,1,0,0,0,0.013072709
10488,6905.758592,1,0,1,0,0,0,0.013051089
10490,6905.791936,1,0,1,0,0,0,0.013049346
10492,6905.825248,1,0,1,0,0,0,0.013099211
10494,6905.858592,1,0,1,0,0,0,0.013054925
10496,6905.891904,1,0,1,0,0,0,0.013049346
10498,6905.925248,1,0,1,0,0,0,0.013039233
10500,6905.958592,1,0,1,0,0,0,0.01303749
10502,6905.991904,1,0,1,0,0,0,0.013083519
10504,6906.025248,1,0,1,0,0,0,0.013027726
10506,6906.05856,1,0,1,0,0,0,0.013080729
10508,6906.091904,1,0,1,0,0,0,0.013048648
10510,6906.125248,1,0,1,0,0,0,0.013011685
10512,6906.15856,1,0,1,0,0,0,0.0130347
10514,6906.191904,1,0,1,0,0,0,0.013039582
10516,6906.225248,1,0,1,0,0,0,0.012987624
10518,6906.25856,1,0,1,0,0,0,0.013015172
10520,6906.291904,1,0,1,0,0,0,0.012956241
10522,6906.325216,1,0,1,0,0,0,0.012982742
10524,6906.35856,1,0,1,0,0,0,0.012985881
10526,6906.391904,1,0,1,0,0,0,0.012980301
10528,6906.425216,1,0,1,0,0,0,0.012951359
10530,6906.45856,1,0,1,0,0,0,0.012960425
10532,6906.491904,1,0,1,0,0,0,0.012946477
10534,6906.525216,1,0,1,0,0,0,0.01293741
10536,6906.55856,1,0,1,0,0,0,0.01297263
10538,6906.591872,1,0,1,0,0,0,0.012966702
10540,6906.625216,1,0,1,0,0,0,0.013004711
10542,6906.65856,1,0,1,0,0,0,0.012960774
10544,6906.691872,1,0,1,0,0,0,0.012963564
10546,6906.725216,1,0,1,0,0,0,0.012939154
10548,6906.75856,1,0,1,0,0,0,0.012953102
10550,6906.791872,1,0,1,0,0,0,0.012968097
10552,6906.825216,1,0,1,0,0,0,0.012944036
10554,6906.85856,1,0,1,0,0,0,0.012958333
10556,6906.891872,1,0,1,0,0,0,0.012998783
10558,6906.925216,1,0,1,0,0,0,0.012971235
10560,6906.958528,1,0,1,0,0,0,0.012996691
10562,6906.991872,1,0,1,0,0,0,0.012996342
10564,6907.025216,1,0,1,0,0,0,0.013076894
10566,6907.058528,1,0,1,0,0,0,0.013057017
10568,6907.091872,1,0,1,0,0,0,0.013000527
10570,6907.125216,1,0,1,0,0,0,0.013042023
10572,6907.158528,1,0,1,0,0,0,0.013018311
10574,6907.191872,1,0,1,0,0,0,0.013013777
10576,6907.225184,1,0,1,0,0,0,0.013011336
10578,6907.258528,1,0,1,0,0,0,0.013006455
10580,6907.291872,1,0,1,0,0,0,0.012936016
10582,6907.325184,1,0,1,0,0,0,0.012990065
10584,6907.358528,1,0,1,0,0,0,0.012986927
10586,6907.391872,1,0,1,0,0,0,0.012927647
10588,6907.425184,1,0,1,0,0,0,0.012928344
10590,6907.458528,1,0,1,0,0,0,0.012934621
10592,6907.49184,1,0,1,0,0,0,0.012930436
10594,6907.525184,1,0,1,0,0,0,0.012955543
10596,6907.558528,1,0,1,0,0,0,0.012922765
10598,6907.59184,1,0,1,0,0,0,0.012955892
10600,6907.625184,1,0,1,0,0,0,0.012984137
10602,6907.658528,1,0,1,0,0,0,0.012958333
10604,6907.69184,1,0,1,0,0,0,0.012967748
10606,6907.725184,1,0,1,0,0,0,0.013020054
10608,6907.758496,1,0,1,0,0,0,0.013028772
10610,6907.79184,1,0,1,0,0,0,0.013021449
10612,6907.825184,1,0,1,0,0,0,0.013023541
10614,6907.858496,1,0,1,0,0,0,0.013029818
10616,6907.89184,1,0,1,0,0,0,0.013032956
10618,6907.925184,1,0,1,0,0,0,0.013007501
10620,6907.958496,1,0,1,0,0,0,0.012965656
10622,6907.99184,1,0,1,0,0,0,0.013004362
10624,6908.025152,1,0,1,0,0,0,0.012986578
10626,6908.058496,1,0,1,0,0,0,0.01297263
10628,6908.09184,1,0,1,0,0,0,0.013008198
10630,6908.125152,1,0,1,0,0,0,0.012948569
10632,6908.158496,1,0,1,0,0,0,0.012992158
10634,6908.19184,1,0,1,0,0,0,0.01297542
10636,6908.225152,1,0,1,0,0,0,0.012983091
10638,6908.258496,1,0,1,0,0,0,0.013071663
10640,6908.291808,1,0,1,0,0,0,0.012983091
10642,6908.325152,1,0,1,0,0,0,0.013016916
10644,6908.358496,1,0,1,0,0,0,0.013006106
10646,6908.391808,1,0,1,0,0,0,0.012948918
10648,6908.425152,1,0,1,0,0,0,0.01298623
10650,6908.458464,1,0,1,0,0,0,0.013016218
10652,6908.491808,1,0,1,0,0,0,0.012936016
10654,6908.525152,1,0,1,0,0,0,0.012952056
10656,6908.558464,1,0,1,0,0,0,0.012967399
10658,6908.591808,1,0,1,0,0,0,0.012996342
10660,6908.625152,1,0,1,0,0,0,0.013002619
10662,6908.658464,1,0,1,0,0,0,0.013001573
10664,6908.691808,1,0,1,0,0,0,0.012997039
10666,6908.72512,1,0,1,0,0,0,0.01299146
10668,6908.758464,1,0,1,0,0,0,0.012997039
10670,6908.791808,1,0,1,0,0,0,0.012991809
10672,6908.82512,1,0,1,0,0,0,0.012984486
10674,6908.858464,1,0,1,0,0,0,0.013000178
10676,6908.891808,1,0,1,0,0,0,0.012944385
10678,6908.92512,1,0,1,0,0,0,0.012987973
10680,6908.958464,1,0,1,0,0,0,0.012949266
10682,6908.991808,1,0,1,0,0,0,0.012974025
10684,6909.02512,1,0,1,0,0,0,0.012949266
10686,6909.058464,1,0,1,0,0,0,0.01298623
10688,6909.091776,1,0,1,0,0,0,0.012979953
10690,6909.12512,1,0,1,0,0,0,0.012988322
10692,6909.158464,1,0,1,0,0,0,0.012941595
10694,6909.191776,1,0,1,0,0,0,0.012967399
10696,6909.22512,1,0,1,0,0,0,0.012961123
10698,6909.258432,1,0,1,0,0,0,0.012995645
10700,6909.291776,1,0,1,0,0,0,0.012965656
10702,6909.32512,1,0,1,0,0,0,0.012924508
10704,6909.358432,1,0,1,0,0,0,0.012931831
10706,6909.391776,1,0,1,0,0,0,0.0129538
10708,6909.42512,1,0,1,0,0,0,0.012962517
10710,6909.458432,1,0,1,0,0,0,0.012997039
10712,6909.491776,1,0,1,0,0,0,0.013016218
10714,6909.525088,1,0,1,0,0,0,0.012959728
10716,6909.558432,1,0,1,0,0,0,0.012978907
10718,6909.591776,1,0,1,0,0,0,0.012970538
10720,6909.625088,1,0,1,0,0,0,0.012985532
10722,6909.658432,1,0,1,0,0,0,0.012977861
10724,6909.691776,1,0,1,0,0,0,0.012971235
10726,6909.725088,1,0,1,0,0,0,0.012938805
10728,6909.758432,1,0,1,0,0,0,0.012975071
10730,6909.791744,1,0,1,0,0,0,0.012958682
10732,6909.825088,1,0,1,0,0,0,0.012992855
10734,6909.858432,1,0,1,0,0,0,0.012973327
10736,6909.891744,1,0,1,0,0,0,0.012992855
10738,6909.925088,1,0,1,0,0,0,0.012999829
10740,6909.958432,1,0,1,0,0,0,0.012991809
10742,6909.991744,1,0,1,0,0,0,0.012962169
10744,6910.025088,1,0,1,0,0,0,0.012977163
10746,6910.058432,1,0,1,0,0,0,0.01297263
10748,6910.091744,1,0,1,0,0,0,0.012989019
10750,6910.125088,1,0,1,0,0,0,0.012985183
10752,6910.1584,1,0,1,0,0,0,0.012993552
10754,6910.191744,1,0,1,0,0,0,0.012971933
10756,6910.225088,1,0,1,0,0,0,0.013046207
10758,6910.2584,1,0,1,0,0,0,0.012992855
10760,6910.291744,1,0,1,0,0,0,0.012977512
10762,6910.325088,1,0,1,0,0,0,0.012972281
10764,6910.3584,1,0,1,0,0,0,0.012958682
10766,6910.391744,1,0,1,0,0,0,0.012934621
10768,6910.425056,1,0,1,0,0,0,0.012952405
10770,6910.4584,1,0,1,0,0,0,0.012954846
10772,6910.491744,1,0,1,0,0,0,0.012936713
10774,6910.525056,1,0,1,0,0,0,0.012909863
10776,6910.5584,1,0,1,0,0,0,0.012902888
10778,6910.591712,1,0,1,0,0,0,0.012880222
10780,6910.625056,1,0,1,0,0,0,0.012873946
10782,6910.6584,1,0,1,0,0,0,0.012894171
10784,6910.691712,1,0,1,0,0,0,0.012902888
10786,6910.725056,1,0,1,0,0,0,0.012906724
10788,6910.7584,1,0,1,0,0,0,0.012870807
10790,6910.791712,1,0,1,0,0,0,0.012869412
10792,6910.825056,1,0,1,0,0,0,0.012865228
10794,6910.8584,1,0,1,0,0,0,0.012851977
10796,6910.891712,1,0,1,0,0,0,0.012895217
10798,6910.925056,1,0,1,0,0,0,0.012891381
10800,6910.958368,1,0,1,0,0,0,0.012873946
10802,6910.991712,1,0,1,0,0,0,0.012888243
10804,6911.025056,1,0,1,0,0,0,0.012879874
10806,6911.058368,1,0,1,0,0,0,0.012894171
10808,6911.091712,1,0,1,0,0,0,0.012923811
10810,6911.125056,1,0,1,0,0,0,0.012874294
10812,6911.158368,1,0,1,0,0,0,0.012840818
10814,6911.191712,1,0,1,0,0,0,0.012885104
10816,6911.225024,1,0,1,0,0,0,0.012863136
10818,6911.258368,1,0,1,0,0,0,0.012857905
10820,6911.29168,1,0,1,0,0,0,0.012873248
10822,6911.325024,1,0,1,0,0,0,0.012882663
10824,6911.358368,1,0,1,0,0,0,0.012911257
10826,6911.39168,1,0,1,0,0,0,0.012863833
10828,6911.425024,1,0,1,0,0,0,0.012925206
10830,6911.458368,1,0,1,0,0,0,0.012941944
10832,6911.49168,1,0,1,0,0,0,0.0129538
10834,6911.525024,1,0,1,0,0,0,0.012933923
10836,6911.558368,1,0,1,0,0,0,0.012940549
10838,6911.59168,1,0,1,0,0,0,0.012962517
10840,6911.625024,1,0,1,0,0,0,0.012992506
10842,6911.658336,1,0,1,0,0,0,0.012991809
10844,6911.69168,1,0,1,0,0,0,0.01298623
10846,6911.725024,1,0,1,0,0,0,0.012925554
10848,6911.758368,1,0,1,0,0,0,0.012995645
10850,6911.79168,1,0,1,0,0,0,0.012971235
10852,6911.825024,1,0,1,0,0,0,0.012992855
10854,6911.858336,1,0,1,0,0,0,0.012947174
10856,6911.89168,1,0,1,0,0,0,0.012957984
10858,6911.924992,1,0,1,0,0,0,0.012956241
10860,6911.958336,1,0,1,0,0,0,0.012944733
10862,6911.99168,1,0,1,0,0,0,0.012944036
10864,6912.024992,1,0,1,0,0,0,0.012941595
10866,6912.058336,1,0,1,0,0,0,0.012907422
10868,6912.09168,1,0,1,0,0,0,0.012926252
10870,6912.124992,1,0,1,0,0,0,0.012909165
10872,6912.158336,1,0,1,0,0,0,0.012884407
10874,6912.191648,1,0,1,0,0,0,0.01282408
10876,6912.224992,1,0,1,0,0,0,0.012849187
10878,6912.258336,1,0,1,0,0,0,0.012945082
10880,6912.291648,1,0,1,0,0,0,0.012936016
10882,6912.324992,1,0,1,0,0,0,0.01290254
10884,6912.358336,1,0,1,0,0,0,0.01297542
10886,6912.391648,1,0,1,0,0,0,0.012969143
10888,6912.424992,1,0,1,0,0,0,0.012973327
10890,6912.458336,1,0,1,0,0,0,0.012958333
10892,6912.491648,1,0,1,0,0,0,0.012952754
10894,6912.524992,1,0,1,0,0,0,0.012958333
10896,6912.558304,1,0,1,0,0,0,0.012950313
10898,6912.591648,1,0,1,0,0,0,0.012960076
10900,6912.624992,1,0,1,0,0,0,0.012981348
10902,6912.658304,1,0,1,0,0,0,0.012983789
10904,6912.691648,1,0,1,0,0,0,0.012969492
10906,6912.724992,1,0,1,0,0,0,0.012963912
10908,6912.758304,1,0,1,0,0,0,0.012954846
10910,6912.791648,1,0,1,0,0,0,0.013004362
10912,6912.82496,1,0,1,0,0,0,0.012963215
10914,6912.858304,1,0,1,0,0,0,0.013006106
10916,6912.891648,1,0,1,0,0,0,0.012984835
10918,6912.92496,1,0,1,0,0,0,0.012998783
10920,6912.958304,1,0,1,0,0,0,0.013009244
10922,6912.991648,1,0,1,0,0,0,0.012971584
10924,6913.02496,1,0,1,0,0,0,0.012991111
10926,6913.058304,1,0,1,0,0,0,0.01298344
10928,6913.091616,1,0,1,0,0,0,0.012991809
10930,6913.12496,1,0,1,0,0,0,0.012954846
10932,6913.158304,1,0,1,0,0,0,0.012983091
10934,6913.191616,1,0,1,0,0,0,0.012993552
10936,6913.22496,1,0,1,0,0,0,0.012971584
10938,6913.258304,1,0,1,0,0,0,0.01296461
10940,6913.291616,1,0,1,0,0,0,0.012995993
10942,6913.32496,1,0,1,0,0,0,0.012978558
10944,6913.358272,1,0,1,0,0,0,0.012948569
10946,6913.391616,1,0,1,0,0,0,0.012978907
10948,6913.42496,1,0,1,0,0,0,0.013027028
10950,6913.458272,1,0,1,0,0,0,0.012972979
10952,6913.491616,1,0,1,0,0,0,0.012971235
10954,6913.52496,1,0,1,0,0,0,0.012980301
10956,6913.558272,1,0,1,0,0,0,0.013001921
10958,6913.591616,1,0,1,0,0,0,0.013006455
10960,6913.624928,1,0,1,0,0,0,0.012935318
10962,6913.658272,1,0,1,0,0,0,0.013029121
10964,6913.691616,1,0,1,0,0,0,0.01294822
10966,6913.724928,1,0,1,0,0,0,0.013007501
10968,6913.758272,1,0,1,0,0,0,0.013019008
10970,6913.791616,1,0,1,0,0,0,0.012931482
10972,6913.824928,1,0,1,0,0,0,0.012934621
10974,6913.858272,1,0,1,0,0,0,0.012959728
10976,6913.891584,1,0,1,0,0,0,0.012964261
10978,6913.924928,1,0,1,0,0,0,0.013021449
10980,6913.958272,1,0,1,0,0,0,0.012960425
10982,6913.991584,1,0,1,0,0,0,0.01298623
10984,6914.024928,1,0,1,0,0,0,0.013017613
10986,6914.058272,1,0,1,0,0,0,0.012976117
10988,6914.091584,1,0,1,0,0,0,0.013006803
10990,6914.124928,1,0,1,0,0,0,0.013016218
10992,6914.15824,1,0,1,0,0,0,0.013008547
10994,6914.191584,1,0,1,0,0,0,0.013025634
10996,6914.224928,1,0,1,0,0,0,0.013006106
10998,6914.25824,1,0,1,0,0,0,0.013043418
11000,6914.291584,1,0,1,0,0,0,0.013005757
11002,6914.324928,1,0,1,0,0,0,0.01302389
11004,6914.35824,1,0,1,0,0,0,0.013031562
11006,6914.391584,1,0,1,0,0,0,0.013024587
11008,6914.424896,1,0,1,0,0,0,0.013034003
11010,6914.45824,1,0,1,0,0,0,0.013027377
11012,6914.491552,1,0,1,0,0,0,0.01301029
11014,6914.524896,1,0,1,0,0,0,0.013003316
11016,6914.55824,1,0,1,0,0,0,0.013012731
11018,6914.591552,1,0,1,0,0,0,0.013034351
11020,6914.624896,1,0,1,0,0,0,0.013016218
11022,6914.65824,1,0,1,0,0,0,0.013057366
11024,6914.691552,1,0,1,0,0,0,0.013021449
11026,6914.724896,1,0,1,0,0,0,0.013014475
11028,6914.75824,1,0,1,0,0,0,0.013046905
11030,6914.791552,1,0,1,0,0,0,0.013052484
11032,6914.824896,1,0,1,0,0,0,0.013074104
11034,6914.858208,1,0,1,0,0,0,0.013031562
11036,6914.891552,1,0,1,0,0,0,0.013059109
11038,6914.924896,1,0,1,0,0,0,0.013098513
11040,6914.958208,1,0,1,0,0,0,0.013071663
11042,6914.991552,1,0,1,0,0,0,0.013010639
11044,6915.024896,1,0,1,0,0,0,0.012998086
11046,6915.058208,1,0,1,0,0,0,0.013031562
11048,6915.091552,1,0,1,0,0,0,0.013028074
11050,6915.124864,1,0,1,0,0,0,0.013031562
11052,6915.158208,1,0,1,0,0,0,0.013052484
11054,6915.191552,1,0,1,0,0,0,0.013005757
11056,6915.224864,1,0,1,0,0,0,0.013013777
11058,6915.258208,1,0,1,0,0,0,0.013063643
11060,6915.291552,1,0,1,0,0,0,0.013091539
11062,6915.324864,1,0,1,0,0,0,0.013066432
11064,6915.358208,1,0,1,0,0,0,0.013024936
11066,6915.39152,1,0,1,0,0,0,0.013036792
11068,6915.424864,1,0,1,0,0,0,0.013063643
11070,6915.458208,1,0,1,0,0,0,0.013027377
11072,6915.49152,1,0,1,0,0,0,0.013074801
11074,6915.524864,1,0,1,0,0,0,0.012999829
11076,6915.558208,1,0,1,0,0,0,0.01307794
11078,6915.59152,1,0,1,0,0,0,0.0130211
11080,6915.624864,1,0,1,0,0,0,0.013058412
11082,6915.658208,1,0,1,0,0,0,0.013058063
11084,6915.69152,1,0,1,0,0,0,0.013082124
11086,6915.724864,1,0,1,0,0,0,0.013065735
11088,6915.758176,1,0,1,0,0,0,0.013024587
11090,6915.79152,1,0,1,0,0,0,0.013073058
11092,6915.824864,1,0,1,0,0,0,0.013035049
11094,6915.858176,1,0,1,0,0,0,0.013082473
11096,6915.89152,1,0,1,0,0,0,0.012992855
11098,6915.924864,1,0,1,0,0,0,0.013068873
11100,6915.958176,1,0,1,0,0,0,0.013066084
11102,6915.99152,1,0,1,0,0,0,0.013063643
11104,6916.024832,1,0,1,0,0,0,0.013028423
11106,6916.058176,1,0,1,0,0,0,0.013049694
11108,6916.09152,1,0,1,0,0,0,0.013032956
11110,6916.124832,1,0,1,0,0,0,0.013036792
11112,6916.158176,1,0,1,0,0,0,0.013017962
11114,6916.19152,1,0,1,0,0,0,0.013023193
11116,6916.224832,1,0,1,0,0,0,0.013024239
11118,6916.258176,1,0,1,0,0,0,0.013036095
11120,6916.291488,1,0,1,0,0,0,0.013059458
11122,6916.324832,1,0,1,0,0,0,0.01297542
11124,6916.358176,1,0,1,0,0,0,0.013019008
11126,6916.391488,1,0,1,0,0,0,0.012981696
11128,6916.424832,1,0,1,0,0,0,0.01306434
11130,6916.458176,1,0,1,0,0,0,0.013023193
11132,6916.491488,1,0,1,0,0,0,0.013040279
11134,6916.524832,1,0,1,0,0,0,0.013031562
11136,6916.558144,1,0,1,0,0,0,0.0130483
11138,6916.591488,1,0,1,0,0,0,0.01295903
11140,6916.624832,1,0,1,0,0,0,0.013006106
11142,6916.658144,1,0,1,0,0,0,0.013004711
11144,6916.691488,1,0,1,0,0,0,0.013010639
11146,6916.724832,1,0,1,0,0,0,0.013019357
11148,6916.758144,1,0,1,0,0,0,0.012994947
11150,6916.791488,1,0,1,0,0,0,0.012979953
11152,6916.8248,1,0,1,0,0,0,0.012998434
11154,6916.858144,1,0,1,0,0,0,0.01298867
11156,6916.891488,1,0,1,0,0,0,0.012985183
11158,6916.9248,1,0,1,0,0,0,0.012989717
11160,6916.958144,1,0,1,0,0,0,0.012992506
11162,6916.991488,1,0,1,0,0,0,0.012941246
11164,6917.0248,1,0,1,0,0,0,0.013020752
11166,6917.058144,1,0,1,0,0,0,0.013001224
11168,6917.091488,1,0,1,0,0,0,0.012982394
11170,6917.1248,1,0,1,0,0,0,0.012974025
11172,6917.158144,1,0,1,0,0,0,0.013002968
11174,6917.191488,1,0,1,0,0,0,0.012994947
11176,6917.2248,1,0,1,0,0,0,0.012959728
11178,6917.258112,1,0,1,0,0,0,0.012979604
11180,6917.291488,1,0,1,0,0,0,0.01299146
11182,6917.3248,1,0,1,0,0,0,0.01298065
11184,6917.358112,1,0,1,0,0,0,0.012966353
11186,6917.391488,1,0,1,0,0,0,0.012983789
11188,6917.4248,1,0,1,0,0,0,0.01298623
11190,6917.458112,1,0,1,0,0,0,0.012954148
11192,6917.491488,1,0,1,0,0,0,0.012997388
11194,6917.524768,1,0,1,0,0,0,0.013022844
11196,6917.558112,1,0,1,0,0,0,0.012981696
11198,6917.591488,1,0,1,0,0,0,0.01296984
11200,6917.624768,1,0,1,0,0,0,0.012984835
11202,6917.658112,1,0,1,0,0,0,0.012968097
11204,6917.691488,1,0,1,0,0,0,0.012976814
11206,6917.724768,1,0,1,0,0,0,0.012992506
11208,6917.758112,1,0,1,0,0,0,0.012987276
11210,6917.791488,1,0,1,0,0,0,0.012975768
11212,6917.824768,1,0,1,0,0,0,0.012962517
11214,6917.858112,1,0,1,0,0,0,0.012942641
11216,6917.891488,1,0,1,0,0,0,0.012971933
11218,6917.924768,1,0,1,0,0,0,0.013030864
11220,6917.958112,1,0,1,0,0,0,0.012996691
11222,6917.991488,1,0,1,0,0,0,0.01305353
11224,6918.024768,1,0,1,0,0,0,0.013014126
11226,6918.058112,1,0,1,0,0,0,0.012996342
11228,6918.091488,1,0,1,0,0,0,0.012987973
11230,6918.124768,1,0,1,0,0,0,0.012998783
11232,6918.15808,1,0,1,0,0,0,0.013041674
11234,6918.191488,1,0,1,0,0,0,0.013017962
11236,6918.224768,1,0,1,0,0,0,0.013010639
11238,6918.25808,1,0,1,0,0,0,0.013048648
11240,6918.291488,1,0,1,0,0,0,0.013017962
11242,6918.324768,1,0,1,0,0,0,0.013025285
11244,6918.35808,1,0,1,0,0,0,0.013028074
11246,6918.391424,1,0,1,0,0,0,0.013012034
11248,6918.424736,1,0,1,0,0,0,0.013032608
11250,6918.45808,1,0,1,0,0,0,0.01297263
11252,6918.491424,1,0,1,0,0,0,0.013000178
11254,6918.524736,1,0,1,0,0,0,0.013023541
11256,6918.55808,1,0,1,0,0,0,0.013033305
11258,6918.591424,1,0,1,0,0,0,0.013026331
11260,6918.624736,1,0,1,0,0,0,0.012976814
11262,6918.65808,1,0,1,0,0,0,0.012997388
11264,6918.691392,1,0,1,0,0,0,0.012982742
11266,6918.724736,1,0,1,0,0,0,0.013016567
11268,6918.75808,1,0,1,0,0,0,0.012974722
11270,6918.791392,1,0,1,0,0,0,0.013004711
11272,6918.824736,1,0,1,0,0,0,0.013046905
11274,6918.85808,1,0,1,0,0,0,0.012986578
11276,6918.891392,1,0,1,0,0,0,0.013019705
11278,6918.924736,1,0,1,0,0,0,0.013047602
11280,6918.958048,1,0,1,0,0,0,0.01298867
11282,6918.991392,1,0,1,0,0,0,0.012975071
11284,6919.024736,1,0,1,0,0,0,0.01304272
11286,6919.058048,1,0,1,0,0,0,0.013054925
11288,6919.091392,1,0,1,0,0,0,0.012985183
11290,6919.124736,1,0,1,0,0,0,0.013029121
11292,6919.158048,1,0,1,0,0,0,0.013027726
11294,6919.191392,1,0,1,0,0,0,0.012958682
11296,6919.224704,1,0,1,0,0,0,0.013007152
11298,6919.258048,1,0,1,0,0,0,0.012972281
11300,6919.291392,1,0,1,0,0,0,0.012990065
11302,6919.324704,1,0,1,0,0,0,0.013001224
11304,6919.358048,1,0,1,0,0,0,0.012985183
11306,6919.391392,1,0,1,0,0,0,0.012982394
11308,6919.424704,1,0,1,0,0,0,0.013039233
11310,6919.458048,1,0,1,0,0,0,0.012928693
11312,6919.49136,1,0,1,0,0,0,0.013025982
11314,6919.524704,1,0,1,0,0,0,0.013038884
11316,6919.558048,1,0,1,0,0,0,0.013060853
11318,6919.59136,1,0,1,0,0,0,0.01294822
11320,6919.624704,1,0,1,0,0,0,0.012991809
11322,6919.658016,1,0,1,0,0,0,0.01298344
11324,6919.69136,1,0,1,0,0,0,0.012990065
11326,6919.724704,1,0,1,0,0,0,0.012925206
11328,6919.758016,1,0,1,0,0,0,0.01296461
11330,6919.79136,1,0,1,0,0,0,0.012949964
11332,6919.824704,1,0,1,0,0,0,0.012913698
11334,6919.858016,1,0,1,0,0,0,0.012898704
11336,6919.89136,1,0,1,0,0,0,0.012872202
11338,6919.924672,1,0,1,0,0,0,0.012947872
11340,6919.958016,1,0,1,0,0,0,0.012920324
11342,6919.99136,1,0,1,0,0,0,0.01294822
11344,6920.024672,1,0,1,0,0,0,0.012909514
11346,6920.058016,1,0,1,0,0,0,0.012923811
11348,6920.09136,1,0,1,0,0,0,0.012946826
11350,6920.124672,1,0,1,0,0,0,0.012917534
11352,6920.158016,1,0,1,0,0,0,0.012865577
11354,6920.19136,1,0,1,0,0,0,0.012907422
11356,6920.224672,1,0,1,0,0,0,0.012919278
11358,6920.258016,1,0,1,0,0,0,0.012933923
11360,6920.291328,1,0,1,0,0,0,0.012902191
11362,6920.324672,1,0,1,0,0,0,0.012910211
11364,6920.358016,1,0,1,0,0,0,0.01291858
11366,6920.391328,1,0,1,0,0,0,0.01293218
11368,6920.424672,1,0,1,0,0,0,0.012927298
11370,6920.458016,1,0,1,0,0,0,0.012951359
11372,6920.491328,1,0,1,0,0,0,0.012914047
11374,6920.524672,1,0,1,0,0,0,0.012930088
11376,6920.557984,1,0,1,0,0,0,0.012925903
11378,6920.591328,1,0,1,0,0,0,0.012909514
11380,6920.624672,1,0,1,0,0,0,0.012953102
11382,6920.657984,1,0,1,0,0,0,0.012927647
11384,6920.691328,1,0,1,0,0,0,0.013001573
11386,6920.724672,1,0,1,0,0,0,0.012945082
11388,6920.757984,1,0,1,0,0,0,0.012956589
11390,6920.791328,1,0,1,0,0,0,0.012915791
11392,6920.82464,1,0,1,0,0,0,0.012927647
11394,6920.857984,1,0,1,0,0,0,0.012909514
11396,6920.891328,1,0,1,0,0,0,0.012896612
11398,6920.92464,1,0,1,0,0,0,0.012996691
11400,6920.957984,1,0,1,0,0,0,0.012982045
11402,6920.991328,1,0,1,0,0,0,0.012972281
11404,6921.02464,1,0,1,0,0,0,0.012991111
11406,6921.057984,1,0,1,0,0,0,0.013026331
11408,6921.091296,1,0,1,0,0,0,0.013029469
11410,6921.12464,1,0,1,0,0,0,0.01300506
11412,6921.157984,1,0,1,0,0,0,0.01298065
11414,6921.191296,1,0,1,0,0,0,0.012971584
11416,6921.22464,1,0,1,0,0,0,0.013004014
11418,6921.257984,1,0,1,0,0,0,0.01301308
11420,6921.291296,1,0,1,0,0,0,0.012973327
11422,6921.32464,1,0,1,0,0,0,0.013056669
11424,6921.357952,1,0,1,0,0,0,0.012972979
11426,6921.391296,1,0,1,0,0,0,0.012971584
11428,6921.42464,1,0,1,0,0,0,0.012939851
11430,6921.457952,1,0,1,0,0,0,0.013013777
11432,6921.491296,1,0,1,0,0,0,0.012996691
11434,6921.524608,1,0,1,0,0,0,0.01302668
11436,6921.557952,1,0,1,0,0,0,0.012941246
11438,6921.591296,1,0,1,0,0,0,0.01297542
11440,6921.624608,1,0,1,0,0,0,0.012971584
11442,6921.657952,1,0,1,0,0,0,0.012984835
11444,6921.691296,1,0,1,0,0,0,0.012963215
11446,6921.724608,1,0,1,0,0,0,0.012974722
11448,6921.757952,1,0,1,0,0,0,0.012935318
11450,6921.791296,1,0,1,0,0,0,0.012933923
11452,6921.824608,1,0,1,0,0,0,0.012960076
11454,6921.857952,1,0,1,0,0,0,0.012944036
11456,6921.891264,1,0,1,0,0,0,0.01295903
11458,6921.924608,1,0,1,0,0,0,0.01292416
11460,6921.957952,1,0,1,0,0,0,0.012954148
11462,6921.991264,1,0,1,0,0,0,0.012971584
11464,6922.024608,1,0,1,0,0,0,0.012960425
11466,6922.057952,1,0,1,0,0,0,0.013009244
11468,6922.091264,1,0,1,0,0,0,0.012954148
11470,6922.124608,1,0,1,0,0,0,0.012917534
11472,6922.15792,1,0,1,0,0,0,0.01298065
11474,6922.191264,1,0,1,0,0,0,0.012942641
11476,6922.224608,1,0,1,0,0,0,0.012954846
11478,6922.257952,1,0,1,0,0,0,0.012981348
11480,6922.291264,1,0,1,0,0,0,0.012896263
11482,6922.324576,1,0,1,0,0,0,0.012941944
11484,6922.35792,1,0,1,0,0,0,0.012921719
11486,6922.391264,1,0,1,0,0,0,0.012946826
11488,6922.424576,1,0,1,0,0,0,0.012908816
11490,6922.45792,1,0,1,0,0,0,0.012948569
11492,6922.491264,1,0,1,0,0,0,0.012982394
11494,6922.524576,1,0,1,0,0,0,0.01291335
11496,6922.55792,1,0,1,0,0,0,0.012928344
11498,6922.591232,1,0,1,0,0,0,0.012914047
11500,6922.624576,1,0,1,0,0,0,0.012952056
11502,6922.65792,1,0,1,0,0,0,0.012970189
11504,6922.691232,1,0,1,0,0,0,0.012957287
11506,6922.724576,1,0,1,0,0,0,0.012947174
11508,6922.75792,1,0,1,0,0,0,0.012892776
11510,6922.791232,1,0,1,0,0,0,0.012931482
11512,6922.824576,1,0,1,0,0,0,0.012874294
11514,6922.857888,1,0,1,0,0,0,0.012956589
11516,6922.891232,1,0,1,0,0,0,0.012948569
11518,6922.924576,1,0,1,0,0,0,0.012909514
11520,6922.957888,1,0,1,0,0,0,0.012979953
11522,6922.991232,1,0,1,0,0,0,0.012909863
11524,6923.024576,1,0,1,0,0,0,0.012935318
11526,6923.057888,1,0,1,0,0,0,0.012940898
11528,6923.091232,1,0,1,0,0,0,0.012935667
11530,6923.124576,1,0,1,0,0,0,0.012953451
11532,6923.157888,1,0,1,0,0,0,0.01289696
11534,6923.191232,1,0,1,0,0,0,0.012922067
11536,6923.224544,1,0,1,0,0,0,0.012957287
11538,6923.257888,1,0,1,0,0,0,0.012913001
11540,6923.291232,1,0,1,0,0,0,0.012923462
11542,6923.324544,1,0,1,0,0,0,0.012870807
11544,6923.357888,1,0,1,0,0,0,0.012970538
11546,6923.391232,1,0,1,0,0,0,0.012885104
11548,6923.424544,1,0,1,0,0,0,0.012889637
11550,6923.457888,1,0,1,0,0,0,0.012942641
11552,6923.4912,1,0,1,0,0,0,0.012902191
11554,6923.524544,1,0,1,0,0,0,0.012909165
11556,6923.557888,1,0,1,0,0,0,0.012938805
11558,6923.5912,1,0,1,0,0,0,0.012891032
11560,6923.624544,1,0,1,0,0,0,0.012957984
11562,6923.657888,1,0,1,0,0,0,0.012960076
11564,6923.6912,1,0,1,0,0,0,0.012933575
11566,6923.724544,1,0,1,0,0,0,0.013009942
11568,6923.757856,1,0,1,0,0,0,0.012969492
11570,6923.7912,1,0,1,0,0,0,0.012946477
11572,6923.824544,1,0,1,0,0,0,0.012965307
11574,6923.857856,1,0,1,0,0,0,0.013000527
11576,6923.8912,1,0,1,0,0,0,0.013029469
11578,6923.924544,1,0,1,0,0,0,0.013049346
11580,6923.957856,1,0,1,0,0,0,0.012990065
11582,6923.9912,1,0,1,0,0,0,0.012970886
11584,6924.024512,1,0,1,0,0,0,0.012987973
11586,6924.057856,1,0,1,0,0,0,0.013010639
11588,6924.0912,1,0,1,0,0,0,0.012989019
11590,6924.124512,1,0,1,0,0,0,0.012996342
11592,6924.157856,1,0,1,0,0,0,0.012967748
11594,6924.1912,1,0,1,0,0,0,0.012977861
11596,6924.224512,1,0,1,0,0,0,0.012945779
11598,6924.257856,1,0,1,0,0,0,0.012935318
11600,6924.291168,1,0,1,0,0,0,0.012920672
11602,6924.324512,1,0,1,0,0,0,0.012955543
11604,6924.357856,1,0,1,0,0,0,0.012956589
11606,6924.391168,1,0,1,0,0,0,0.012957984
11608,6924.424512,1,0,1,0,0,0,0.012957287
11610,6924.457856,1,0,1,0,0,0,0.012902191
11612,6924.491168,1,0,1,0,0,0,0.012970886
11614,6924.524512,1,0,1,0,0,0,0.012915442
11616,6924.557824,1,0,1,0,0,0,0.012933923
11618,6924.591168,1,0,1,0,0,0,0.012979953
11620,6924.624512,1,0,1,0,0,0,0.012937062
11622,6924.657824,1,0,1,0,0,0,0.012956241
11624,6924.691168,1,0,1,0,0,0,0.012946128
11626,6924.724512,1,0,1,0,0,0,0.012931482
11628,6924.757824,1,0,1,0,0,0,0.012979255
11630,6924.791168,1,0,1,0,0,0,0.012916837
11632,6924.82448,1,0,1,0,0,0,0.012900099
11634,6924.857824,1,0,1,0,0,0,0.012910909
11636,6924.891168,1,0,1,0,0,0,0.012880571
11638,6924.92448,1,0,1,0,0,0,0.012922416
11640,6924.957824,1,0,1,0,0,0,0.012957287
11642,6924.991136,1,0,1,0,0,0,0.012938108
11644,6925.02448,1,0,1,0,0,0,0.012905329
11646,6925.057824,1,0,1,0,0,0,0.012924857
11648,6925.091136,1,0,1,0,0,0,0.012900447
11650,6925.12448,1,0,1,0,0,0,0.012956241
11652,6925.157824,1,0,1,0,0,0,0.012895565
11654,6925.191136,1,0,1,0,0,0,0.012902191
11656,6925.22448,1,0,1,0,0,0,0.012928344
11658,6925.257792,1,0,1,0,0,0,0.012892078
11660,6925.291136,1,0,1,0,0,0,0.012915791
11662,6925.32448,1,0,1,0,0,0,0.012911606
11664,6925.357792,1,0,1,0,0,0,0.012952056
11666,6925.391136,1,0,1,0,0,0,0.012886848
11668,6925.42448,1,0,1,0,0,0,0.012888591
11670,6925.457792,1,0,1,0,0,0,0.012937759
11672,6925.491136,1,0,1,0,0,0,0.012884756
11674,6925.524448,1,0,1,0,0,0,0.012918231
11676,6925.557792,1,0,1,0,0,0,0.01290254
11678,6925.591136,1,0,1,0,0,0,0.012904283
11680,6925.624448,1,0,1,0,0,0,0.012930088
11682,6925.657792,1,0,1,0,0,0,0.012889637
11684,6925.691136,1,0,1,0,0,0,0.012913698
11686,6925.724448,1,0,1,0,0,0,0.012876038
11688,6925.757792,1,0,1,0,0,0,0.012854767
11690,6925.791104,1,0,1,0,0,0,0.012931831
11692,6925.824448,1,0,1,0,0,0,0.012892776
11694,6925.857792,1,0,1,0,0,0,0.012898355
11696,6925.891104,1,0,1,0,0,0,0.012862438
11698,6925.924448,1,0,1,0,0,0,0.012842911
11700,6925.957792,1,0,1,0,0,0,0.012885104
11702,6925.991104,1,0,1,0,0,0,0.012868018
11704,6926.024448,1,0,1,0,0,0,0.012871853
11706,6926.05776,1,0,1,0,0,0,0.01288615
11708,6926.091104,1,0,1,0,0,0,0.012859997
11710,6926.124448,1,0,1,0,0,0,0.012882315
11712,6926.15776,1,0,1,0,0,0,0.012857556
11714,6926.191104,1,0,1,0,0,0,0.012897658
11716,6926.224448,1,0,1,0,0,0,0.012872202
11718,6926.25776,1,0,1,0,0,0,0.012908816
11720,6926.291104,1,0,1,0,0,0,0.012886848
11722,6926.324448,1,0,1,0,0,0,0.012899053
11724,6926.35776,1,0,1,0,0,0,0.012902191
11726,6926.391104,1,0,1,0,0,0,0.012841516
11728,6926.424416,1,0,1,0,0,0,0.012885104
11730,6926.45776,1,0,1,0,0,0,0.012898355
11732,6926.491104,1,0,1,0,0,0,0.012843259
11734,6926.524416,1,0,1,0,0,0,0.012888591
11736,6926.55776,1,0,1,0,0,0,0.012889637
11738,6926.591104,1,0,1,0,0,0,0.012878479
11740,6926.624416,1,0,1,0,0,0,0.012898704
11742,6926.65776,1,0,1,0,0,0,0.012845003
11744,6926.691072,1,0,1,0,0,0,0.012901145
11746,6926.724416,1,0,1,0,0,0,0.012861392
11748,6926.75776,1,0,1,0,0,0,0.012873597
11750,6926.791072,1,0,1,0,0,0,0.012933226
11752,6926.824416,1,0,1,0,0,0,0.012849187
11754,6926.85776,1,0,1,0,0,0,0.012893125
11756,6926.891072,1,0,1,0,0,0,0.012871156
11758,6926.924416,1,0,1,0,0,0,0.012885802
11760,6926.957728,1,0,1,0,0,0,0.012881617
11762,6926.991072,1,0,1,0,0,0,0.012878828
11764,6927.024416,1,0,1,0,0,0,0.012920672
11766,6927.057728,1,0,1,0,0,0,0.012911257
11768,6927.091072,1,0,1,0,0,0,0.012923113
11770,6927.124416,1,0,1,0,0,0,0.012949266
11772,6927.157728,1,0,1,0,0,0,0.012964261
11774,6927.191072,1,0,1,0,0,0,0.012936713
11776,6927.224384,1,0,1,0,0,0,0.012949266
11778,6927.257728,1,0,1,0,0,0,0.012938805
11780,6927.291072,1,0,1,0,0,0,0.012932529
11782,6927.324384,1,0,1,0,0,0,0.012884058
11784,6927.357728,1,0,1,0,0,0,0.012946826
11786,6927.391072,1,0,1,0,0,0,0.012874294
11788,6927.424384,1,0,1,0,0,0,0.012931831
11790,6927.457728,1,0,1,0,0,0,0.01290254
11792,6927.49104,1,0,1,0,0,0,0.012909165
11794,6927.524384,1,0,1,0,0,0,0.012962866
11796,6927.557728,1,0,1,0,0,0,0.012914396
11798,6927.59104,1,0,1,0,0,0,0.012964261
11800,6927.624384,1,0,1,0,0,0,0.012947174
11802,6927.657728,1,0,1,0,0,0,0.012946477
11804,6927.69104,1,0,1,0,0,0,0.012923462
11806,6927.724384,1,0,1,0,0,0,0.012873946
11808,6927.757696,1,0,1,0,0,0,0.012945082
11810,6927.79104,1,0,1,0,0,0,0.012909863
11812,6927.824384,1,0,1,0,0,0,0.012914396
11814,6927.857696,1,0,1,0,0,0,0.012919278
11816,6927.89104,1,0,1,0,0,0,0.01288894
11818,6927.924352,1,0,1,0,0,0,0.012910909
11820,6927.957696,1,0,1,0,0,0,0.012933923
11822,6927.99104,1,0,1,0,0,0,0.012916139
11824,6928.024352,1,0,1,0,0,0,0.012925903
11826,6928.057696,1,0,1,0,0,0,0.012884407
11828,6928.09104,1,0,1,0,0,0,0.012957287
11830,6928.124352,1,0,1,0,0,0,0.012915093
11832,6928.157696,1,0,1,0,0,0,0.012934272
11834,6928.191008,1,0,1,0,0,0,0.012895217
11836,6928.224352,1,0,1,0,0,0,0.01288092
11838,6928.257696,1,0,1,0,0,0,0.01296461
11840,6928.291008,1,0,1,0,0,0,0.012919278
11842,6928.324352,1,0,1,0,0,0,0.012883361
11844,6928.357696,1,0,1,0,0,0,0.012912303
11846,6928.391008,1,0,1,0,0,0,0.012909863
11848,6928.424352,1,0,1,0,0,0,0.012846398
11850,6928.457664,1,0,1,0,0,0,0.012899053
11852,6928.491008,1,0,1,0,0,0,0.012930436
11854,6928.524352,1,0,1,0,0,0,0.012908119
11856,6928.557664,1,0,1,0,0,0,0.012906375
11858,6928.591008,1,0,1,0,0,0,0.012920324
11860,6928.624352,1,0,1,0,0,0,0.012960774
11862,6928.657664,1,0,1,0,0,0,0.012950661
11864,6928.691008,1,0,1,0,0,0,0.012888243
11866,6928.724352,1,0,1,0,0,0,0.012934272
11868,6928.757664,1,0,1,0,0,0,0.012944036
11870,6928.791008,1,0,1,0,0,0,0.012913001
11872,6928.82432,1,0,1,0,0,0,0.012916139
11874,6928.857664,1,0,1,0,0,0,0.012955195
11876,6928.891008,1,0,1,0,0,0,0.012957635
11878,6928.92432,1,0,1,0,0,0,0.01291335
11880,6928.957664,1,0,1,0,0,0,0.012919278
11882,6928.991008,1,0,1,0,0,0,0.012922067
11884,6929.02432,1,0,1,0,0,0,0.012889637
11886,6929.057664,1,0,1,0,0,0,0.012899053
11888,6929.090976,1,0,1,0,0,0,0.012925206
11890,6929.12432,1,0,1,0,0,0,0.01288092
11892,6929.157664,1,0,1,0,0,0,0.012877781
11894,6929.190976,1,0,1,0,0,0,0.012932877
11896,6929.22432,1,0,1,0,0,0,0.01291335
11898,6929.257632,1,0,1,0,0,0,0.012917534
11900,6929.290976,1,0,1,0,0,0,0.012914744
11902,6929.32432,1,0,1,0,0,0,0.012911606
11904,6929.357632,1,0,1,0,0,0,0.012934969
11906,6929.390976,1,0,1,0,0,0,0.012901145
11908,6929.42432,1,0,1,0,0,0,0.012901494
11910,6929.457632,1,0,1,0,0,0,0.012906724
11912,6929.490976,1,0,1,0,0,0,0.012883709
11914,6929.52432,1,0,1,0,0,0,0.012886499
11916,6929.557632,1,0,1,0,0,0,0.012903586
11918,6929.590976,1,0,1,0,0,0,0.01288092
11920,6929.624288,1,0,1,0,0,0,0.012897658
11922,6929.657632,1,0,1,0,0,0,0.012858602
11924,6929.690976,1,0,1,0,0,0,0.012861741
11926,6929.724288,1,0,1,0,0,0,0.012908816
11928,6929.757632,1,0,1,0,0,0,0.012890684
11930,6929.790976,1,0,1,0,0,0,0.012910211
11932,6929.824288,1,0,1,0,0,0,0.012860346
11934,6929.857632,1,0,1,0,0,0,0.012883361
11936,6929.890944,1,0,1,0,0,0,0.012909514
11938,6929.924288,1,0,1,0,0,0,0.012888243
11940,6929.9576,1,0,1,0,0,0,0.012892427
11942,6929.990944,1,0,1,0,0,0,0.012888591
11944,6930.024288,1,0,1,0,0,0,0.012862438
11946,6930.0576,1,0,1,0,0,0,0.012931482
11948,6930.090944,1,0,1,0,0,0,0.012868715
11950,6930.124288,1,0,1,0,0,0,0.012883361
11952,6930.1576,1,0,1,0,0,0,0.012865228
11954,6930.190944,1,0,1,0,0,0,0.012849536
11956,6930.224288,1,0,1,0,0,0,0.012932877
11958,6930.2576,1,0,1,0,0,0,0.012901145
11960,6930.290944,1,0,1,0,0,0,0.012908468
11962,6930.324256,1,0,1,0,0,0,0.01292137
11964,6930.3576,1,0,1,0,0,0,0.012863833
11966,6930.390944,1,0,1,0,0,0,0.012885453
11968,6930.424256,1,0,1,0,0,0,0.012870459
11970,6930.4576,1,0,1,0,0,0,0.012953102
11972,6930.490944,1,0,1,0,0,0,0.012890684
11974,6930.524256,1,0,1,0,0,0,0.012865228
11976,6930.5576,1,0,1,0,0,0,0.012898704
11978,6930.590944,1,0,1,0,0,0,0.012845003
11980,6930.624256,1,0,1,0,0,0,0.012922765
11982,6930.6576,1,0,1,0,0,0,0.012870807
11984,6930.690944,1,0,1,0,0,0,0.012887545
11986,6930.724256,1,0,1,0,0,0,0.012844654
11988,6930.7576,1,0,1,0,0,0,0.012886848
11990,6930.790944,1,0,1,0,0,0,0.012909165
11992,6930.824256,1,0,1,0,0,0,0.012939154
11994,6930.857568,1,0,1,0,0,0,0.012947174
11996,6930.890912,1,0,1,0,0,0,0.0128593
11998,6930.924256,1,0,1,0,0,0,0.012890335
12000,6930.957568,1,0,1,0,0,0,0.012939154
12002,6930.990912,1,0,1,0,0,0,0.012885802
12004,6931.024256,1,0,1,0,0,0,0.012911257
12006,6931.057568,1,0,1,0,0,0,0.012902888
12008,6931.090912,1,0,1,0,0,0,0.012855115
12010,6931.124224,1,0,1,0,0,0,0.012867669
12012,6931.157568,1,0,1,0,0,0,0.012885802
12014,6931.190912,1,0,1,0,0,0,0.012926949
12016,6931.224224,1,0,1,0,0,0,0.012886499
12018,6931.257568,1,0,1,0,0,0,0.012902191
12020,6931.290912,1,0,1,0,0,0,0.01285651
12022,6931.324224,1,0,1,0,0,0,0.012854767
12024,6931.357568,1,0,1,0,0,0,0.01286732
12026,6931.390912,1,0,1,0,0,0,0.012845352
12028,6931.424224,1,0,1,0,0,0,0.012871853
12030,6931.457568,1,0,1,0,0,0,0.012867669
12032,6931.49088,1,0,1,0,0,0,0.012895217
12034,6931.524224,1,0,1,0,0,0,0.012910909
12036,6931.557568,1,0,1,0,0,0,0.012841167
12038,6931.59088,1,0,1,0,0,0,0.012876038
12040,6931.624224,1,0,1,0,0,0,0.012872551
12042,6931.657568,1,0,1,0,0,0,0.012891381
12044,6931.69088,1,0,1,0,0,0,0.012955892
12046,6931.724224,1,0,1,0,0,0,0.012901842
12048,6931.757536,1,0,1,0,0,0,0.012876038
12050,6931.79088,1,0,1,0,0,0,0.012888591
12052,6931.824224,1,0,1,0,0,0,0.012922765
12054,6931.857536,1,0,1,0,0,0,0.012889637
12056,6931.89088,1,0,1,0,0,0,0.012935667
12058,6931.924224,1,0,1,0,0,0,0.012866274
12060,6931.957536,1,0,1,0,0,0,0.012894519
12062,6931.99088,1,0,1,0,0,0,0.012859997
12064,6932.024192,1,0,1,0,0,0,0.012907073
12066,6932.057536,1,0,1,0,0,0,0.0129402
12068,6932.09088,1,0,1,0,0,0,0.01290254
12070,6932.124192,1,0,1,0,0,0,0.012936364
12072,6932.157536,1,0,1,0,0,0,0.012890335
12074,6932.19088,1,0,1,0,0,0,0.012867669
12076,6932.224192,1,0,1,0,0,0,0.012921719
12078,6932.257536,1,0,1,0,0,0,0.01292137
12080,6932.290848,1,0,1,0,0,0,0.012893125
12082,6932.324192,1,0,1,0,0,0,0.01289173
12084,6932.357536,1,0,1,0,0,0,0.012877781
12086,6932.390848,1,0,1,0,0,0,0.012854069
12088,6932.424192,1,0,1,0,0,0,0.012944733
12090,6932.457504,1,0,1,0,0,0,0.012921719
12092,6932.490848,1,0,1,0,0,0,0.012910211
12094,6932.524192,1,0,1,0,0,0,0.012866623
12096,6932.557504,1,0,1,0,0,0,0.012849187
12098,6932.590848,1,0,1,0,0,0,0.012877433
12100,6932.624192,1,0,1,0,0,0,0.012882315
12102,6932.657504,1,0,1,0,0,0,0.012886848
12104,6932.690848,1,0,1,0,0,0,0.012853023
12106,6932.724192,1,0,1,0,0,0,0.012855464
12108,6932.757504,1,0,1,0,0,0,0.012903586
12110,6932.790848,1,0,1,0,0,0,0.012839424
12112,6932.82416,1,0,1,0,0,0,0.012893125
12114,6932.857504,1,0,1,0,0,0,0.012885104
12116,6932.890848,1,0,1,0,0,0,0.012832798
12118,6932.92416,1,0,1,0,0,0,0.012903934
12120,6932.957504,1,0,1,0,0,0,0.012885802
12122,6932.990848,1,0,1,0,0,0,0.012890684
12124,6933.02416,1,0,1,0,0,0,0.012875689
12126,6933.057504,1,0,1,0,0,0,0.012838029
12128,6933.090816,1,0,1,0,0,0,0.012911606
12130,6933.12416,1,0,1,0,0,0,0.012883709
12132,6933.157472,1,0,1,0,0,0,0.012848141
12134,6933.190816,1,0,1,0,0,0,0.012853023
12136,6933.22416,1,0,1,0,0,0,0.012853372
12138,6933.257472,1,0,1,0,0,0,0.01289696
12140,6933.290816,1,0,1,0,0,0,0.012934621
12142,6933.32416,1,0,1,0,0,0,0.01289173
12144,6933.357472,1,0,1,0,0,0,0.012871505
12146,6933.390816,1,0,1,0,0,0,0.012884058
12148,6933.42416,1,0,1,0,0,0,0.012856859
12150,6933.457472,1,0,1,0,0,0,0.012830706
12152,6933.490816,1,0,1,0,0,0,0.012852674
12154,6933.52416,1,0,1,0,0,0,0.012847793
12156,6933.557472,1,0,1,0,0,0,0.012850931
12158,6933.590816,1,0,1,0,0,0,0.012882315
12160,6933.624128,1,0,1,0,0,0,0.012877781
12162,6933.657472,1,0,1,0,0,0,0.01284047
12164,6933.690816,1,0,1,0,0,0,0.012872551
12166,6933.724128,1,0,1,0,0,0,0.012890335
12168,6933.757472,1,0,1,0,0,0,0.01287534
12170,6933.790784,1,0,1,0,0,0,0.012834193
12172,6933.824128,1,0,1,0,0,0,0.012820245
12174,6933.857472,1,0,1,0,0,0,0.012869064
12176,6933.890784,1,0,1,0,0,0,0.012827567
12178,6933.924128,1,0,1,0,0,0,0.012837331
12180,6933.957472,1,0,1,0,0,0,0.012819547
12182,6933.990784,1,0,1,0,0,0,0.012827916
12184,6934.024128,1,0,1,0,0,0,0.012871853
12186,6934.057472,1,0,1,0,0,0,0.012851977
12188,6934.090784,1,0,1,0,0,0,0.012861741
12190,6934.124128,1,0,1,0,0,0,0.012835936
12192,6934.157472,1,0,1,0,0,0,0.012825126
12194,6934.190784,1,0,1,0,0,0,0.012856161
12196,6934.224128,1,0,1,0,0,0,0.012900099
12198,6934.257472,1,0,1,0,0,0,0.012908119
12200,6934.290784,1,0,1,0,0,0,0.012846398
12202,6934.324096,1,0,1,0,0,0,0.012850931
12204,6934.357472,1,0,1,0,0,0,0.012842562
12206,6934.390784,1,0,1,0,0,0,0.01289975
12208,6934.424096,1,0,1,0,0,0,0.012854418
12210,6934.457472,1,0,1,0,0,0,0.012859649
12212,6934.490784,1,0,1,0,0,0,0.012855464
12214,6934.524096,1,0,1,0,0,0,0.012872551
12216,6934.557472,1,0,1,0,0,0,0.012835239
12218,6934.590752,1,0,1,0,0,0,0.012895914
12220,6934.624096,1,0,1,0,0,0,0.01285128
12222,6934.657472,1,0,1,0,0,0,0.012835239
12224,6934.690752,1,0,1,0,0,0,0.012832449
12226,6934.724096,1,0,1,0,0,0,0.012819547
12228,6934.757472,1,0,1,0,0,0,0.012825475
12230,6934.790752,1,0,1,0,0,0,0.012827567
12232,6934.824096,1,0,1,0,0,0,0.012862787
12234,6934.857472,1,0,1,0,0,0,0.012803507
12236,6934.890752,1,0,1,0,0,0,0.012842911
12238,6934.924096,1,0,1,0,0,0,0.012828962
12240,6934.957408,1,0,1,0,0,0,0.012835588
12242,6934.990752,1,0,1,0,0,0,0.012827567
12244,6935.024096,1,0,1,0,0,0,0.012796881
12246,6935.057408,1,0,1,0,0,0,0.012826521
12248,6935.090752,1,0,1,0,0,0,0.012774564
12250,6935.124096,1,0,1,0,0,0,0.012825824
12252,6935.157408,1,0,1,0,0,0,0.012844305
12254,6935.190752,1,0,1,0,0,0,0.012798973
12256,6935.224064,1,0,1,0,0,0,0.012848839
12258,6935.257408,1,0,1,0,0,0,0.012810829
12260,6935.290752,1,0,1,0,0,0,0.012816409
12262,6935.324064,1,0,1,0,0,0,0.01285128
12264,6935.357408,1,0,1,0,0,0,0.012826173
12266,6935.390752,1,0,1,0,0,0,0.012855813
12268,6935.424064,1,0,1,0,0,0,0.01283489
12270,6935.457408,1,0,1,0,0,0,0.01283489
12272,6935.49072,1,0,1,0,0,0,0.012861741
12274,6935.524064,1,0,1,0,0,0,0.012865228
12276,6935.557408,1,0,1,0,0,0,0.012835936
12278,6935.59072,1,0,1,0,0,0,0.012807691
12280,6935.624064,1,0,1,0,0,0,0.012855813
12282,6935.657408,1,0,1,0,0,0,0.012828962
12284,6935.69072,1,0,1,0,0,0,0.012821988
12286,6935.724064,1,0,1,0,0,0,0.012843608
12288,6935.757376,1,0,1,0,0,0,0.012817455
12290,6935.79072,1,0,1,0,0,0,0.012832798
12292,6935.824064,1,0,1,0,0,0,0.012858951
12294,6935.857376,1,0,1,0,0,0,0.012792697
12296,6935.89072,1,0,1,0,0,0,0.012803855
12298,6935.924064,1,0,1,0,0,0,0.012788861
12300,6935.957376,1,0,1,0,0,0,0.012764103
12302,6935.99072,1,0,1,0,0,0,0.012756431
12304,6936.024032,1,0,1,0,0,0,0.012787466
12306,6936.057376,1,0,1,0,0,0,0.012776656
12308,6936.09072,1,0,1,0,0,0,0.012765846
12310,6936.124032,1,0,1,0,0,0,0.012777005
12312,6936.157376,1,0,1,0,0,0,0.012803855
12314,6936.19072,1,0,1,0,0,0,0.012831752
12316,6936.224032,1,0,1,0,0,0,0.012796184
12318,6936.257376,1,0,1,0,0,0,0.012775959
12320,6936.290688,1,0,1,0,0,0,0.012777005
12322,6936.324032,1,0,1,0,0,0,0.012814665
12324,6936.357376,1,0,1,0,0,0,0.012736903
12326,6936.390688,1,0,1,0,0,0,0.012824778
12328,6936.424032,1,0,1,0,0,0,0.012804204
12330,6936.457376,1,0,1,0,0,0,0.012769333
12332,6936.490688,1,0,1,0,0,0,0.012801763
12334,6936.524032,1,0,1,0,0,0,0.012769682
12336,6936.557344,1,0,1,0,0,0,0.01280246
12338,6936.590688,1,0,1,0,0,0,0.012793045
12340,6936.624032,1,0,1,0,0,0,0.012735509
12342,6936.657344,1,0,1,0,0,0,0.012833147
12344,6936.690688,1,0,1,0,0,0,0.012805948
12346,6936.724032,1,0,1,0,0,0,0.012746319
12348,6936.757344,1,0,1,0,0,0,0.012765149
12350,6936.790688,1,0,1,0,0,0,0.01279444
12352,6936.824,1,0,1,0,0,0,0.012754339
12354,6936.857344,1,0,1,0,0,0,0.012742134
12356,6936.890688,1,0,1,0,0,0,0.012748062
12358,6936.924,1,0,1,0,0,0,0.012724699
12360,6936.957344,1,0,1,0,0,0,0.012742831
12362,6936.990688,1,0,1,0,0,0,0.012754339
12364,6937.024,1,0,1,0,0,0,0.012740042
12366,6937.057344,1,0,1,0,0,0,0.012776307
12368,6937.090656,1,0,1,0,0,0,0.012730278
12370,6937.124,1,0,1,0,0,0,0.012744924
12372,6937.157344,1,0,1,0,0,0,0.012728534
12374,6937.190656,1,0,1,0,0,0,0.012734114
12376,6937.224,1,0,1,0,0,0,0.012771077
12378,6937.257344,1,0,1,0,0,0,0.012720514
12380,6937.290656,1,0,1,0,0,0,0.012705171
12382,6937.324,1,0,1,0,0,0,0.012730627
12384,6937.357312,1,0,1,0,0,0,0.012726442
12386,6937.390656,1,0,1,0,0,0,0.012768287
12388,6937.424,1,0,1,0,0,0,0.012709007
12390,6937.457312,1,0,1,0,0,0,0.012728186
12392,6937.490656,1,0,1,0,0,0,0.01272714
12394,6937.524,1,0,1,0,0,0,0.012707263
12396,6937.557312,1,0,1,0,0,0,0.012742134
12398,6937.590656,1,0,1,0,0,0,0.012785723
12400,6937.623968,1,0,1,0,0,0,0.012775261
12402,6937.657312,1,0,1,0,0,0,0.012762359
12404,6937.690656,1,0,1,0,0,0,0.012785374
12406,6937.723968,1,0,1,0,0,0,0.012796184
12408,6937.757312,1,0,1,0,0,0,0.012757826
12410,6937.790624,1,0,1,0,0,0,0.012790953
12412,6937.823968,1,0,1,0,0,0,0.012756082
12414,6937.857312,1,0,1,0,0,0,0.01275678
12416,6937.890624,1,0,1,0,0,0,0.012767241
12418,6937.923968,1,0,1,0,0,0,0.012707961
12420,6937.957312,1,0,1,0,0,0,0.012733765
12422,6937.990624,1,0,1,0,0,0,0.012690177
12424,6938.023968,1,0,1,0,0,0,0.012711796
12426,6938.05728,1,0,1,0,0,0,0.012706566
12428,6938.090624,1,0,1,0,0,0,0.012696802
12430,6938.123968,1,0,1,0,0,0,0.012693315
12432,6938.15728,1,0,1,0,0,0,0.012721212
12434,6938.190624,1,0,1,0,0,0,0.012748062
12436,6938.223968,1,0,1,0,0,0,0.012758523
12438,6938.25728,1,0,1,0,0,0,0.012770031
12440,6938.290624,1,0,1,0,0,0,0.0127512
12442,6938.323936,1,0,1,0,0,0,0.012787815
12444,6938.35728,1,0,1,0,0,0,0.012777354
12446,6938.390624,1,0,1,0,0,0,0.012794091
12448,6938.423936,1,0,1,0,0,0,0.012750852
12450,6938.45728,1,0,1,0,0,0,0.012767938
12452,6938.490624,1,0,1,0,0,0,0.012802112
12454,6938.523936,1,0,1,0,0,0,0.012803507
12456,6938.55728,1,0,1,0,0,0,0.012786071
12458,6938.590592,1,0,1,0,0,0,0.012762708
12460,6938.623936,1,0,1,0,0,0,0.012781189
12462,6938.65728,1,0,1,0,0,0,0.012817106
12464,6938.690592,1,0,1,0,0,0,0.012812922
12466,6938.723936,1,0,1,0,0,0,0.01282966
12468,6938.75728,1,0,1,0,0,0,0.012816409
12470,6938.790592,1,0,1,0,0,0,0.012809783
12472,6938.823936,1,0,1,0,0,0,0.012771774
12474,6938.85728,1,0,1,0,0,0,0.01277561
12476,6938.890592,1,0,1,0,0,0,0.012792697
12478,6938.923936,1,0,1,0,0,0,0.012757826
12480,6938.957248,1,0,1,0,0,0,0.012745272
12482,6938.990592,1,0,1,0,0,0,0.012798625
12484,6939.023936,1,0,1,0,0,0,0.012794091
12486,6939.057248,1,0,1,0,0,0,0.012758175
12488,6939.090592,1,0,1,0,0,0,0.012784328
12490,6939.123936,1,0,1,0,0,0,0.012751898
12492,6939.157248,1,0,1,0,0,0,0.012741088
12494,6939.190592,1,0,1,0,0,0,0.012800368
12496,6939.223904,1,0,1,0,0,0,0.012748411
12498,6939.257248,1,0,1,0,0,0,0.012809086
12500,6939.290592,1,0,1,0,0,0,0.012779446
12502,6939.323904,1,0,1,0,0,0,0.012737252
12504,6939.357248,1,0,1,0,0,0,0.012705171
12506,6939.390592,1,0,1,0,0,0,0.012740739
12508,6939.423904,1,0,1,0,0,0,0.012741088
12510,6939.457248,1,0,1,0,0,0,0.012708309
12512,6939.49056,1,0,1,0,0,0,0.012728534
12514,6939.523904,1,0,1,0,0,0,0.012777702
12516,6939.557248,1,0,1,0,0,0,0.01275678
12518,6939.59056,1,0,1,0,0,0,0.01274318
12520,6939.623904,1,0,1,0,0,0,0.012709704
12522,6939.657248,1,0,1,0,0,0,0.012757826
12524,6939.69056,1,0,1,0,0,0,0.012756431
12526,6939.723904,1,0,1,0,0,0,0.012783282
12528,6939.757216,1,0,1,0,0,0,0.012774913
12530,6939.79056,1,0,1,0,0,0,0.012722955
12532,6939.823904,1,0,1,0,0,0,0.0127512
12534,6939.857216,1,0,1,0,0,0,0.012758175
12536,6939.89056,1,0,1,0,0,0,0.012681459
12538,6939.923904,1,0,1,0,0,0,0.012736555
12540,6939.957216,1,0,1,0,0,0,0.012732719
12542,6939.99056,1,0,1,0,0,0,0.012694012
12544,6940.023872,1,0,1,0,0,0,0.012758523
12546,6940.057216,1,0,1,0,0,0,0.012738298
12548,6940.09056,1,0,1,0,0,0,0.012707263
12550,6940.123872,1,0,1,0,0,0,0.012724699
12552,6940.157216,1,0,1,0,0,0,0.01277282
12554,6940.19056,1,0,1,0,0,0,0.012700638
12556,6940.223872,1,0,1,0,0,0,0.012781538
12558,6940.257216,1,0,1,0,0,0,0.012741785
12560,6940.290528,1,0,1,0,0,0,0.01271075
12562,6940.323872,1,0,1,0,0,0,0.012729929
12564,6940.357216,1,0,1,0,0,0,0.012728186
12566,6940.390528,1,0,1,0,0,0,0.012757477
12568,6940.423872,1,0,1,0,0,0,0.012724001
12570,6940.457216,1,0,1,0,0,0,0.012705171
12572,6940.490528,1,0,1,0,0,0,0.012675182
12574,6940.523872,1,0,1,0,0,0,0.012687736
12576,6940.557184,1,0,1,0,0,0,0.012722258
12578,6940.590528,1,0,1,0,0,0,0.012730975
12580,6940.623872,1,0,1,0,0,0,0.012663326
12582,6940.657184,1,0,1,0,0,0,0.012725396
12584,6940.690528,1,0,1,0,0,0,0.012685992
12586,6940.723872,1,0,1,0,0,0,0.012697499
12588,6940.757184,1,0,1,0,0,0,0.012690525
12590,6940.790528,1,0,1,0,0,0,0.012689828
12592,6940.82384,1,0,1,0,0,0,0.012721212
12594,6940.857184,1,0,1,0,0,0,0.012672741
12596,6940.890528,1,0,1,0,0,0,0.012686689
12598,6940.92384,1,0,1,0,0,0,0.012692269
12600,6940.957184,1,0,1,0,0,0,0.012672741
12602,6940.990528,1,0,1,0,0,0,0.01268111
12604,6941.02384,1,0,1,0,0,0,0.012682505
12606,6941.057184,1,0,1,0,0,0,0.012682505
12608,6941.090496,1,0,1,0,0,0,0.01267309
12610,6941.12384,1,0,1,0,0,0,0.01267588
12612,6941.157184,1,0,1,0,0,0,0.012603697
12614,6941.190496,1,0,1,0,0,0,0.01264066
12616,6941.22384,1,0,1,0,0,0,0.012667511
12618,6941.257152,1,0,1,0,0,0,0.01264345
12620,6941.290496,1,0,1,0,0,0,0.01262985
12622,6941.32384,1,0,1,0,0,0,0.012687038
12624,6941.357152,1,0,1,0,0,0,0.01264345
12626,6941.390496,1,0,1,0,0,0,0.012685295
12628,6941.42384,1,0,1,0,0,0,0.01260823
12630,6941.457152,1,0,1,0,0,0,0.012703427
12632,6941.490496,1,0,1,0,0,0,0.012672392
12634,6941.523808,1,0,1,0,0,0,0.012672741
12636,6941.557152,1,0,1,0,0,0,0.01267588
12638,6941.590496,1,0,1,0,0,0,0.012669603
12640,6941.623808,1,0,1,0,0,0,0.012685295
12642,6941.657152,1,0,1,0,0,0,0.012660536
12644,6941.690496,1,0,1,0,0,0,0.012628804
12646,6941.723808,1,0,1,0,0,0,0.012629153
12648,6941.757152,1,0,1,0,0,0,0.012637173
12650,6941.790464,1,0,1,0,0,0,0.0126703
12652,6941.823808,1,0,1,0,0,0,0.012654957
12654,6941.857152,1,0,1,0,0,0,0.012643798
12656,6941.890464,1,0,1,0,0,0,0.012661583
12658,6941.923808,1,0,1,0,0,0,0.012649029
12660,6941.957152,1,0,1,0,0,0,0.012712843
12662,6941.990464,1,0,1,0,0,0,0.012726791
12664,6942.023808,1,0,1,0,0,0,0.012684249
12666,6942.05712,1,0,1,0,0,0,0.012691571
12668,6942.090464,1,0,1,0,0,0,0.012722258
12670,6942.123808,1,0,1,0,0,0,0.012749457
12672,6942.15712,1,0,1,0,0,0,0.012651819
12674,6942.190464,1,0,1,0,0,0,0.012739344
12676,6942.223808,1,0,1,0,0,0,0.012727488
12678,6942.25712,1,0,1,0,0,0,0.012719817
12680,6942.290464,1,0,1,0,0,0,0.012723653
12682,6942.323808,1,0,1,0,0,0,0.012722606
12684,6942.35712,1,0,1,0,0,0,0.012696453
12686,6942.390464,1,0,1,0,0,0,0.012729232
12688,6942.423776,1,0,1,0,0,0,0.012696105
12690,6942.45712,1,0,1,0,0,0,0.012695756
12692,6942.490464,1,0,1,0,0,0,0.012705171
12694,6942.523776,1,0,1,0,0,0,0.012710402
12696,6942.55712,1,0,1,0,0,0,0.012666116
12698,6942.590464,1,0,1,0,0,0,0.012741088
12700,6942.623776,1,0,1,0,0,0,0.012749108
12702,6942.65712,1,0,1,0,0,0,0.012706217
12704,6942.690432,1,0,1,0,0,0,0.012718771
12706,6942.723776,1,0,1,0,0,0,0.012730627
12708,6942.75712,1,0,1,0,0,0,0.012738647
12710,6942.790432,1,0,1,0,0,0,0.012697151
12712,6942.823776,1,0,1,0,0,0,0.012644496
12714,6942.85712,1,0,1,0,0,0,0.012682505
12716,6942.890432,1,0,1,0,0,0,0.012635081
12718,6942.923776,1,0,1,0,0,0,0.012667162
12720,6942.957088,1,0,1,0,0,0,0.01267309
12722,6942.990432,1,0,1,0,0,0,0.012624968
12724,6943.023776,1,0,1,0,0,0,0.01263787
12726,6943.057088,1,0,1,0,0,0,0.012630896
12728,6943.090432,1,0,1,0,0,0,0.012591492
12730,6943.123776,1,0,1,0,0,0,0.012639614
12732,6943.157088,1,0,1,0,0,0,0.012596025
12734,6943.190432,1,0,1,0,0,0,0.01261904
12736,6943.223744,1,0,1,0,0,0,0.012623573
12738,6943.257088,1,0,1,0,0,0,0.012591144
12740,6943.290432,1,0,1,0,0,0,0.012628804
12742,6943.323744,1,0,1,0,0,0,0.012637173
12744,6943.357088,1,0,1,0,0,0,0.012642404
12746,6943.390432,1,0,1,0,0,0,0.01262985
12748,6943.423744,1,0,1,0,0,0,0.01267588
12750,6943.457088,1,0,1,0,0,0,0.012664023
12752,6943.4904,1,0,1,0,0,0,0.012642055
12754,6943.523744,1,0,1,0,0,0,0.012669951
12756,6943.557088,1,0,1,0,0,0,0.012622527
12758,6943.5904,1,0,1,0,0,0,0.01263264
12760,6943.623744,1,0,1,0,0,0,0.012638916
12762,6943.657056,1,0,1,0,0,0,0.012604046
12764,6943.6904,1,0,1,0,0,0,0.012636824
12766,6943.723744,1,0,1,0,0,0,0.012667859
12768,6943.757056,1,0,1,0,0,0,0.01261381
12770,6943.7904,1,0,1,0,0,0,0.012635081
12772,6943.823712,1,0,1,0,0,0,0.01260823
12774,6943.857056,1,0,1,0,0,0,0.012601605
12776,6943.8904,1,0,1,0,0,0,0.012582426
12778,6943.923712,1,0,1,0,0,0,0.01262706
12780,6943.957056,1,0,1,0,0,0,0.012574754
12782,6943.9904,1,0,1,0,0,0,0.012630896
12784,6944.023712,1,0,1,0,0,0,0.012560457
12786,6944.057056,1,0,1,0,0,0,0.012625666
12788,6944.0904,1,0,1,0,0,0,0.012624968
12790,6944.123712,1,0,1,0,0,0,0.012624968
12792,6944.157056,1,0,1,0,0,0,0.01261381
12794,6944.190368,1,0,1,0,0,0,0.01261625
12796,6944.223712,1,0,1,0,0,0,0.012615902
12798,6944.257056,1,0,1,0,0,0,0.012615902
12800,6944.290368,1,0,1,0,0,0,0.012600907
12802,6944.323712,1,0,1,0,0,0,0.012609276
12804,6944.357056,1,0,1,0,0,0,0.012579287
12806,6944.390368,1,0,1,0,0,0,0.012565339
12808,6944.423712,1,0,1,0,0,0,0.012615902
12810,6944.457024,1,0,1,0,0,0,0.01256499
12812,6944.490368,1,0,1,0,0,0,0.012599513
12814,6944.523712,1,0,1,0,0,0,0.012583123
12816,6944.557024,1,0,1,0,0,0,0.012603
12818,6944.590368,1,0,1,0,0,0,0.012603348
12820,6944.623712,1,0,1,0,0,0,0.01256778
12822,6944.657024,1,0,1,0,0,0,0.012628455
12824,6944.690368,1,0,1,0,0,0,0.012628107
12826,6944.72368,1,0,1,0,0,0,0.012590446
12828,6944.757024,1,0,1,0,0,0,0.012604394
12830,6944.790368,1,0,1,0,0,0,0.012600907
12832,6944.82368,1,0,1,0,0,0,0.012637173
12834,6944.857024,1,0,1,0,0,0,0.012617297
12836,6944.890368,1,0,1,0,0,0,0.012567083
12838,6944.92368,1,0,1,0,0,0,0.012602651
12840,6944.957024,1,0,1,0,0,0,0.01260823
12842,6944.990368,1,0,1,0,0,0,0.012639614
12844,6945.02368,1,0,1,0,0,0,0.012564293
12846,6945.057024,1,0,1,0,0,0,0.012567083
12848,6945.090336,1,0,1,0,0,0,0.01262183
12850,6945.12368,1,0,1,0,0,0,0.012623922
12852,6945.157024,1,0,1,0,0,0,0.012627758
12854,6945.190336,1,0,1,0,0,0,0.012658095
12856,6945.22368,1,0,1,0,0,0,0.012592887
12858,6945.257024,1,0,1,0,0,0,0.012596374
12860,6945.290336,1,0,1,0,0,0,0.012612066
12862,6945.32368,1,0,1,0,0,0,0.012615204
12864,6945.356992,1,0,1,0,0,0,0.012596374
12866,6945.390336,1,0,1,0,0,0,0.012612415
12868,6945.42368,1,0,1,0,0,0,0.012569872
12870,6945.456992,1,0,1,0,0,0,0.012555227
12872,6945.490336,1,0,1,0,0,0,0.012620784
12874,6945.52368,1,0,1,0,0,0,0.012578939
12876,6945.556992,1,0,1,0,0,0,0.012647983
12878,6945.590336,1,0,1,0,0,0,0.012604394
12880,6945.623648,1,0,1,0,0,0,0.012603348
12882,6945.656992,1,0,1,0,0,0,0.012666813
12884,6945.690336,1,0,1,0,0,0,0.01267832
12886,6945.723648,1,0,1,0,0,0,0.012649378
12888,6945.756992,1,0,1,0,0,0,0.012656003
12890,6945.790336,1,0,1,0,0,0,0.01265147
12892,6945.823648,1,0,1,0,0,0,0.012686689
12894,6945.856992,1,0,1,0,0,0,0.012698546
12896,6945.890304,1,0,1,0,0,0,0.012696802
12898,6945.923648,1,0,1,0,0,0,0.012634732
12900,6945.956992,1,0,1,0,0,0,0.012649378
12902,6945.990304,1,0,1,0,0,0,0.012666813
12904,6946.023648,1,0,1,0,0,0,0.012624271
12906,6946.05696,1,0,1,0,0,0,0.012684249
12908,6946.090304,1,0,1,0,0,0,0.012654608
12910,6946.123648,1,0,1,0,0,0,0.012651121
12912,6946.15696,1,0,1,0,0,0,0.01263264
12914,6946.190304,1,0,1,0,0,0,0.012620086
12916,6946.223648,1,0,1,0,0,0,0.01256499
12918,6946.25696,1,0,1,0,0,0,0.012603
12920,6946.290304,1,0,1,0,0,0,0.012615553
12922,6946.323616,1,0,1,0,0,0,0.012625317
12924,6946.35696,1,0,1,0,0,0,0.012635429
12926,6946.390304,1,0,1,0,0,0,0.012661931
12928,6946.423616,1,0,1,0,0,0,0.012700638
12930,6946.45696,1,0,1,0,0,0,0.012667162
12932,6946.490304,1,0,1,0,0,0,0.012661583
12934,6946.523616,1,0,1,0,0,0,0.012659839
12936,6946.55696,1,0,1,0,0,0,0.012657398
12938,6946.590304,1,0,1,0,0,0,0.01265949
12940,6946.623616,1,0,1,0,0,0,0.01269192
12942,6946.65696,1,0,1,0,0,0,0.012708309
12944,6946.690272,1,0,1,0,0,0,0.012738298
12946,6946.723616,1,0,1,0,0,0,0.012668557
12948,6946.75696,1,0,1,0,0,0,0.012731673
12950,6946.790272,1,0,1,0,0,0,0.012702381
12952,6946.823616,1,0,1,0,0,0,0.012709007
12954,6946.85696,1,0,1,0,0,0,0.012659142
12956,6946.890272,1,0,1,0,0,0,0.012694361
12958,6946.923616,1,0,1,0,0,0,0.012641357
12960,6946.956928,1,0,1,0,0,0,0.012668208
12962,6946.990272,1,0,1,0,0,0,0.012711448
12964,6947.023616,1,0,1,0,0,0,0.012705868
12966,6947.056928,1,0,1,0,0,0,0.012668557
12968,6947.090272,1,0,1,0,0,0,0.012711448
12970,6947.123584,1,0,1,0,0,0,0.012710402
12972,6947.156928,1,0,1,0,0,0,0.012692269
12974,6947.190272,1,0,1,0,0,0,0.012657398
12976,6947.223584,1,0,1,0,0,0,0.01265949
12978,6947.256928,1,0,1,0,0,0,0.012631245
12980,6947.290272,1,0,1,0,0,0,0.012649029
12982,6947.323584,1,0,1,0,0,0,0.012640311
12984,6947.356928,1,0,1,0,0,0,0.012669254
12986,6947.390272,1,0,1,0,0,0,0.012587656
12988,6947.423584,1,0,1,0,0,0,0.012673787
12990,6947.456928,1,0,1,0,0,0,0.012647983
12992,6947.49024,1,0,1,0,0,0,0.012688084
12994,6947.523584,1,0,1,0,0,0,0.012696105
12996,6947.556928,1,0,1,0,0,0,0.012704822
12998,6947.59024,1,0,1,0,0,0,0.012664023
13000,6947.623584,1,0,1,0,0,0,0.012656003
13002,6947.656928,1,0,1,0,0,0,0.012694012
13004,6947.69024,1,0,1,0,0,0,0.012647983
13006,6947.723584,1,0,1,0,0,0,0.012695407
13008,6947.756896,1,0,1,0,0,0,0.012703776
13010,6947.79024,1,0,1,0,0,0,0.012706217
13012,6947.823552,1,0,1,0,0,0,0.012681459
13014,6947.856896,1,0,1,0,0,0,0.012749108
13016,6947.89024,1,0,1,0,0,0,0.012698546
13018,6947.923552,1,0,1,0,0,0,0.012728186
13020,6947.956896,1,0,1,0,0,0,0.012687387
13022,6947.99024,1,0,1,0,0,0,0.012697848
13024,6948.023552,1,0,1,0,0,0,0.012715981
13026,6948.056896,1,0,1,0,0,0,0.012707961
13028,6948.09024,1,0,1,0,0,0,0.012685643
13030,6948.123552,1,0,1,0,0,0,0.012700638
13032,6948.156896,1,0,1,0,0,0,0.012706566
13034,6948.190208,1,0,1,0,0,0,0.012709355
13036,6948.223552,1,0,1,0,0,0,0.012697499
13038,6948.256896,1,0,1,0,0,0,0.012712843
13040,6948.290208,1,0,1,0,0,0,0.012726093
13042,6948.323552,1,0,1,0,0,0,0.012730975
13044,6948.356896,1,0,1,0,0,0,0.012680761
13046,6948.390208,1,0,1,0,0,0,0.012707612
13048,6948.423552,1,0,1,0,0,0,0.012684597
13050,6948.456864,1,0,1,0,0,0,0.012692269
13052,6948.490208,1,0,1,0,0,0,0.012672392
13054,6948.523552,1,0,1,0,0,0,0.012693664
13056,6948.556864,1,0,1,0,0,0,0.012683551
13058,6948.590208,1,0,1,0,0,0,0.012701684
13060,6948.62352,1,0,1,0,0,0,0.012715284
13062,6948.656864,1,0,1,0,0,0,0.012704474
13064,6948.690208,1,0,1,0,0,0,0.01269192
13066,6948.72352,1,0,1,0,0,0,0.012658793
13068,6948.756864,1,0,1,0,0,0,0.012681459
13070,6948.790208,1,0,1,0,0,0,0.012698546
13072,6948.82352,1,0,1,0,0,0,0.012745272
13074,6948.856864,1,0,1,0,0,0,0.012720165
13076,6948.890208,1,0,1,0,0,0,0.012697151
13078,6948.92352,1,0,1,0,0,0,0.012707961
13080,6948.956864,1,0,1,0,0,0,0.012690177
13082,6948.990176,1,0,1,0,0,0,0.012752247
13084,6949.02352,1,0,1,0,0,0,0.012696453
13086,6949.056864,1,0,1,0,0,0,0.012681808
13088,6949.090176,1,0,1,0,0,0,0.012679715
13090,6949.12352,1,0,1,0,0,0,0.012696105
13092,6949.156864,1,0,1,0,0,0,0.012708309
13094,6949.190176,1,0,1,0,0,0,0.01268111
13096,6949.22352,1,0,1,0,0,0,0.012679367
13098,6949.256864,1,0,1,0,0,0,0.012662977
13100,6949.290176,1,0,1,0,0,0,0.012679018
13102,6949.32352,1,0,1,0,0,0,0.012682854
13104,6949.356832,1,0,1,0,0,0,0.012711796
13106,6949.390176,1,0,1,0,0,0,0.012666813
13108,6949.42352,1,0,1,0,0,0,0.012655306
13110,6949.456832,1,0,1,0,0,0,0.012671695
13112,6949.490176,1,0,1,0,0,0,0.012649726
13114,6949.52352,1,0,1,0,0,0,0.012685643
13116,6949.556832,1,0,1,0,0,0,0.01261904
13118,6949.590176,1,0,1,0,0,0,0.012704474
13120,6949.623488,1,0,1,0,0,0,0.012641009
13122,6949.656832,1,0,1,0,0,0,0.012643101
13124,6949.690176,1,0,1,0,0,0,0.012637173
13126,6949.723488,1,0,1,0,0,0,0.012672741
13128,6949.756832,1,0,1,0,0,0,0.012650075
13130,6949.790176,1,0,1,0,0,0,0.012609974
13132,6949.823488,1,0,1,0,0,0,0.01264066
13134,6949.856832,1,0,1,0,0,0,0.012677972
13136,6949.890144,1,0,1,0,0,0,0.012669951
13138,6949.923488,1,0,1,0,0,0,0.012668208
13140,6949.956832,1,0,1,0,0,0,0.012688084
13142,6949.990144,1,0,1,0,0,0,0.012631942
13144,6950.023488,1,0,1,0,0,0,0.012668905
13146,6950.056832,1,0,1,0,0,0,0.012659142
13148,6950.090144,1,0,1,0,0,0,0.01272714
13150,6950.123488,1,0,1,0,0,0,0.012664721
13152,6950.1568,1,0,1,0,0,0,0.012701684
13154,6950.190144,1,0,1,0,0,0,0.012668905
13156,6950.223488,1,0,1,0,0,0,0.01269471
13158,6950.2568,1,0,1,0,0,0,0.012672741
13160,6950.290144,1,0,1,0,0,0,0.012625317
13162,6950.323488,1,0,1,0,0,0,0.012638219
13164,6950.3568,1,0,1,0,0,0,0.012650424
13166,6950.390144,1,0,1,0,0,0,0.012653911
13168,6950.423488,1,0,1,0,0,0,0.012622876
13170,6950.4568,1,0,1,0,0,0,0.012702381
13172,6950.490144,1,0,1,0,0,0,0.012692269
13174,6950.523488,1,0,1,0,0,0,0.01263264
13176,6950.5568,1,0,1,0,0,0,0.012591492
13178,6950.590144,1,0,1,0,0,0,0.012635081
13180,6950.623488,1,0,1,0,0,0,0.012586959
13182,6950.6568,1,0,1,0,0,0,0.012604394
13184,6950.690112,1,0,1,0,0,0,0.012601953
13186,6950.723488,1,0,1,0,0,0,0.012595677
13188,6950.7568,1,0,1,0,0,0,0.012650773
13190,6950.790112,1,0,1,0,0,0,0.012613112
13192,6950.823488,1,0,1,0,0,0,0.01264066
13194,6950.8568,1,0,1,0,0,0,0.012662629
13196,6950.890112,1,0,1,0,0,0,0.012632291
13198,6950.923488,1,0,1,0,0,0,0.012641009
13200,6950.956768,1,0,1,0,0,0,0.012641009
13202,6950.990112,1,0,1,0,0,0,0.012669603
13204,6951.023488,1,0,1,0,0,0,0.012645193
13206,6951.056768,1,0,1,0,0,0,0.012657398
13208,6951.090112,1,0,1,0,0,0,0.012649726
13210,6951.123488,1,0,1,0,0,0,0.012642752
13212,6951.156768,1,0,1,0,0,0,0.012645542
13214,6951.190112,1,0,1,0,0,0,0.012635429
13216,6951.223488,1,0,1,0,0,0,0.012655654
13218,6951.256768,1,0,1,0,0,0,0.012622179
13220,6951.290112,1,0,1,0,0,0,0.012647285
13222,6951.323488,1,0,1,0,0,0,0.01262706
13224,6951.356768,1,0,1,0,0,0,0.012674833
13226,6951.39008,1,0,1,0,0,0,0.012668557
13228,6951.423488,1,0,1,0,0,0,0.012617645
13230,6951.456768,1,0,1,0,0,0,0.012662629
13232,6951.49008,1,0,1,0,0,0,0.012688084
13234,6951.523488,1,0,1,0,0,0,0.0126703
13236,6951.556768,1,0,1,0,0,0,0.012706217
13238,6951.59008,1,0,1,0,0,0,0.012644496
13240,6951.623488,1,0,1,0,0,0,0.012638916
13242,6951.656768,1,0,1,0,0,0,0.01261625
13244,6951.69008,1,0,1,0,0,0,0.012623922
13246,6951.723424,1,0,1,0,0,0,0.012644147
13248,6951.756736,1,0,1,0,0,0,0.012620086
13250,6951.79008,1,0,1,0,0,0,0.012657049
13252,6951.823424,1,0,1,0,0,0,0.012625666
13254,6951.856736,1,0,1,0,0,0,0.012615553
13256,6951.89008,1,0,1,0,0,0,0.012642055
13258,6951.923392,1,0,1,0,0,0,0.012667859
13260,6951.956736,1,0,1,0,0,0,0.012626014
13262,6951.99008,1,0,1,0,0,0,0.012616948
13264,6952.023392,1,0,1,0,0,0,0.012681808
13266,6952.056736,1,0,1,0,0,0,0.012625317
13268,6952.09008,1,0,1,0,0,0,0.012617645
13270,6952.123392,1,0,1,0,0,0,0.012646937
13272,6952.156736,1,0,1,0,0,0,0.01264066
13274,6952.190048,1,0,1,0,0,0,0.01264868
13276,6952.223392,1,0,1,0,0,0,0.012624619
13278,6952.256736,1,0,1,0,0,0,0.012656003
13280,6952.290048,1,0,1,0,0,0,0.012612415
13282,6952.323392,1,0,1,0,0,0,0.012609974
13284,6952.356736,1,0,1,0,0,0,0.01263264
13286,6952.390048,1,0,1,0,0,0,0.012615204
13288,6952.423392,1,0,1,0,0,0,0.012635429
13290,6952.456704,1,0,1,0,0,0,0.012610671
13292,6952.490048,1,0,1,0,0,0,0.012634732
13294,6952.523392,1,0,1,0,0,0,0.012613461
13296,6952.556704,1,0,1,0,0,0,0.01261625
13298,6952.590048,1,0,1,0,0,0,0.012624619
13300,6952.623392,1,0,1,0,0,0,0.012582426
13302,6952.656704,1,0,1,0,0,0,0.012601256
13304,6952.690048,1,0,1,0,0,0,0.012615553
13306,6952.72336,1,0,1,0,0,0,0.012585564
13308,6952.756704,1,0,1,0,0,0,0.012610322
13310,6952.790048,1,0,1,0,0,0,0.012639265
13312,6952.82336,1,0,1,0,0,0,0.01260021
13314,6952.856704,1,0,1,0,0,0,0.012629153
13316,6952.890048,1,0,1,0,0,0,0.012624271
13318,6952.92336,1,0,1,0,0,0,0.012629501
13320,6952.956704,1,0,1,0,0,0,0.012612763
13322,6952.990016,1,0,1,0,0,0,0.012617297
13324,6953.02336,1,0,1,0,0,0,0.012639963
13326,6953.056704,1,0,1,0,0,0,0.012642055
13328,6953.090016,1,0,1,0,0,0,0.012651819
13330,6953.12336,1,0,1,0,0,0,0.012578241
13332,6953.156704,1,0,1,0,0,0,0.012598118
13334,6953.190016,1,0,1,0,0,0,0.012661234
13336,6953.22336,1,0,1,0,0,0,0.012676577
13338,6953.256672,1,0,1,0,0,0,0.012622527
13340,6953.290016,1,0,1,0,0,0,0.012632291
13342,6953.32336,1,0,1,0,0,0,0.01262706
13344,6953.356672,1,0,1,0,0,0,0.012620435
13346,6953.390016,1,0,1,0,0,0,0.012641357
13348,6953.42336,1,0,1,0,0,0,0.012676577
13350,6953.456672,1,0,1,0,0,0,0.012642055
13352,6953.490016,1,0,1,0,0,0,0.012698546
13354,6953.52336,1,0,1,0,0,0,0.012681459
13356,6953.556672,1,0,1,0,0,0,0.012673439
13358,6953.590016,1,0,1,0,0,0,0.012693664
13360,6953.623328,1,0,1,0,0,0,0.01269994
13362,6953.656672,1,0,1,0,0,0,0.012742831
13364,6953.690016,1,0,1,0,0,0,0.012774215
13366,6953.723328,1,0,1,0,0,0,0.012737601
13368,6953.756672,1,0,1,0,0,0,0.012706915
13370,6953.790016,1,0,1,0,0,0,0.012699592
13372,6953.823328,1,0,1,0,0,0,0.012674485
13374,6953.856672,1,0,1,0,0,0,0.012690525
13376,6953.889984,1,0,1,0,0,0,0.012708658
13378,6953.923328,1,0,1,0,0,0,0.012690525
13380,6953.956672,1,0,1,0,0,0,0.012690177
13382,6953.989984,1,0,1,0,0,0,0.012681808
13384,6954.023328,1,0,1,0,0,0,0.012645542
13386,6954.056672,1,0,1,0,0,0,0.012647285
13388,6954.089984,1,0,1,0,0,0,0.012644147
13390,6954.123328,1,0,1,0,0,0,0.012620435
13392,6954.15664,1,0,1,0,0,0,0.012636476
13394,6954.189984,1,0,1,0,0,0,0.012609276
13396,6954.223328,1,0,1,0,0,0,0.012601256
13398,6954.25664,1,0,1,0,0,0,0.012617994
13400,6954.289984,1,0,1,0,0,0,0.012645542
13402,6954.323328,1,0,1,0,0,0,0.01266507
13404,6954.35664,1,0,1,0,0,0,0.01264345
13406,6954.389984,1,0,1,0,0,0,0.012577544
13408,6954.423296,1,0,1,0,0,0,0.012647634
13410,6954.45664,1,0,1,0,0,0,0.012636476
13412,6954.489984,1,0,1,0,0,0,0.012630199
13414,6954.523296,1,0,1,0,0,0,0.012608928
13416,6954.55664,1,0,1,0,0,0,0.012587656
13418,6954.589984,1,0,1,0,0,0,0.01259219
13420,6954.623296,1,0,1,0,0,0,0.012594979
13422,6954.65664,1,0,1,0,0,0,0.01261102
13424,6954.689952,1,0,1,0,0,0,0.012613112
13426,6954.723296,1,0,1,0,0,0,0.012549996
13428,6954.75664,1,0,1,0,0,0,0.012588354
13430,6954.789952,1,0,1,0,0,0,0.012634035
13432,6954.823296,1,0,1,0,0,0,0.012610322
13434,6954.85664,1,0,1,0,0,0,0.012633337
13436,6954.889952,1,0,1,0,0,0,0.01257859
13438,6954.923296,1,0,1,0,0,0,0.012624619
13440,6954.956608,1,0,1,0,0,0,0.012616599
13442,6954.989952,1,0,1,0,0,0,0.01260021
13444,6955.023296,1,0,1,0,0,0,0.012604046
13446,6955.056608,1,0,1,0,0,0,0.012611369
13448,6955.089952,1,0,1,0,0,0,0.012588703
13450,6955.123296,1,0,1,0,0,0,0.012595328
13452,6955.156608,1,0,1,0,0,0,0.012593584
13454,6955.189952,1,0,1,0,0,0,0.012626014
13456,6955.223264,1,0,1,0,0,0,0.012613461
13458,6955.256608,1,0,1,0,0,0,0.012574754
13460,6955.289952,1,0,1,0,0,0,0.012636127
13462,6955.323264,1,0,1,0,0,0,0.012617645
13464,6955.356608,1,0,1,0,0,0,0.012582426
13466,6955.389952,1,0,1,0,0,0,0.012578939
13468,6955.423264,1,0,1,0,0,0,0.012629153
13470,6955.456608,1,0,1,0,0,0,0.012633337
13472,6955.489952,1,0,1,0,0,0,0.012601605
13474,6955.523264,1,0,1,0,0,0,0.012608928
13476,6955.556608,1,0,1,0,0,0,0.012586262
13478,6955.58992,1,0,1,0,0,0,0.012601256
13480,6955.623264,1,0,1,0,0,0,0.012628804
13482,6955.656608,1,0,1,0,0,0,0.012627758
13484,6955.68992,1,0,1,0,0,0,0.012616599
13486,6955.723264,1,0,1,0,0,0,0.012636824
13488,6955.756576,1,0,1,0,0,0,0.012618343
13490,6955.78992,1,0,1,0,0,0,0.012600907
13492,6955.823264,1,0,1,0,0,0,0.012624619
13494,6955.856576,1,0,1,0,0,0,0.012653911
13496,6955.88992,1,0,1,0,0,0,0.012617297
13498,6955.923232,1,0,1,0,0,0,0.012609625
13500,6955.956576,1,0,1,0,0,0,0.012578241
13502,6955.98992,1,0,1,0,0,0,0.012680413
13504,6956.023232,1,0,1,0,0,0,0.012604743
13506,6956.056576,1,0,1,0,0,0,0.012633337
13508,6956.08992,1,0,1,0,0,0,0.012651121
13510,6956.123232,1,0,1,0,0,0,0.012672044
13512,6956.156576,1,0,1,0,0,0,0.012661234
13514,6956.189888,1,0,1,0,0,0,0.01273516
13516,6956.223232,1,0,1,0,0,0,0.012656352
13518,6956.256576,1,0,1,0,0,0,0.012659839
13520,6956.28992,1,0,1,0,0,0,0.012679367
13522,6956.323232,1,0,1,0,0,0,0.012688782
13524,6956.356576,1,0,1,0,0,0,0.012675531
13526,6956.389888,1,0,1,0,0,0,0.012656003
13528,6956.423232,1,0,1,0,0,0,0.012686341
13530,6956.456544,1,0,1,0,0,0,0.012665418
13532,6956.489888,1,0,1,0,0,0,0.012687736
13534,6956.523232,1,0,1,0,0,0,0.012652865
13536,6956.556544,1,0,1,0,0,0,0.012640311
13538,6956.589888,1,0,1,0,0,0,0.012641357
13540,6956.623232,1,0,1,0,0,0,0.012627409
13542,6956.656544,1,0,1,0,0,0,0.012615902
13544,6956.689888,1,0,1,0,0,0,0.012632291
13546,6956.7232,1,0,1,0,0,0,0.01264868
13548,6956.756544,1,0,1,0,0,0,0.012706566
13550,6956.789888,1,0,1,0,0,0,0.012660885
13552,6956.8232,1,0,1,0,0,0,0.012732021
13554,6956.856544,1,0,1,0,0,0,0.012689479
13556,6956.889888,1,0,1,0,0,0,0.012680761
13558,6956.9232,1,0,1,0,0,0,0.012705868
13560,6956.956544,1,0,1,0,0,0,0.012654957
13562,6956.989888,1,0,1,0,0,0,0.012673787
13564,6957.0232,1,0,1,0,0,0,0.012603
13566,6957.056544,1,0,1,0,0,0,0.012656701
13568,6957.089856,1,0,1,0,0,0,0.012636824
13570,6957.1232,1,0,1,0,0,0,0.012652516
13572,6957.156544,1,0,1,0,0,0,0.012630896
13574,6957.189856,1,0,1,0,0,0,0.012620435
13576,6957.2232,1,0,1,0,0,0,0.012686341
13578,6957.256544,1,0,1,0,0,0,0.012673787
13580,6957.289856,1,0,1,0,0,0,0.012674485
13582,6957.3232,1,0,1,0,0,0,0.01265426
13584,6957.356512,1,0,1,0,0,0,0.012669254
13586,6957.389856,1,0,1,0,0,0,0.012656352
13588,6957.4232,1,0,1,0,0,0,0.012624271
13590,6957.456512,1,0,1,0,0,0,0.012652516
13592,6957.489856,1,0,1,0,0,0,0.012670649
13594,6957.5232,1,0,1,0,0,0,0.012632988
13596,6957.556512,1,0,1,0,0,0,0.01260823
13598,6957.589856,1,0,1,0,0,0,0.012629501
13600,6957.623168,1,0,1,0,0,0,0.012657747
13602,6957.656512,1,0,1,0,0,0,0.012596025
13604,6957.689856,1,0,1,0,0,0,0.012632291
13606,6957.723168,1,0,1,0,0,0,0.012704822
13608,6957.756512,1,0,1,0,0,0,0.012651121
13610,6957.789856,1,0,1,0,0,0,0.012673787
13612,6957.823168,1,0,1,0,0,0,0.012644496
13614,6957.856512,1,0,1,0,0,0,0.012641357
13616,6957.889824,1,0,1,0,0,0,0.012671695
13618,6957.923168,1,0,1,0,0,0,0.012666464
13620,6957.956512,1,0,1,0,0,0,0.012617994
13622,6957.989824,1,0,1,0,0,0,0.012635429
13624,6958.023168,1,0,1,0,0,0,0.01262706
13626,6958.056512,1,0,1,0,0,0,0.012651121
13628,6958.089824,1,0,1,0,0,0,0.012654608
13630,6958.123168,1,0,1,0,0,0,0.012610671
13632,6958.15648,1,0,1,0,0,0,0.012609625
13634,6958.189824,1,0,1,0,0,0,0.012624271
13636,6958.223168,1,0,1,0,0,0,0.012636127
13638,6958.25648,1,0,1,0,0,0,0.012644496
13640,6958.289824,1,0,1,0,0,0,0.012683551
13642,6958.323168,1,0,1,0,0,0,0.012635429
13644,6958.35648,1,0,1,0,0,0,0.012648332
13646,6958.389824,1,0,1,0,0,0,0.012631245
13648,6958.423136,1,0,1,0,0,0,0.012606138
13650,6958.45648,1,0,1,0,0,0,0.01265426
13652,6958.489824,1,0,1,0,0,0,0.012600907
13654,6958.523136,1,0,1,0,0,0,0.012631245
13656,6958.55648,1,0,1,0,0,0,0.012644496
13658,6958.589824,1,0,1,0,0,0,0.01261625
13660,6958.623136,1,0,1,0,0,0,0.012656003
13662,6958.65648,1,0,1,0,0,0,0.012628804
13664,6958.689792,1,0,1,0,0,0,0.012677274
13666,6958.723136,1,0,1,0,0,0,0.012660885
13668,6958.75648,1,0,1,0,0,0,0.012690874
13670,6958.789792,1,0,1,0,0,0,0.012635081
13672,6958.823136,1,0,1,0,0,0,0.012640311
13674,6958.85648,1,0,1,0,0,0,0.012628804
13676,6958.889792,1,0,1,0,0,0,0.012611369
13678,6958.923136,1,0,1,0,0,0,0.012621481
13680,6958.956448,1,0,1,0,0,0,0.012636127
13682,6958.989792,1,0,1,0,0,0,0.012620086
13684,6959.023136,1,0,1,0,0,0,0.012644496
13686,6959.056448,1,0,1,0,0,0,0.012645542
13688,6959.089792,1,0,1,0,0,0,0.012585564
13690,6959.123136,1,0,1,0,0,0,0.012627409
13692,6959.156448,1,0,1,0,0,0,0.012573359
13694,6959.189792,1,0,1,0,0,0,0.012629153
13696,6959.223104,1,0,1,0,0,0,0.012611369
13698,6959.256448,1,0,1,0,0,0,0.012659142
13700,6959.28976,1,0,1,0,0,0,0.012616599
13702,6959.323104,1,0,1,0,0,0,0.012587308
13704,6959.356448,1,0,1,0,0,0,0.012625666
13706,6959.38976,1,0,1,0,0,0,0.012606835
13708,6959.423104,1,0,1,0,0,0,0.012620435
13710,6959.456448,1,0,1,0,0,0,0.012607533
13712,6959.48976,1,0,1,0,0,0,0.012631245
13714,6959.523104,1,0,1,0,0,0,0.012577195
13716,6959.556448,1,0,1,0,0,0,0.012563247
13718,6959.58976,1,0,1,0,0,0,0.012568478
13720,6959.623104,1,0,1,0,0,0,0.012638219
13722,6959.656416,1,0,1,0,0,0,0.012593236
13724,6959.68976,1,0,1,0,0,0,0.012632988
13726,6959.723104,1,0,1,0,0,0,0.012603
13728,6959.756416,1,0,1,0,0,0,0.012607533
13730,6959.78976,1,0,1,0,0,0,0.012659839
13732,6959.823104,1,0,1,0,0,0,0.012599861
13734,6959.856416,1,0,1,0,0,0,0.012592887
13736,6959.88976,1,0,1,0,0,0,0.012567083
13738,6959.923072,1,0,1,0,0,0,0.012539535
13740,6959.956416,1,0,1,0,0,0,0.012549647
13742,6959.98976,1,0,1,0,0,0,0.012560109
13744,6960.023072,1,0,1,0,0,0,0.012582426
13746,6960.056416,1,0,1,0,0,0,0.012568478
13748,6960.08976,1,0,1,0,0,0,0.012549647
13750,6960.123072,1,0,1,0,0,0,0.012523843
13752,6960.156416,1,0,1,0,0,0,0.012539535
13754,6960.189728,1,0,1,0,0,0,0.012558714
13756,6960.223072,1,0,1,0,0,0,0.012600907
13758,6960.256416,1,0,1,0,0,0,0.012584169
13760,6960.289728,1,0,1,0,0,0,0.012605441
13762,6960.323072,1,0,1,0,0,0,0.012574406
13764,6960.356416,1,0,1,0,0,0,0.012604046
13766,6960.389728,1,0,1,0,0,0,0.012568826
13768,6960.423072,1,0,1,0,0,0,0.012570918
13770,6960.456384,1,0,1,0,0,0,0.012605441
13772,6960.489728,1,0,1,0,0,0,0.01262183
13774,6960.523072,1,0,1,0,0,0,0.01260823
13776,6960.556384,1,0,1,0,0,0,0.012611369
13778,6960.589728,1,0,1,0,0,0,0.012602302
13780,6960.623072,1,0,1,0,0,0,0.012629501
13782,6960.656384,1,0,1,0,0,0,0.012609276
13784,6960.689728,1,0,1,0,0,0,0.012669603
13786,6960.723072,1,0,1,0,0,0,0.012622179
13788,6960.756384,1,0,1,0,0,0,0.01263787
13790,6960.789728,1,0,1,0,0,0,0.012584867
13792,6960.82304,1,0,1,0,0,0,0.012634035
13794,6960.856384,1,0,1,0,0,0,0.012606487
13796,6960.889728,1,0,1,0,0,0,0.012615553
13798,6960.92304,1,0,1,0,0,0,0.012639963
13800,6960.956384,1,0,1,0,0,0,0.012624968
13802,6960.989728,1,0,1,0,0,0,0.012607881
13804,6961.02304,1,0,1,0,0,0,0.012607881
13806,6961.056384,1,0,1,0,0,0,0.012580682
13808,6961.089696,1,0,1,0,0,0,0.012617994
13810,6961.12304,1,0,1,0,0,0,0.012548252
13812,6961.156384,1,0,1,0,0,0,0.012604046
13814,6961.189696,1,0,1,0,0,0,0.012592538
13816,6961.22304,1,0,1,0,0,0,0.0125758
13818,6961.256384,1,0,1,0,0,0,0.012602651
13820,6961.289696,1,0,1,0,0,0,0.012568478
13822,6961.32304,1,0,1,0,0,0,0.012586959
13824,6961.356352,1,0,1,0,0,0,0.012628804
13826,6961.389696,1,0,1,0,0,0,0.012565688
13828,6961.42304,1,0,1,0,0,0,0.012582775
13830,6961.456352,1,0,1,0,0,0,0.012579636
13832,6961.489696,1,0,1,0,0,0,0.012617994
13834,6961.52304,1,0,1,0,0,0,0.012580334
13836,6961.556352,1,0,1,0,0,0,0.012623573
13838,6961.589696,1,0,1,0,0,0,0.012588005
13840,6961.623008,1,0,1,0,0,0,0.012593933
13842,6961.656352,1,0,1,0,0,0,0.012610671
13844,6961.689696,1,0,1,0,0,0,0.012580682
13846,6961.723008,1,0,1,0,0,0,0.012591841
13848,6961.756352,1,0,1,0,0,0,0.012575103
13850,6961.789664,1,0,1,0,0,0,0.012622876
13852,6961.823008,1,0,1,0,0,0,0.012592538
13854,6961.856352,1,0,1,0,0,0,0.012605092
13856,6961.889664,1,0,1,0,0,0,0.012574406
13858,6961.923008,1,0,1,0,0,0,0.01257057
13860,6961.956352,1,0,1,0,0,0,0.012601256
13862,6961.989664,1,0,1,0,0,0,0.012603348
13864,6962.023008,1,0,1,0,0,0,0.012574406
13866,6962.056352,1,0,1,0,0,0,0.012627409
13868,6962.089664,1,0,1,0,0,0,0.012557319
13870,6962.123008,1,0,1,0,0,0,0.012567083
13872,6962.15632,1,0,1,0,0,0,0.012565688
13874,6962.189664,1,0,1,0,0,0,0.012622876
13876,6962.223008,1,0,1,0,0,0,0.012577195
13878,6962.25632,1,0,1,0,0,0,0.012562898
13880,6962.289664,1,0,1,0,0,0,0.012562549
13882,6962.323008,1,0,1,0,0,0,0.012572662
13884,6962.35632,1,0,1,0,0,0,0.012565688
13886,6962.389664,1,0,1,0,0,0,0.012584867
13888,6962.422976,1,0,1,0,0,0,0.01252733
13890,6962.45632,1,0,1,0,0,0,0.012562898
13892,6962.489632,1,0,1,0,0,0,0.012523843
13894,6962.522976,1,0,1,0,0,0,0.012580334
13896,6962.55632,1,0,1,0,0,0,0.012508151
13898,6962.589632,1,0,1,0,0,0,0.012545114
13900,6962.622976,1,0,1,0,0,0,0.01251373
13902,6962.65632,1,0,1,0,0,0,0.012508151
13904,6962.689632,1,0,1,0,0,0,0.012551391
13906,6962.722976,1,0,1,0,0,0,0.012584518
13908,6962.75632,1,0,1,0,0,0,0.012594631
13910,6962.789632,1,0,1,0,0,0,0.012591144
13912,6962.822976,1,0,1,0,0,0,0.012571267
13914,6962.856288,1,0,1,0,0,0,0.01258661
13916,6962.889632,1,0,1,0,0,0,0.012569175
13918,6962.922976,1,0,1,0,0,0,0.012555924
13920,6962.956288,1,0,1,0,0,0,0.012535002
13922,6962.989632,1,0,1,0,0,0,0.012547555
13924,6963.022976,1,0,1,0,0,0,0.012545114
13926,6963.056288,1,0,1,0,0,0,0.012556273
13928,6963.089632,1,0,1,0,0,0,0.012563944
13930,6963.122944,1,0,1,0,0,0,0.0125085
13932,6963.156288,1,0,1,0,0,0,0.012527679
13934,6963.189632,1,0,1,0,0,0,0.01256499
13936,6963.222944,1,0,1,0,0,0,0.012563596
13938,6963.256288,1,0,1,0,0,0,0.012556273
13940,6963.2896,1,0,1,0,0,0,0.012542673
13942,6963.322944,1,0,1,0,0,0,0.01255418
13944,6963.356288,1,0,1,0,0,0,0.012560806
13946,6963.3896,1,0,1,0,0,0,0.012557668
13948,6963.422944,1,0,1,0,0,0,0.012572662
13950,6963.456288,1,0,1,0,0,0,0.012546858
13952,6963.4896,1,0,1,0,0,0,0.012590097
13954,6963.522944,1,0,1,0,0,0,0.012558365
13956,6963.556288,1,0,1,0,0,0,0.012559411
13958,6963.5896,1,0,1,0,0,0,0.012531863
13960,6963.622944,1,0,1,0,0,0,0.012545463
13962,6963.656256,1,0,1,0,0,0,0.012556273
13964,6963.6896,1,0,1,0,0,0,0.012560806
13966,6963.722944,1,0,1,0,0,0,0.012533258
13968,6963.756256,1,0,1,0,0,0,0.012547904
13970,6963.7896,1,0,1,0,0,0,0.012537791
13972,6963.822944,1,0,1,0,0,0,0.012592538
13974,6963.856256,1,0,1,0,0,0,0.012551391
13976,6963.8896,1,0,1,0,0,0,0.012586262
13978,6963.922944,1,0,1,0,0,0,0.012559411
13980,6963.956256,1,0,1,0,0,0,0.012574754
13982,6963.9896,1,0,1,0,0,0,0.012567083
13984,6964.022944,1,0,1,0,0,0,0.012559062
13986,6964.056256,1,0,1,0,0,0,0.012566037
13988,6964.0896,1,0,1,0,0,0,0.012533607
13990,6964.122912,1,0,1,0,0,0,0.012569872
13992,6964.156256,1,0,1,0,0,0,0.01256778
13994,6964.1896,1,0,1,0,0,0,0.012560806
13996,6964.222912,1,0,1,0,0,0,0.01263787
13998,6964.256256,1,0,1,0,0,0,0.012594979
14000,6964.289568,1,0,1,0,0,0,0.012603
14002,6964.322912,1,0,1,0,0,0,0.012581031
14004,6964.356256,1,0,1,0,0,0,0.012609974
14006,6964.389568,1,0,1,0,0,0,0.012581728
14008,6964.422912,1,0,1,0,0,0,0.012514776
14010,6964.456256,1,0,1,0,0,0,0.012561155
14012,6964.489568,1,0,1,0,0,0,0.012605789
14014,6964.522912,1,0,1,0,0,0,0.012568478
14016,6964.556224,1,0,1,0,0,0,0.012567083
14018,6964.589568,1,0,1,0,0,0,0.012533607
14020,6964.622912,1,0,1,0,0,0,0.012543719
14022,6964.656224,1,0,1,0,0,0,0.012546858
14024,6964.689568,1,0,1,0,0,0,0.012541627
14026,6964.722912,1,0,1,0,0,0,0.012499782
14028,6964.756224,1,0,1,0,0,0,0.012545463
14030,6964.789568,1,0,1,0,0,0,0.012510941
14032,6964.82288,1,0,1,0,0,0,0.012520356
14034,6964.856224,1,0,1,0,0,0,0.012500828
14036,6964.889568,1,0,1,0,0,0,0.012499782
14038,6964.92288,1,0,1,0,0,0,0.012523843
14040,6964.956224,1,0,1,0,0,0,0.012450963
14042,6964.989568,1,0,1,0,0,0,0.012523494
14044,6965.02288,1,0,1,0,0,0,0.012537094
14046,6965.056224,1,0,1,0,0,0,0.012523843
14048,6965.089536,1,0,1,0,0,0,0.012516869
14050,6965.12288,1,0,1,0,0,0,0.012507454
14052,6965.156224,1,0,1,0,0,0,0.012541278
14054,6965.189536,1,0,1,0,0,0,0.012512684
14056,6965.22288,1,0,1,0,0,0,0.012510243
14058,6965.256192,1,0,1,0,0,0,0.012518264
14060,6965.289536,1,0,1,0,0,0,0.012518961
14062,6965.32288,1,0,1,0,0,0,0.012513382
14064,6965.356192,1,0,1,0,0,0,0.012509546
14066,6965.389536,1,0,1,0,0,0,0.012509546
14068,6965.42288,1,0,1,0,0,0,0.012508151
14070,6965.456192,1,0,1,0,0,0,0.012494203
14072,6965.489536,1,0,1,0,0,0,0.012496295
14074,6965.522848,1,0,1,0,0,0,0.01255418
14076,6965.556192,1,0,1,0,0,0,0.012466306
14078,6965.589536,1,0,1,0,0,0,0.012531863
14080,6965.622848,1,0,1,0,0,0,0.012533955
14082,6965.656192,1,0,1,0,0,0,0.012496295
14084,6965.689536,1,0,1,0,0,0,0.012519658
14086,6965.722848,1,0,1,0,0,0,0.01250292
14088,6965.756192,1,0,1,0,0,0,0.01248688
14090,6965.789504,1,0,1,0,0,0,0.012545463
14092,6965.822848,1,0,1,0,0,0,0.012495946
14094,6965.856192,1,0,1,0,0,0,0.012529771
14096,6965.889504,1,0,1,0,0,0,0.012481301
14098,6965.922848,1,0,1,0,0,0,0.012467352
14100,6965.956192,1,0,1,0,0,0,0.012496992
14102,6965.989504,1,0,1,0,0,0,0.012526981
14104,6966.022848,1,0,1,0,0,0,0.01248409
14106,6966.056192,1,0,1,0,0,0,0.012478162
14108,6966.089504,1,0,1,0,0,0,0.012532212
14110,6966.122848,1,0,1,0,0,0,0.012479906
14112,6966.15616,1,0,1,0,0,0,0.012532212
14114,6966.189504,1,0,1,0,0,0,0.012549647
14116,6966.222848,1,0,1,0,0,0,0.012545463
14118,6966.25616,1,0,1,0,0,0,0.012512336
14120,6966.289504,1,0,1,0,0,0,0.012505361
14122,6966.322848,1,0,1,0,0,0,0.012531514
14124,6966.35616,1,0,1,0,0,0,0.012507105
14126,6966.389504,1,0,1,0,0,0,0.01250292
14128,6966.422816,1,0,1,0,0,0,0.012538489
14130,6966.45616,1,0,1,0,0,0,0.012526981
14132,6966.489504,1,0,1,0,0,0,0.012512336
14134,6966.522816,1,0,1,0,0,0,0.012509546
14136,6966.55616,1,0,1,0,0,0,0.012519658
14138,6966.589472,1,0,1,0,0,0,0.012503967
14140,6966.622816,1,0,1,0,0,0,0.012553134
14142,6966.65616,1,0,1,0,0,0,0.012532212
14144,6966.689472,1,0,1,0,0,0,0.012522448
14146,6966.722816,1,0,1,0,0,0,0.012536048
14148,6966.75616,1,0,1,0,0,0,0.012582077
14150,6966.789472,1,0,1,0,0,0,0.01251373
14152,6966.822816,1,0,1,0,0,0,0.012564642
14154,6966.85616,1,0,1,0,0,0,0.012533258
14156,6966.889472,1,0,1,0,0,0,0.012523843
14158,6966.922816,1,0,1,0,0,0,0.012511638
14160,6966.956128,1,0,1,0,0,0,0.012539535
14162,6966.989472,1,0,1,0,0,0,0.012557668
14164,6967.022816,1,0,1,0,0,0,0.012572313
14166,6967.056128,1,0,1,0,0,0,0.012545114
14168,6967.089472,1,0,1,0,0,0,0.012511289
14170,6967.122784,1,0,1,0,0,0,0.012543371
14172,6967.156128,1,0,1,0,0,0,0.012532909
14174,6967.189472,1,0,1,0,0,0,0.012526981
14176,6967.222784,1,0,1,0,0,0,0.012488972
14178,6967.256128,1,0,1,0,0,0,0.01244364
14180,6967.289472,1,0,1,0,0,0,0.012434922
14182,6967.322784,1,0,1,0,0,0,0.012450614
14184,6967.356128,1,0,1,0,0,0,0.012479906
14186,6967.389472,1,0,1,0,0,0,0.012468398
14188,6967.422784,1,0,1,0,0,0,0.012443291
14190,6967.456128,1,0,1,0,0,0,0.012462122
14192,6967.489472,1,0,1,0,0,0,0.012477813
14194,6967.522784,1,0,1,0,0,0,0.012494551
14196,6967.556128,1,0,1,0,0,0,0.012494551
14198,6967.589472,1,0,1,0,0,0,0.012456194
14200,6967.622784,1,0,1,0,0,0,0.01252733
14202,6967.656096,1,0,1,0,0,0,0.012449219
14204,6967.689472,1,0,1,0,0,0,0.012455147
14206,6967.722784,1,0,1,0,0,0,0.012465609
14208,6967.756096,1,0,1,0,0,0,0.012483044
14210,6967.789472,1,0,1,0,0,0,0.01245166
14212,6967.822784,1,0,1,0,0,0,0.012441897
14214,6967.856096,1,0,1,0,0,0,0.012459681
14216,6967.889472,1,0,1,0,0,0,0.012452706
14218,6967.922784,1,0,1,0,0,0,0.012428297
14220,6967.956096,1,0,1,0,0,0,0.012402493
14222,6967.989472,1,0,1,0,0,0,0.012434574
14224,6968.022752,1,0,1,0,0,0,0.012433179
14226,6968.056096,1,0,1,0,0,0,0.012360648
14228,6968.089472,1,0,1,0,0,0,0.01244085
14230,6968.122752,1,0,1,0,0,0,0.012419231
14232,6968.156096,1,0,1,0,0,0,0.012354022
14234,6968.189472,1,0,1,0,0,0,0.01239238
14236,6968.222752,1,0,1,0,0,0,0.012418882
14238,6968.256096,1,0,1,0,0,0,0.012372155
14240,6968.289472,1,0,1,0,0,0,0.012367273
14242,6968.322752,1,0,1,0,0,0,0.01232229
14244,6968.356096,1,0,1,0,0,0,0.012376339
14246,6968.389408,1,0,1,0,0,0,0.012365181
14248,6968.422752,1,0,1,0,0,0,0.012415395
14250,6968.456096,1,0,1,0,0,0,0.012401446
14252,6968.489408,1,0,1,0,0,0,0.012356812
14254,6968.522752,1,0,1,0,0,0,0.01237355
14256,6968.556064,1,0,1,0,0,0,0.012372852
14258,6968.589408,1,0,1,0,0,0,0.012345653
14260,6968.622752,1,0,1,0,0,0,0.012372504
14262,6968.656064,1,0,1,0,0,0,0.012380175
14264,6968.689408,1,0,1,0,0,0,0.012374247
14266,6968.722752,1,0,1,0,0,0,0.01240319
14268,6968.756064,1,0,1,0,0,0,0.01242481
14270,6968.789408,1,0,1,0,0,0,0.012381919
14272,6968.82272,1,0,1,0,0,0,0.012449917
14274,6968.856064,1,0,1,0,0,0,0.012425159
14276,6968.889408,1,0,1,0,0,0,0.012437015
14278,6968.92272,1,0,1,0,0,0,0.012458635
14280,6968.956064,1,0,1,0,0,0,0.01244643
14282,6968.989376,1,0,1,0,0,0,0.012506059
14284,6969.02272,1,0,1,0,0,0,0.012440502
14286,6969.056064,1,0,1,0,0,0,0.012485834
14288,6969.089376,1,0,1,0,0,0,0.012468747
14290,6969.12272,1,0,1,0,0,0,0.012401098
14292,6969.156064,1,0,1,0,0,0,0.012412605
14294,6969.189376,1,0,1,0,0,0,0.012393426
14296,6969.22272,1,0,1,0,0,0,0.012408769
14298,6969.256032,1,0,1,0,0,0,0.012385057
14300,6969.289376,1,0,1,0,0,0,0.012402144
14302,6969.32272,1,0,1,0,0,0,0.012419928
14304,6969.356032,1,0,1,0,0,0,0.012401098
14306,6969.389376,1,0,1,0,0,0,0.012412605
14308,6969.42272,1,0,1,0,0,0,0.01239517
14310,6969.456032,1,0,1,0,0,0,0.012447127
14312,6969.489376,1,0,1,0,0,0,0.01245166
14314,6969.522688,1,0,1,0,0,0,0.012407026
14316,6969.556032,1,0,1,0,0,0,0.012399005
14318,6969.589376,1,0,1,0,0,0,0.012420625
14320,6969.622688,1,0,1,0,0,0,0.012453753
14322,6969.656032,1,0,1,0,0,0,0.012469096
14324,6969.689376,1,0,1,0,0,0,0.012476419
14326,6969.722688,1,0,1,0,0,0,0.012470491
14328,6969.756032,1,0,1,0,0,0,0.012498039
14330,6969.789376,1,0,1,0,0,0,0.012494551
14332,6969.822688,1,0,1,0,0,0,0.012460727
14334,6969.856032,1,0,1,0,0,0,0.012535699
14336,6969.889344,1,0,1,0,0,0,0.012492459
14338,6969.922688,1,0,1,0,0,0,0.012504664
14340,6969.956032,1,0,1,0,0,0,0.012532909
14342,6969.989344,1,0,1,0,0,0,0.012522448
14344,6970.022688,1,0,1,0,0,0,0.012506059
14346,6970.056032,1,0,1,0,0,0,0.012541976
14348,6970.089344,1,0,1,0,0,0,0.012523494
14350,6970.122688,1,0,1,0,0,0,0.012461424
14352,6970.156,1,0,1,0,0,0,0.012506059
14354,6970.189344,1,0,1,0,0,0,0.012481301
14356,6970.222688,1,0,1,0,0,0,0.012504664
14358,6970.256,1,0,1,0,0,0,0.012419231
14360,6970.289344,1,0,1,0,0,0,0.012439107
14362,6970.322688,1,0,1,0,0,0,0.012410164
14364,6970.356,1,0,1,0,0,0,0.012442245
14366,6970.389344,1,0,1,0,0,0,0.012398308
14368,6970.422656,1,0,1,0,0,0,0.012442594
14370,6970.456,1,0,1,0,0,0,0.012447825
14372,6970.489344,1,0,1,0,0,0,0.012469096
14374,6970.522656,1,0,1,0,0,0,0.012423764
14376,6970.556,1,0,1,0,0,0,0.012450614
14378,6970.589344,1,0,1,0,0,0,0.012445732
14380,6970.622656,1,0,1,0,0,0,0.012422369
14382,6970.656,1,0,1,0,0,0,0.012407723
14384,6970.689312,1,0,1,0,0,0,0.012405282
14386,6970.722656,1,0,1,0,0,0,0.012434922
14388,6970.756,1,0,1,0,0,0,0.01244643
14390,6970.789312,1,0,1,0,0,0,0.01244643
14392,6970.822656,1,0,1,0,0,0,0.012441897
14394,6970.855968,1,0,1,0,0,0,0.012415743
14396,6970.889312,1,0,1,0,0,0,0.012363089
14398,6970.922656,1,0,1,0,0,0,0.012425159
14400,6970.955968,1,0,1,0,0,0,0.012344956
14402,6970.989312,1,0,1,0,0,0,0.012339725
14404,6971.022656,1,0,1,0,0,0,0.012353673
14406,6971.055968,1,0,1,0,0,0,0.012380873
14408,6971.089312,1,0,1,0,0,0,0.012439804
14410,6971.122624,1,0,1,0,0,0,0.012375293
14412,6971.155968,1,0,1,0,0,0,0.012374945
14414,6971.189312,1,0,1,0,0,0,0.012433528
14416,6971.222624,1,0,1,0,0,0,0.012412605
14418,6971.255968,1,0,1,0,0,0,0.012401098
14420,6971.289312,1,0,1,0,0,0,0.012418184
14422,6971.322624,1,0,1,0,0,0,0.012380873
14424,6971.355968,1,0,1,0,0,0,0.012422718
14426,6971.389312,1,0,1,0,0,0,0.012391683
14428,6971.422624,1,0,1,0,0,0,0.012412954
14430,6971.455968,1,0,1,0,0,0,0.012414
14432,6971.48928,1,0,1,0,0,0,0.012448173
14434,6971.522624,1,0,1,0,0,0,0.012443989
14436,6971.555968,1,0,1,0,0,0,0.012457937
14438,6971.58928,1,0,1,0,0,0,0.01245445
14440,6971.622624,1,0,1,0,0,0,0.012496295
14442,6971.655968,1,0,1,0,0,0,0.012519658
14444,6971.68928,1,0,1,0,0,0,0.012530817
14446,6971.722624,1,0,1,0,0,0,0.012483393
14448,6971.755936,1,0,1,0,0,0,0.012507454
14450,6971.78928,1,0,1,0,0,0,0.012520356
14452,6971.822624,1,0,1,0,0,0,0.01248967
14454,6971.855936,1,0,1,0,0,0,0.012484439
14456,6971.88928,1,0,1,0,0,0,0.012467352
14458,6971.922624,1,0,1,0,0,0,0.012486182
14460,6971.955936,1,0,1,0,0,0,0.012408769
14462,6971.98928,1,0,1,0,0,0,0.012459332
14464,6972.022592,1,0,1,0,0,0,0.012501874
14466,6972.055936,1,0,1,0,0,0,0.012489321
14468,6972.08928,1,0,1,0,0,0,0.012438061
14470,6972.122592,1,0,1,0,0,0,0.012430389
14472,6972.155936,1,0,1,0,0,0,0.012426902
14474,6972.18928,1,0,1,0,0,0,0.012449917
14476,6972.222592,1,0,1,0,0,0,0.012428994
14478,6972.255936,1,0,1,0,0,0,0.012411559
14480,6972.289248,1,0,1,0,0,0,0.012420974
14482,6972.322592,1,0,1,0,0,0,0.01239238
14484,6972.355936,1,0,1,0,0,0,0.012357161
14486,6972.389248,1,0,1,0,0,0,0.012423764
14488,6972.422592,1,0,1,0,0,0,0.012392031
14490,6972.455936,1,0,1,0,0,0,0.012397262
14492,6972.489248,1,0,1,0,0,0,0.012361694
14494,6972.522592,1,0,1,0,0,0,0.012385755
14496,6972.555904,1,0,1,0,0,0,0.012394821
14498,6972.589248,1,0,1,0,0,0,0.012363786
14500,6972.622592,1,0,1,0,0,0,0.012364135
14502,6972.655904,1,0,1,0,0,0,0.012349489
14504,6972.689248,1,0,1,0,0,0,0.01239238
14506,6972.72256,1,0,1,0,0,0,0.012396565
14508,6972.755904,1,0,1,0,0,0,0.012389939
14510,6972.789248,1,0,1,0,0,0,0.012377037
14512,6972.82256,1,0,1,0,0,0,0.012370063
14514,6972.855904,1,0,1,0,0,0,0.012385755
14516,6972.889248,1,0,1,0,0,0,0.012366576
14518,6972.92256,1,0,1,0,0,0,0.012357858
14520,6972.955904,1,0,1,0,0,0,0.012351581
14522,6972.989216,1,0,1,0,0,0,0.012360648
14524,6973.02256,1,0,1,0,0,0,0.012376688
14526,6973.055904,1,0,1,0,0,0,0.012371806
14528,6973.089216,1,0,1,0,0,0,0.012393426
14530,6973.12256,1,0,1,0,0,0,0.012366924
14532,6973.155904,1,0,1,0,0,0,0.012377037
14534,6973.189216,1,0,1,0,0,0,0.012366924
14536,6973.22256,1,0,1,0,0,0,0.012343212
14538,6973.255904,1,0,1,0,0,0,0.01234112
14540,6973.289216,1,0,1,0,0,0,0.012340074
14542,6973.32256,1,0,1,0,0,0,0.012332751
14544,6973.355872,1,0,1,0,0,0,0.012331705
14546,6973.389216,1,0,1,0,0,0,0.012353325
14548,6973.42256,1,0,1,0,0,0,0.012345653
14550,6973.455872,1,0,1,0,0,0,0.01234391
14552,6973.489216,1,0,1,0,0,0,0.01232229
14554,6973.52256,1,0,1,0,0,0,0.012360996
14556,6973.555872,1,0,1,0,0,0,0.012389939
14558,6973.589216,1,0,1,0,0,0,0.012358904
14560,6973.622528,1,0,1,0,0,0,0.012323685
14562,6973.655872,1,0,1,0,0,0,0.012357161
14564,6973.689216,1,0,1,0,0,0,0.012360996
14566,6973.722528,1,0,1,0,0,0,0.012416441
14568,6973.755872,1,0,1,0,0,0,0.012407026
14570,6973.789216,1,0,1,0,0,0,0.012413651
14572,6973.822528,1,0,1,0,0,0,0.012406328
14574,6973.855872,1,0,1,0,0,0,0.012394821
14576,6973.889184,1,0,1,0,0,0,0.012400749
14578,6973.922528,1,0,1,0,0,0,0.01239238
14580,6973.955872,1,0,1,0,0,0,0.012376339
14582,6973.989184,1,0,1,0,0,0,0.012456542
14584,6974.022528,1,0,1,0,0,0,0.012441897
14586,6974.055872,1,0,1,0,0,0,0.01248409
14588,6974.089184,1,0,1,0,0,0,0.012395867
14590,6974.122528,1,0,1,0,0,0,0.012392031
14592,6974.15584,1,0,1,0,0,0,0.01244085
14594,6974.189184,1,0,1,0,0,0,0.012427251
14596,6974.222528,1,0,1,0,0,0,0.012400749
14598,6974.25584,1,0,1,0,0,0,0.012427948
14600,6974.289184,1,0,1,0,0,0,0.012435969
14602,6974.322496,1,0,1,0,0,0,0.01243283
14604,6974.35584,1,0,1,0,0,0,0.012441548
14606,6974.389184,1,0,1,0,0,0,0.012410862
14608,6974.422496,1,0,1,0,0,0,0.012449917
14610,6974.45584,1,0,1,0,0,0,0.012423066
14612,6974.489184,1,0,1,0,0,0,0.012440502
14614,6974.522496,1,0,1,0,0,0,0.01243562
14616,6974.55584,1,0,1,0,0,0,0.01244085
14618,6974.589152,1,0,1,0,0,0,0.0124004
14620,6974.622496,1,0,1,0,0,0,0.012426553
14622,6974.65584,1,0,1,0,0,0,0.012427251
14624,6974.689152,1,0,1,0,0,0,0.012401098
14626,6974.722496,1,0,1,0,0,0,0.012400052
14628,6974.75584,1,0,1,0,0,0,0.012415395
14630,6974.789152,1,0,1,0,0,0,0.012423764
14632,6974.822496,1,0,1,0,0,0,0.012426205
14634,6974.855808,1,0,1,0,0,0,0.012428646
14636,6974.889152,1,0,1,0,0,0,0.012469096
14638,6974.922496,1,0,1,0,0,0,0.012455845
14640,6974.955808,1,0,1,0,0,0,0.012475721
14642,6974.989152,1,0,1,0,0,0,0.012424112
14644,6975.022496,1,0,1,0,0,0,0.012382965
14646,6975.055808,1,0,1,0,0,0,0.012411559
14648,6975.089152,1,0,1,0,0,0,0.012417138
14650,6975.122496,1,0,1,0,0,0,0.012423415
14652,6975.155808,1,0,1,0,0,0,0.012424112
14654,6975.189152,1,0,1,0,0,0,0.012432133
14656,6975.222464,1,0,1,0,0,0,0.012412954
14658,6975.255808,1,0,1,0,0,0,0.012413303
14660,6975.289152,1,0,1,0,0,0,0.012369017
14662,6975.322464,1,0,1,0,0,0,0.012408769
14664,6975.355808,1,0,1,0,0,0,0.012363786
14666,6975.389152,1,0,1,0,0,0,0.012383314
14668,6975.422464,1,0,1,0,0,0,0.012341469
14670,6975.455808,1,0,1,0,0,0,0.012383662
14672,6975.48912,1,0,1,0,0,0,0.012370063
14674,6975.522464,1,0,1,0,0,0,0.012376339
14676,6975.555808,1,0,1,0,0,0,0.01236274
14678,6975.58912,1,0,1,0,0,0,0.012352627
14680,6975.622464,1,0,1,0,0,0,0.012332751
14682,6975.655808,1,0,1,0,0,0,0.012354022
14684,6975.68912,1,0,1,0,0,0,0.012298926
14686,6975.722464,1,0,1,0,0,0,0.012310434
14688,6975.755776,1,0,1,0,0,0,0.012347048
14690,6975.78912,1,0,1,0,0,0,0.012318454
14692,6975.822464,1,0,1,0,0,0,0.012343561
14694,6975.855776,1,0,1,0,0,0,0.012321941
14696,6975.88912,1,0,1,0,0,0,0.012342864
14698,6975.922464,1,0,1,0,0,0,0.01230067
14700,6975.955776,1,0,1,0,0,0,0.01234914
14702,6975.98912,1,0,1,0,0,0,0.012310434
14704,6976.022432,1,0,1,0,0,0,0.012342864
14706,6976.055776,1,0,1,0,0,0,0.012292998
14708,6976.08912,1,0,1,0,0,0,0.012366576
14710,6976.122432,1,0,1,0,0,0,0.012339376
14712,6976.155776,1,0,1,0,0,0,0.012319849
14714,6976.189088,1,0,1,0,0,0,0.012337982
14716,6976.222432,1,0,1,0,0,0,0.012343212
14718,6976.255776,1,0,1,0,0,0,0.012422718
14720,6976.289088,1,0,1,0,0,0,0.012332054
14722,6976.322432,1,0,1,0,0,0,0.012363437
14724,6976.355776,1,0,1,0,0,0,0.012347048
14726,6976.389088,1,0,1,0,0,0,0.012377734
14728,6976.422432,1,0,1,0,0,0,0.012325777
14730,6976.455744,1,0,1,0,0,0,0.012405631
14732,6976.489088,1,0,1,0,0,0,0.012372155
14734,6976.522432,1,0,1,0,0,0,0.012369017
14736,6976.555744,1,0,1,0,0,0,0.012388544
14738,6976.589088,1,0,1,0,0,0,0.012364832
14740,6976.622432,1,0,1,0,0,0,0.012359253
14742,6976.655744,1,0,1,0,0,0,0.012342515
14744,6976.689088,1,0,1,0,0,0,0.012317757
14746,6976.722432,1,0,1,0,0,0,0.012371806
14748,6976.755744,1,0,1,0,0,0,0.012385755
14750,6976.789088,1,0,1,0,0,0,0.012364135
14752,6976.8224,1,0,1,0,0,0,0.012321941
14754,6976.855744,1,0,1,0,0,0,0.012374945
14756,6976.889088,1,0,1,0,0,0,0.012331007
14758,6976.9224,1,0,1,0,0,0,0.01235995
14760,6976.955744,1,0,1,0,0,0,0.012346699
14762,6976.989088,1,0,1,0,0,0,0.012391683
14764,6977.0224,1,0,1,0,0,0,0.01240598
14766,6977.055744,1,0,1,0,0,0,0.012415046
14768,6977.089056,1,0,1,0,0,0,0.012417138
14770,6977.1224,1,0,1,0,0,0,0.012414
14772,6977.155744,1,0,1,0,0,0,0.012432481
14774,6977.189056,1,0,1,0,0,0,0.012432133
14776,6977.2224,1,0,1,0,0,0,0.012419579
14778,6977.255712,1,0,1,0,0,0,0.012441199
14780,6977.289056,1,0,1,0,0,0,0.012467004
14782,6977.3224,1,0,1,0,0,0,0.012467352
14784,6977.355712,1,0,1,0,0,0,0.012463168
14786,6977.389056,1,0,1,0,0,0,0.012463168
14788,6977.4224,1,0,1,0,0,0,0.012420625
14790,6977.455712,1,0,1,0,0,0,0.012468398
14792,6977.489056,1,0,1,0,0,0,0.012453055
14794,6977.5224,1,0,1,0,0,0,0.012429343
14796,6977.555712,1,0,1,0,0,0,0.012455845
14798,6977.589056,1,0,1,0,0,0,0.012458983
14800,6977.622368,1,0,1,0,0,0,0.012407026
14802,6977.655712,1,0,1,0,0,0,0.012416441
14804,6977.689056,1,0,1,0,0,0,0.012401098
14806,6977.722368,1,0,1,0,0,0,0.012431784
14808,6977.755712,1,0,1,0,0,0,0.012418882
14810,6977.789056,1,0,1,0,0,0,0.012437015
14812,6977.822368,1,0,1,0,0,0,0.012482347
14814,6977.855712,1,0,1,0,0,0,0.012408421
14816,6977.889024,1,0,1,0,0,0,0.012449917
14818,6977.922368,1,0,1,0,0,0,0.012427251
14820,6977.95568,1,0,1,0,0,0,0.012430389
14822,6977.989024,1,0,1,0,0,0,0.012456891
14824,6978.022368,1,0,1,0,0,0,0.012424461
14826,6978.05568,1,0,1,0,0,0,0.012429692
14828,6978.089024,1,0,1,0,0,0,0.012419231
14830,6978.122368,1,0,1,0,0,0,0.012461424
14832,6978.15568,1,0,1,0,0,0,0.012485834
14834,6978.189024,1,0,1,0,0,0,0.01246805
14836,6978.222368,1,0,1,0,0,0,0.012450266
14838,6978.25568,1,0,1,0,0,0,0.01245166
14840,6978.289024,1,0,1,0,0,0,0.012469793
14842,6978.322336,1,0,1,0,0,0,0.012458286
14844,6978.35568,1,0,1,0,0,0,0.012441548
14846,6978.389024,1,0,1,0,0,0,0.012449568
14848,6978.422336,1,0,1,0,0,0,0.012386801
14850,6978.45568,1,0,1,0,0,0,0.012410164
14852,6978.489024,1,0,1,0,0,0,0.012387847
14854,6978.522336,1,0,1,0,0,0,0.012370063
14856,6978.55568,1,0,1,0,0,0,0.012391683
14858,6978.588992,1,0,1,0,0,0,0.012379827
14860,6978.622336,1,0,1,0,0,0,0.012390288
14862,6978.65568,1,0,1,0,0,0,0.012320895
14864,6978.688992,1,0,1,0,0,0,0.012341469
14866,6978.722336,1,0,1,0,0,0,0.012313572
14868,6978.75568,1,0,1,0,0,0,0.012329613
14870,6978.788992,1,0,1,0,0,0,0.012350884
14872,6978.822336,1,0,1,0,0,0,0.012309736
14874,6978.85568,1,0,1,0,0,0,0.01237355
14876,6978.888992,1,0,1,0,0,0,0.012322987
14878,6978.922336,1,0,1,0,0,0,0.012334146
14880,6978.955648,1,0,1,0,0,0,0.012314269
14882,6978.988992,1,0,1,0,0,0,0.012286373
14884,6979.022336,1,0,1,0,0,0,0.012277655
14886,6979.055648,1,0,1,0,0,0,0.012346699
14888,6979.088992,1,0,1,0,0,0,0.012327869
14890,6979.122336,1,0,1,0,0,0,0.012352627
14892,6979.155648,1,0,1,0,0,0,0.012266148
14894,6979.188992,1,0,1,0,0,0,0.012263358
14896,6979.222304,1,0,1,0,0,0,0.012304854
14898,6979.255648,1,0,1,0,0,0,0.012284281
14900,6979.288992,1,0,1,0,0,0,0.012266845
14902,6979.322304,1,0,1,0,0,0,0.012278701
14904,6979.355648,1,0,1,0,0,0,0.012286373
14906,6979.388992,1,0,1,0,0,0,0.012313572
14908,6979.422304,1,0,1,0,0,0,0.012288465
14910,6979.455648,1,0,1,0,0,0,0.012343561
14912,6979.48896,1,0,1,0,0,0,0.012346351
14914,6979.522304,1,0,1,0,0,0,0.012334146
14916,6979.555648,1,0,1,0,0,0,0.012302413
14918,6979.58896,1,0,1,0,0,0,0.012325079
14920,6979.622304,1,0,1,0,0,0,0.012340074
14922,6979.655648,1,0,1,0,0,0,0.012274865
14924,6979.68896,1,0,1,0,0,0,0.012298926
14926,6979.722304,1,0,1,0,0,0,0.012314269
14928,6979.755616,1,0,1,0,0,0,0.012288814
14930,6979.78896,1,0,1,0,0,0,0.012269984
14932,6979.822304,1,0,1,0,0,0,0.012298229
14934,6979.855616,1,0,1,0,0,0,0.012273471
14936,6979.88896,1,0,1,0,0,0,0.012304157
14938,6979.922304,1,0,1,0,0,0,0.012317408
14940,6979.955616,1,0,1,0,0,0,0.012345653
14942,6979.98896,1,0,1,0,0,0,0.012326823
14944,6980.022272,1,0,1,0,0,0,0.012325079
14946,6980.055616,1,0,1,0,0,0,0.012276609
14948,6980.08896,1,0,1,0,0,0,0.012301716
14950,6980.122272,1,0,1,0,0,0,0.012318105
14952,6980.155616,1,0,1,0,0,0,0.012304506
14954,6980.188928,1,0,1,0,0,0,0.012280445
14956,6980.222272,1,0,1,0,0,0,0.012374596
14958,6980.255616,1,0,1,0,0,0,0.012267194
14960,6980.288928,1,0,1,0,0,0,0.012269635
14962,6980.322272,1,0,1,0,0,0,0.012304157
14964,6980.355616,1,0,1,0,0,0,0.012273122
14966,6980.388928,1,0,1,0,0,0,0.012323685
14968,6980.422272,1,0,1,0,0,0,0.012257779
14970,6980.455584,1,0,1,0,0,0,0.012289163
14972,6980.488928,1,0,1,0,0,0,0.012274517
14974,6980.522272,1,0,1,0,0,0,0.012261266
14976,6980.555584,1,0,1,0,0,0,0.0123195
14978,6980.588928,1,0,1,0,0,0,0.012318454
14980,6980.622272,1,0,1,0,0,0,0.012335192
14982,6980.655584,1,0,1,0,0,0,0.012381919
14984,6980.688928,1,0,1,0,0,0,0.012349489
14986,6980.722272,1,0,1,0,0,0,0.012348094
14988,6980.755584,1,0,1,0,0,0,0.012302065
14990,6980.788928,1,0,1,0,0,0,0.012383662
14992,6980.82224,1,0,1,0,0,0,0.012390288
14994,6980.855584,1,0,1,0,0,0,0.012377734
14996,6980.888928,1,0,1,0,0,0,0.012360648
14998,6980.92224,1,0,1,0,0,0,0.012377037
15000,6980.955584,1,0,1,0,0,0,0.012353325
15002,6980.988928,1,0,1,0,0,0,0.012362042
15004,6981.02224,1,0,1,0,0,0,0.012356812
15006,6981.055584,1,0,1,0,0,0,0.012326126
15008,6981.088896,1,0,1,0,0,0,0.012315316
15010,6981.12224,1,0,1,0,0,0,0.012370411
15012,6981.155584,1,0,1,0,0,0,0.012316362
15014,6981.188896,1,0,1,0,0,0,0.012370063
15016,6981.22224,1,0,1,0,0,0,0.012374945
15018,6981.255552,1,0,1,0,0,0,0.012394124
15020,6981.288896,1,0,1,0,0,0,0.012380873
15022,6981.32224,1,0,1,0,0,0,0.012387498
15024,6981.355552,1,0,1,0,0,0,0.012342864
15026,6981.388896,1,0,1,0,0,0,0.01232229
15028,6981.42224,1,0,1,0,0,0,0.012355068
15030,6981.455552,1,0,1,0,0,0,0.012375293
15032,6981.488896,1,0,1,0,0,0,0.012325428
15034,6981.52224,1,0,1,0,0,0,0.012354022
15036,6981.555552,1,0,1,0,0,0,0.012357509
15038,6981.588896,1,0,1,0,0,0,0.01233031
15040,6981.622208,1,0,1,0,0,0,0.012347745
15042,6981.655552,1,0,1,0,0,0,0.012310085
15044,6981.688896,1,0,1,0,0,0,0.012386103
15046,6981.722208,1,0,1,0,0,0,0.012346002
15048,6981.755552,1,0,1,0,0,0,0.012383662
15050,6981.788864,1,0,1,0,0,0,0.012368319
15052,6981.822208,1,0,1,0,0,0,0.012364135
15054,6981.855552,1,0,1,0,0,0,0.012344956
15056,6981.888864,1,0,1,0,0,0,0.012347745
15058,6981.922208,1,0,1,0,0,0,0.012378083
15060,6981.95552,1,0,1,0,0,0,0.012392729
15062,6981.988864,1,0,1,0,0,0,0.012388196
15064,6982.022208,1,0,1,0,0,0,0.012369365
15066,6982.05552,1,0,1,0,0,0,0.012376339
15068,6982.088864,1,0,1,0,0,0,0.012336587
15070,6982.122208,1,0,1,0,0,0,0.012356114
15072,6982.15552,1,0,1,0,0,0,0.012336238
15074,6982.188864,1,0,1,0,0,0,0.012315316
15076,6982.222208,1,0,1,0,0,0,0.012341469
15078,6982.25552,1,0,1,0,0,0,0.012348094
15080,6982.288864,1,0,1,0,0,0,0.012360996
15082,6982.322176,1,0,1,0,0,0,0.012314618
15084,6982.35552,1,0,1,0,0,0,0.012287768
15086,6982.388864,1,0,1,0,0,0,0.012362391
15088,6982.422176,1,0,1,0,0,0,0.01236797
15090,6982.45552,1,0,1,0,0,0,0.012336238
15092,6982.488864,1,0,1,0,0,0,0.012336935
15094,6982.522176,1,0,1,0,0,0,0.012371806
15096,6982.55552,1,0,1,0,0,0,0.012283234
15098,6982.588864,1,0,1,0,0,0,0.012335192
15100,6982.622176,1,0,1,0,0,0,0.012337982
15102,6982.65552,1,0,1,0,0,0,0.012328218
15104,6982.688832,1,0,1,0,0,0,0.01239238
15106,6982.722176,1,0,1,0,0,0,0.012339028
15108,6982.75552,1,0,1,0,0,0,0.012354371
15110,6982.788832,1,0,1,0,0,0,0.012334843
15112,6982.822176,1,0,1,0,0,0,0.012393077
15114,6982.85552,1,0,1,0,0,0,0.012345304
15116,6982.888832,1,0,1,0,0,0,0.012423066
15118,6982.922176,1,0,1,0,0,0,0.012339725
15120,6982.955488,1,0,1,0,0,0,0.012344258
15122,6982.988832,1,0,1,0,0,0,0.012363786
15124,6983.022176,1,0,1,0,0,0,0.012363786
15126,6983.055488,1,0,1,0,0,0,0.012303111
15128,6983.088832,1,0,1,0,0,0,0.012355068
15130,6983.122176,1,0,1,0,0,0,0.012329961
15132,6983.155488,1,0,1,0,0,0,0.0123059
15134,6983.188832,1,0,1,0,0,0,0.012312526
15136,6983.222144,1,0,1,0,0,0,0.012321941
15138,6983.255488,1,0,1,0,0,0,0.012288116
15140,6983.288832,1,0,1,0,0,0,0.012337633
15142,6983.322144,1,0,1,0,0,0,0.012380524
15144,6983.355488,1,0,1,0,0,0,0.012383314
15146,6983.388832,1,0,1,0,0,0,0.012317059
15148,6983.422144,1,0,1,0,0,0,0.012349838
15150,6983.455488,1,0,1,0,0,0,0.012364483
15152,6983.4888,1,0,1,0,0,0,0.012328566
15154,6983.522144,1,0,1,0,0,0,0.012331007
15156,6983.555488,1,0,1,0,0,0,0.012347048
15158,6983.5888,1,0,1,0,0,0,0.012329613
15160,6983.622144,1,0,1,0,0,0,0.012393775
15162,6983.655488,1,0,1,0,0,0,0.012366576
15164,6983.6888,1,0,1,0,0,0,0.012387149
15166,6983.722144,1,0,1,0,0,0,0.012344956
15168,6983.755488,1,0,1,0,0,0,0.012312526
15170,6983.7888,1,0,1,0,0,0,0.012342515
15172,6983.822144,1,0,1,0,0,0,0.012355068
15174,6983.855488,1,0,1,0,0,0,0.01233833
15176,6983.8888,1,0,1,0,0,0,0.01235193
15178,6983.922112,1,0,1,0,0,0,0.012309736
15180,6983.955488,1,0,1,0,0,0,0.012365878
15182,6983.9888,1,0,1,0,0,0,0.012333797
15184,6984.022112,1,0,1,0,0,0,0.012356812
15186,6984.055488,1,0,1,0,0,0,0.012328915
15188,6984.0888,1,0,1,0,0,0,0.012355417
15190,6984.122112,1,0,1,0,0,0,0.012367622
15192,6984.155488,1,0,1,0,0,0,0.012380524
15194,6984.188768,1,0,1,0,0,0,0.012367273
15196,6984.222112,1,0,1,0,0,0,0.012375991
15198,6984.255488,1,0,1,0,0,0,0.012409118
15200,6984.288768,1,0,1,0,0,0,0.0124004
15202,6984.322112,1,0,1,0,0,0,0.012384708
15204,6984.355488,1,0,1,0,0,0,0.012357858
15206,6984.388768,1,0,1,0,0,0,0.012328566
15208,6984.422112,1,0,1,0,0,0,0.01238157
15210,6984.455488,1,0,1,0,0,0,0.012397611
15212,6984.488768,1,0,1,0,0,0,0.012385057
15214,6984.522112,1,0,1,0,0,0,0.01238436
15216,6984.555488,1,0,1,0,0,0,0.012338679
15218,6984.588768,1,0,1,0,0,0,0.012336587
15220,6984.622112,1,0,1,0,0,0,0.012361694
15222,6984.655488,1,0,1,0,0,0,0.01236553
15224,6984.688768,1,0,1,0,0,0,0.012387847
15226,6984.722112,1,0,1,0,0,0,0.012343212
15228,6984.755488,1,0,1,0,0,0,0.012402493
15230,6984.788768,1,0,1,0,0,0,0.012401446
15232,6984.82208,1,0,1,0,0,0,0.01241679
15234,6984.855488,1,0,1,0,0,0,0.01244085
15236,6984.888768,1,0,1,0,0,0,0.012461773
15238,6984.92208,1,0,1,0,0,0,0.012420277
15240,6984.955424,1,0,1,0,0,0,0.012475024
15242,6984.988768,1,0,1,0,0,0,0.012425507
15244,6985.02208,1,0,1,0,0,0,0.012384708
15246,6985.055424,1,0,1,0,0,0,0.012471885
15248,6985.088736,1,0,1,0,0,0,0.012396565
15250,6985.12208,1,0,1,0,0,0,0.012414349
15252,6985.155424,1,0,1,0,0,0,0.012431087
15254,6985.188736,1,0,1,0,0,0,0.012409118
15256,6985.22208,1,0,1,0,0,0,0.012383662
15258,6985.255424,1,0,1,0,0,0,0.012371806
15260,6985.288736,1,0,1,0,0,0,0.012370411
15262,6985.32208,1,0,1,0,0,0,0.012385755
15264,6985.355392,1,0,1,0,0,0,0.012369365
15266,6985.388736,1,0,1,0,0,0,0.012368668
15268,6985.42208,1,0,1,0,0,0,0.012365181
15270,6985.455392,1,0,1,0,0,0,0.012337633
15272,6985.488736,1,0,1,0,0,0,0.012439456
15274,6985.522048,1,0,1,0,0,0,0.012404236
15276,6985.555392,1,0,1,0,0,0,0.012372155
15278,6985.588736,1,0,1,0,0,0,0.012408072
15280,6985.622048,1,0,1,0,0,0,0.012357858
15282,6985.655392,1,0,1,0,0,0,0.012407374
15284,6985.688736,1,0,1,0,0,0,0.012375991
15286,6985.722048,1,0,1,0,0,0,0.012396216
15288,6985.755392,1,0,1,0,0,0,0.012410513
15290,6985.788704,1,0,1,0,0,0,0.012399005
15292,6985.822048,1,0,1,0,0,0,0.012352279
15294,6985.855392,1,0,1,0,0,0,0.012371109
15296,6985.888704,1,0,1,0,0,0,0.012355068
15298,6985.922048,1,0,1,0,0,0,0.012415046
15300,6985.955392,1,0,1,0,0,0,0.012372852
15302,6985.988704,1,0,1,0,0,0,0.012432133
15304,6986.022048,1,0,1,0,0,0,0.012400749
15306,6986.055392,1,0,1,0,0,0,0.01238157
15308,6986.088704,1,0,1,0,0,0,0.012363786
15310,6986.122048,1,0,1,0,0,0,0.012388893
15312,6986.15536,1,0,1,0,0,0,0.012381919
15314,6986.188704,1,0,1,0,0,0,0.012354371
15316,6986.222048,1,0,1,0,0,0,0.012418184
15318,6986.25536,1,0,1,0,0,0,0.012350884
15320,6986.288704,1,0,1,0,0,0,0.012327172
15322,6986.322048,1,0,1,0,0,0,0.012302413
15324,6986.35536,1,0,1,0,0,0,0.012276958
15326,6986.388704,1,0,1,0,0,0,0.012287419
15328,6986.422016,1,0,1,0,0,0,0.012313921
15330,6986.45536,1,0,1,0,0,0,0.012269635
15332,6986.488704,1,0,1,0,0,0,0.012346699
15334,6986.522016,1,0,1,0,0,0,0.012301716
15336,6986.55536,1,0,1,0,0,0,0.012331356
15338,6986.588704,1,0,1,0,0,0,0.012325777
15340,6986.622016,1,0,1,0,0,0,0.012307295
15342,6986.65536,1,0,1,0,0,0,0.012326474
15344,6986.688672,1,0,1,0,0,0,0.012293696
15346,6986.722016,1,0,1,0,0,0,0.012300321
15348,6986.75536,1,0,1,0,0,0,0.012264404
15350,6986.788672,1,0,1,0,0,0,0.0123331
15352,6986.822016,1,0,1,0,0,0,0.012322638
15354,6986.85536,1,0,1,0,0,0,0.012318454
15356,6986.888672,1,0,1,0,0,0,0.01232229
15358,6986.922016,1,0,1,0,0,0,0.012361345
15360,6986.955328,1,0,1,0,0,0,0.012325079
15362,6986.988672,1,0,1,0,0,0,0.012336238
15364,6987.022016,1,0,1,0,0,0,0.012307644
15366,6987.055328,1,0,1,0,0,0,0.01229265
15368,6987.088672,1,0,1,0,0,0,0.012317408
15370,6987.122016,1,0,1,0,0,0,0.012323685
15372,6987.155328,1,0,1,0,0,0,0.012327172
15374,6987.188672,1,0,1,0,0,0,0.012341817
15376,6987.221984,1,0,1,0,0,0,0.012306249
15378,6987.255328,1,0,1,0,0,0,0.012341817
15380,6987.288672,1,0,1,0,0,0,0.012298229
15382,6987.321984,1,0,1,0,0,0,0.012258476
15384,6987.355328,1,0,1,0,0,0,0.012284281
15386,6987.38864,1,0,1,0,0,0,0.012242436
15388,6987.421984,1,0,1,0,0,0,0.012254989
15390,6987.455328,1,0,1,0,0,0,0.012260917
15392,6987.48864,1,0,1,0,0,0,0.012266845
15394,6987.521984,1,0,1,0,0,0,0.012253943
15396,6987.555328,1,0,1,0,0,0,0.012309039
15398,6987.58864,1,0,1,0,0,0,0.012237902
15400,6987.621984,1,0,1,0,0,0,0.012276609
15402,6987.655296,1,0,1,0,0,0,0.01229265
15404,6987.68864,1,0,1,0,0,0,0.012316362
15406,6987.721984,1,0,1,0,0,0,0.012303808
15408,6987.755296,1,0,1,0,0,0,0.012294393
15410,6987.78864,1,0,1,0,0,0,0.012286722
15412,6987.821984,1,0,1,0,0,0,0.012298229
15414,6987.855296,1,0,1,0,0,0,0.012273122
15416,6987.88864,1,0,1,0,0,0,0.012318454
15418,6987.921984,1,0,1,0,0,0,0.012334495
15420,6987.955296,1,0,1,0,0,0,0.01234914
15422,6987.98864,1,0,1,0,0,0,0.012349489
15424,6988.021952,1,0,1,0,0,0,0.012375293
15426,6988.055296,1,0,1,0,0,0,0.01235193
15428,6988.08864,1,0,1,0,0,0,0.012382268
15430,6988.121952,1,0,1,0,0,0,0.012372504
15432,6988.155296,1,0,1,0,0,0,0.012363786
15434,6988.18864,1,0,1,0,0,0,0.01236274
15436,6988.221952,1,0,1,0,0,0,0.012424461
15438,6988.255296,1,0,1,0,0,0,0.012348792
15440,6988.288608,1,0,1,0,0,0,0.012418533
15442,6988.321952,1,0,1,0,0,0,0.01235995
15444,6988.355296,1,0,1,0,0,0,0.01237076
15446,6988.388608,1,0,1,0,0,0,0.012356114
15448,6988.421952,1,0,1,0,0,0,0.012292301
15450,6988.455296,1,0,1,0,0,0,0.012332402
15452,6988.488608,1,0,1,0,0,0,0.01235472
15454,6988.521952,1,0,1,0,0,0,0.01235472
15456,6988.555264,1,0,1,0,0,0,0.012353325
15458,6988.588608,1,0,1,0,0,0,0.01236553
15460,6988.621952,1,0,1,0,0,0,0.012322638
15462,6988.655264,1,0,1,0,0,0,0.012352627
15464,6988.688608,1,0,1,0,0,0,0.012352627
15466,6988.721952,1,0,1,0,0,0,0.012336587
15468,6988.755264,1,0,1,0,0,0,0.01235472
15470,6988.788608,1,0,1,0,0,0,0.012273122
15472,6988.821952,1,0,1,0,0,0,0.012325428
15474,6988.855264,1,0,1,0,0,0,0.012292998
15476,6988.888608,1,0,1,0,0,0,0.012270332
15478,6988.92192,1,0,1,0,0,0,0.01225743
15480,6988.955264,1,0,1,0,0,0,0.012273819
15482,6988.988576,1,0,1,0,0,0,0.012237902
15484,6989.02192,1,0,1,0,0,0,0.012285675
15486,6989.055264,1,0,1,0,0,0,0.012186991
15488,6989.088576,1,0,1,0,0,0,0.012239646
15490,6989.12192,1,0,1,0,0,0,0.012209657
15492,6989.155264,1,0,1,0,0,0,0.012211749
15494,6989.188576,1,0,1,0,0,0,0.012241041
15496,6989.22192,1,0,1,0,0,0,0.01220896
15498,6989.255232,1,0,1,0,0,0,0.012221513
15500,6989.288576,1,0,1,0,0,0,0.012229882
15502,6989.32192,1,0,1,0,0,0,0.012246969
15504,6989.355232,1,0,1,0,0,0,0.012316362
15506,6989.388576,1,0,1,0,0,0,0.012289511
15508,6989.42192,1,0,1,0,0,0,0.012302065
15510,6989.455232,1,0,1,0,0,0,0.012251502
15512,6989.488576,1,0,1,0,0,0,0.012259871
15514,6989.521888,1,0,1,0,0,0,0.012232672
15516,6989.555232,1,0,1,0,0,0,0.012229533
15518,6989.588576,1,0,1,0,0,0,0.012216283
15520,6989.621888,1,0,1,0,0,0,0.012226744
15522,6989.655232,1,0,1,0,0,0,0.012238251
15524,6989.688576,1,0,1,0,0,0,0.012242436
15526,6989.721888,1,0,1,0,0,0,0.012231626
15528,6989.755232,1,0,1,0,0,0,0.012224652
15530,6989.788576,1,0,1,0,0,0,0.012231626
15532,6989.821888,1,0,1,0,0,0,0.012252897
15534,6989.855232,1,0,1,0,0,0,0.012317757
15536,6989.888544,1,0,1,0,0,0,0.012223605
15538,6989.921888,1,0,1,0,0,0,0.01225464
15540,6989.955232,1,0,1,0,0,0,0.012271727
15542,6989.988544,1,0,1,0,0,0,0.012216631
15544,6990.021888,1,0,1,0,0,0,0.012222559
15546,6990.055232,1,0,1,0,0,0,0.012252897
15548,6990.088544,1,0,1,0,0,0,0.012151074
15550,6990.121888,1,0,1,0,0,0,0.012223954
15552,6990.1552,1,0,1,0,0,0,0.012217329
15554,6990.188544,1,0,1,0,0,0,0.012184201
15556,6990.221888,1,0,1,0,0,0,0.012185248
15558,6990.2552,1,0,1,0,0,0,0.01224139
15560,6990.288544,1,0,1,0,0,0,0.012180714
15562,6990.321888,1,0,1,0,0,0,0.012171997
15564,6990.3552,1,0,1,0,0,0,0.012203729
15566,6990.388544,1,0,1,0,0,0,0.012204426
15568,6990.421856,1,0,1,0,0,0,0.012116203
15570,6990.4552,1,0,1,0,0,0,0.012165371
15572,6990.488544,1,0,1,0,0,0,0.012108881
15574,6990.521856,1,0,1,0,0,0,0.012139916
15576,6990.5552,1,0,1,0,0,0,0.012139218
15578,6990.588544,1,0,1,0,0,0,0.012178971
15580,6990.621856,1,0,1,0,0,0,0.012266496
15582,6990.6552,1,0,1,0,0,0,0.01225464
15584,6990.688512,1,0,1,0,0,0,0.012248015
15586,6990.721856,1,0,1,0,0,0,0.012301019
15588,6990.7552,1,0,1,0,0,0,0.012274865
15590,6990.788512,1,0,1,0,0,0,0.012321941
15592,6990.821856,1,0,1,0,0,0,0.012292301
15594,6990.855168,1,0,1,0,0,0,0.012329613
15596,6990.888512,1,0,1,0,0,0,0.012358904
15598,6990.921856,1,0,1,0,0,0,0.012369365
15600,6990.955168,1,0,1,0,0,0,0.012350186
15602,6990.988512,1,0,1,0,0,0,0.012350186
15604,6991.021856,1,0,1,0,0,0,0.012379827
15606,6991.055168,1,0,1,0,0,0,0.012346002
15608,6991.088512,1,0,1,0,0,0,0.012394124
15610,6991.121824,1,0,1,0,0,0,0.012368319
15612,6991.155168,1,0,1,0,0,0,0.012429343
15614,6991.188512,1,0,1,0,0,0,0.012412954
15616,6991.221824,1,0,1,0,0,0,0.012405631
15618,6991.255168,1,0,1,0,0,0,0.01243562
15620,6991.288512,1,0,1,0,0,0,0.012435969
15622,6991.321824,1,0,1,0,0,0,0.012453055
15624,6991.355168,1,0,1,0,0,0,0.012455845
15626,6991.388512,1,0,1,0,0,0,0.012441897
15628,6991.421824,1,0,1,0,0,0,0.012472234
15630,6991.455168,1,0,1,0,0,0,0.012424461
15632,6991.48848,1,0,1,0,0,0,0.012431784
15634,6991.521824,1,0,1,0,0,0,0.012374945
15636,6991.555168,1,0,1,0,0,0,0.012409815
15638,6991.58848,1,0,1,0,0,0,0.012391334
15640,6991.621824,1,0,1,0,0,0,0.01239517
15642,6991.655168,1,0,1,0,0,0,0.012431435
15644,6991.68848,1,0,1,0,0,0,0.012428994
15646,6991.721824,1,0,1,0,0,0,0.012407026
15648,6991.755136,1,0,1,0,0,0,0.012425159
15650,6991.78848,1,0,1,0,0,0,0.012383314
15652,6991.821824,1,0,1,0,0,0,0.012422718
15654,6991.855136,1,0,1,0,0,0,0.012442594
15656,6991.88848,1,0,1,0,0,0,0.012403539
15658,6991.921824,1,0,1,0,0,0,0.012419928
15660,6991.955136,1,0,1,0,0,0,0.0124004
15662,6991.98848,1,0,1,0,0,0,0.012404934
15664,6992.021792,1,0,1,0,0,0,0.012453753
15666,6992.055136,1,0,1,0,0,0,0.01245724
15668,6992.08848,1,0,1,0,0,0,0.012456194
15670,6992.121792,1,0,1,0,0,0,0.012435969
15672,6992.155136,1,0,1,0,0,0,0.012399354
15674,6992.18848,1,0,1,0,0,0,0.012409467
15676,6992.221792,1,0,1,0,0,0,0.012442594
15678,6992.255136,1,0,1,0,0,0,0.012458635
15680,6992.288448,1,0,1,0,0,0,0.012423764
15682,6992.321792,1,0,1,0,0,0,0.012462819
15684,6992.355136,1,0,1,0,0,0,0.012457937
15686,6992.388448,1,0,1,0,0,0,0.012454101
15688,6992.421792,1,0,1,0,0,0,0.012471188
15690,6992.455136,1,0,1,0,0,0,0.012478511
15692,6992.488448,1,0,1,0,0,0,0.01244643
15694,6992.521792,1,0,1,0,0,0,0.012488275
15696,6992.555104,1,0,1,0,0,0,0.012490018
15698,6992.588448,1,0,1,0,0,0,0.012430738
15700,6992.62176,1,0,1,0,0,0,0.012405631
15702,6992.655104,1,0,1,0,0,0,0.012481301
15704,6992.688448,1,0,1,0,0,0,0.012459332
15706,6992.72176,1,0,1,0,0,0,0.012418882
15708,6992.755104,1,0,1,0,0,0,0.012474326
15710,6992.788448,1,0,1,0,0,0,0.012405282
15712,6992.82176,1,0,1,0,0,0,0.012442594
15714,6992.855104,1,0,1,0,0,0,0.012441199
15716,6992.888448,1,0,1,0,0,0,0.012458286
15718,6992.92176,1,0,1,0,0,0,0.012473978
15720,6992.955104,1,0,1,0,0,0,0.012413303
15722,6992.988416,1,0,1,0,0,0,0.012484788
15724,6993.02176,1,0,1,0,0,0,0.012431784
15726,6993.055104,1,0,1,0,0,0,0.012453753
15728,6993.088416,1,0,1,0,0,0,0.012474675
15730,6993.12176,1,0,1,0,0,0,0.012417836
15732,6993.155104,1,0,1,0,0,0,0.012457588
15734,6993.188416,1,0,1,0,0,0,0.012435969
15736,6993.22176,1,0,1,0,0,0,0.012433876
15738,6993.255104,1,0,1,0,0,0,0.012471537
15740,6993.288416,1,0,1,0,0,0,0.012464563
15742,6993.32176,1,0,1,0,0,0,0.012476767
15744,6993.355072,1,0,1,0,0,0,0.012453753
15746,6993.388416,1,0,1,0,0,0,0.012441897
15748,6993.42176,1,0,1,0,0,0,0.012445732
15750,6993.455072,1,0,1,0,0,0,0.012452358
15752,6993.488416,1,0,1,0,0,0,0.012491064
15754,6993.52176,1,0,1,0,0,0,0.01244643
15756,6993.555072,1,0,1,0,0,0,0.012442943
15758,6993.588416,1,0,1,0,0,0,0.01244085
15760,6993.621728,1,0,1,0,0,0,0.01244364
15762,6993.655072,1,0,1,0,0,0,0.01246247
15764,6993.688416,1,0,1,0,0,0,0.012467701
15766,6993.721728,1,0,1,0,0,0,0.012417138
15768,6993.755072,1,0,1,0,0,0,0.012470491
15770,6993.788416,1,0,1,0,0,0,0.0124276
15772,6993.821728,1,0,1,0,0,0,0.01245724
15774,6993.855072,1,0,1,0,0,0,0.012432133
15776,6993.888384,1,0,1,0,0,0,0.012429343
15778,6993.921728,1,0,1,0,0,0,0.012433179
15780,6993.955072,1,0,1,0,0,0,0.012446778
15782,6993.988384,1,0,1,0,0,0,0.012442594
15784,6994.021728,1,0,1,0,0,0,0.012407026
15786,6994.055072,1,0,1,0,0,0,0.012479208
15788,6994.088384,1,0,1,0,0,0,0.012399703
15790,6994.121728,1,0,1,0,0,0,0.012418533
15792,6994.15504,1,0,1,0,0,0,0.012412256
15794,6994.188384,1,0,1,0,0,0,0.012425159
15796,6994.221728,1,0,1,0,0,0,0.012414
15798,6994.25504,1,0,1,0,0,0,0.012412954
15800,6994.288384,1,0,1,0,0,0,0.012436317
15802,6994.321696,1,0,1,0,0,0,0.012438758
15804,6994.35504,1,0,1,0,0,0,0.012419928
15806,6994.388384,1,0,1,0,0,0,0.012455845
15808,6994.421696,1,0,1,0,0,0,0.012477116
15810,6994.45504,1,0,1,0,0,0,0.012467352
15812,6994.488384,1,0,1,0,0,0,0.012413303
15814,6994.521696,1,0,1,0,0,0,0.012423415
15816,6994.55504,1,0,1,0,0,0,0.012398308
15818,6994.588352,1,0,1,0,0,0,0.012438758
15820,6994.621696,1,0,1,0,0,0,0.012443989
15822,6994.65504,1,0,1,0,0,0,0.012492808
15824,6994.688352,1,0,1,0,0,0,0.012465957
15826,6994.721696,1,0,1,0,0,0,0.012401795
15828,6994.75504,1,0,1,0,0,0,0.01246526
15830,6994.788352,1,0,1,0,0,0,0.012409815
15832,6994.821696,1,0,1,0,0,0,0.012467004
15834,6994.855008,1,0,1,0,0,0,0.012433528
15836,6994.888352,1,0,1,0,0,0,0.012382616
15838,6994.921696,1,0,1,0,0,0,0.012417138
15840,6994.955008,1,0,1,0,0,0,0.012424112
15842,6994.988352,1,0,1,0,0,0,0.012394821
15844,6995.021696,1,0,1,0,0,0,0.012433179
15846,6995.055008,1,0,1,0,0,0,0.012412605
15848,6995.088352,1,0,1,0,0,0,0.012406328
15850,6995.121664,1,0,1,0,0,0,0.012394124
15852,6995.155008,1,0,1,0,0,0,0.012397959
15854,6995.188352,1,0,1,0,0,0,0.012387498
15856,6995.221664,1,0,1,0,0,0,0.012354371
15858,6995.255008,1,0,1,0,0,0,0.012413303
15860,6995.288352,1,0,1,0,0,0,0.012428646
15862,6995.321664,1,0,1,0,0,0,0.012400749
15864,6995.355008,1,0,1,0,0,0,0.01241679
15866,6995.388352,1,0,1,0,0,0,0.01242202
15868,6995.421664,1,0,1,0,0,0,0.012385406
15870,6995.455008,1,0,1,0,0,0,0.012436666
15872,6995.48832,1,0,1,0,0,0,0.01246247
15874,6995.521664,1,0,1,0,0,0,0.012394124
15876,6995.555008,1,0,1,0,0,0,0.012409467
15878,6995.58832,1,0,1,0,0,0,0.012470839
15880,6995.621664,1,0,1,0,0,0,0.012464563
15882,6995.654976,1,0,1,0,0,0,0.012451312
15884,6995.68832,1,0,1,0,0,0,0.012419928
15886,6995.721664,1,0,1,0,0,0,0.012447476
15888,6995.754976,1,0,1,0,0,0,0.012399005
15890,6995.78832,1,0,1,0,0,0,0.012361694
15892,6995.821632,1,0,1,0,0,0,0.012382268
15894,6995.854976,1,0,1,0,0,0,0.012448173
15896,6995.88832,1,0,1,0,0,0,0.012410862
15898,6995.921632,1,0,1,0,0,0,0.012445384
15900,6995.954976,1,0,1,0,0,0,0.012393077
15902,6995.98832,1,0,1,0,0,0,0.012419928
15904,6996.021632,1,0,1,0,0,0,0.012397262
15906,6996.054976,1,0,1,0,0,0,0.012444686
15908,6996.08832,1,0,1,0,0,0,0.01241121
15910,6996.121632,1,0,1,0,0,0,0.012415046
15912,6996.154976,1,0,1,0,0,0,0.012380175
15914,6996.188288,1,0,1,0,0,0,0.01236274
15916,6996.221632,1,0,1,0,0,0,0.012363786
15918,6996.254976,1,0,1,0,0,0,0.012280445
15920,6996.288288,1,0,1,0,0,0,0.012180714
15922,6996.321632,1,0,1,0,0,0,0.012101209
15924,6996.354976,1,0,1,0,0,0,0.012135382
15926,6996.388288,1,0,1,0,0,0,0.012139916
15928,6996.421632,1,0,1,0,0,0,0.012167812
15930,6996.454976,1,0,1,0,0,0,0.012224652
15932,6996.488288,1,0,1,0,0,0,0.012209308
15934,6996.521632,1,0,1,0,0,0,0.012269286
15936,6996.554944,1,0,1,0,0,0,0.012286722
15938,6996.588288,1,0,1,0,0,0,0.012311131
15940,6996.621632,1,0,1,0,0,0,0.012355766
15942,6996.654944,1,0,1,0,0,0,0.012351233
15944,6996.688288,1,0,1,0,0,0,0.01235995
15946,6996.7216,1,0,1,0,0,0,0.012327869
15948,6996.754944,1,0,1,0,0,0,0.012437712
15950,6996.788288,1,0,1,0,0,0,0.012374247
15952,6996.8216,1,0,1,0,0,0,0.012385406
15954,6996.854944,1,0,1,0,0,0,0.012366576
15956,6996.888288,1,0,1,0,0,0,0.0123331
15958,6996.9216,1,0,1,0,0,0,0.012357858
15960,6996.954944,1,0,1,0,0,0,0.012358555
15962,6996.988288,1,0,1,0,0,0,0.012382616
15964,6997.0216,1,0,1,0,0,0,0.012418882
15966,6997.054944,1,0,1,0,0,0,0.012346699
15968,6997.088256,1,0,1,0,0,0,0.012376688
15970,6997.1216,1,0,1,0,0,0,0.012366576
15972,6997.154944,1,0,1,0,0,0,0.012317059
15974,6997.188256,1,0,1,0,0,0,0.012357161
15976,6997.2216,1,0,1,0,0,0,0.012337284
15978,6997.254944,1,0,1,0,0,0,0.012329613
15980,6997.288256,1,0,1,0,0,0,0.012296834
15982,6997.3216,1,0,1,0,0,0,0.012291603
15984,6997.354944,1,0,1,0,0,0,0.012296137
15986,6997.388256,1,0,1,0,0,0,0.012264056
15988,6997.4216,1,0,1,0,0,0,0.012307295
15990,6997.454944,1,0,1,0,0,0,0.01227905
15992,6997.488256,1,0,1,0,0,0,0.012290906
15994,6997.5216,1,0,1,0,0,0,0.01224662
15996,6997.554912,1,0,1,0,0,0,0.012261615
15998,6997.588256,1,0,1,0,0,0,0.012246271
16000,6997.621568,1,0,1,0,0,0,0.012269286
16002,6997.654912,1,0,1,0,0,0,0.012272425
16004,6997.688256,1,0,1,0,0,0,0.012269635
16006,6997.721568,1,0,1,0,0,0,0.012227441
16008,6997.754912,1,0,1,0,0,0,0.012226395
16010,6997.788224,1,0,1,0,0,0,0.012201288
16012,6997.821568,1,0,1,0,0,0,0.012227093
16014,6997.854912,1,0,1,0,0,0,0.01216851
16016,6997.888224,1,0,1,0,0,0,0.012227441
16018,6997.921568,1,0,1,0,0,0,0.012175832
16020,6997.954912,1,0,1,0,0,0,0.012241041
16022,6997.988224,1,0,1,0,0,0,0.012190129
16024,6998.021568,1,0,1,0,0,0,0.012232323
16026,6998.05488,1,0,1,0,0,0,0.012204078
16028,6998.088224,1,0,1,0,0,0,0.012191176
16030,6998.121568,1,0,1,0,0,0,0.01219536
16032,6998.15488,1,0,1,0,0,0,0.012193268
16034,6998.188224,1,0,1,0,0,0,0.012222211
16036,6998.221568,1,0,1,0,0,0,0.012207914
16038,6998.25488,1,0,1,0,0,0,0.012161187
16040,6998.288224,1,0,1,0,0,0,0.01218176
16042,6998.321568,1,0,1,0,0,0,0.012215236
16044,6998.35488,1,0,1,0,0,0,0.012228139
16046,6998.388224,1,0,1,0,0,0,0.012262312
16048,6998.421536,1,0,1,0,0,0,0.012255338
16050,6998.45488,1,0,1,0,0,0,0.012271378
16052,6998.488224,1,0,1,0,0,0,0.012255687
16054,6998.521536,1,0,1,0,0,0,0.012332751
16056,6998.55488,1,0,1,0,0,0,0.012326126
16058,6998.588224,1,0,1,0,0,0,0.012350186
16060,6998.621536,1,0,1,0,0,0,0.012364483
16062,6998.65488,1,0,1,0,0,0,0.01234914
16064,6998.688192,1,0,1,0,0,0,0.012374596
16066,6998.721536,1,0,1,0,0,0,0.012339376
16068,6998.75488,1,0,1,0,0,0,0.012340771
16070,6998.788192,1,0,1,0,0,0,0.012338679
16072,6998.821536,1,0,1,0,0,0,0.012360996
16074,6998.85488,1,0,1,0,0,0,0.012304854
16076,6998.888192,1,0,1,0,0,0,0.012277655
16078,6998.921536,1,0,1,0,0,0,0.012244179
16080,6998.954848,1,0,1,0,0,0,0.01223581
16082,6998.988192,1,0,1,0,0,0,0.012200242
16084,6999.021504,1,0,1,0,0,0,0.012183155
16086,6999.054848,1,0,1,0,0,0,0.012182807
16088,6999.088192,1,0,1,0,0,0,0.012321244
16090,6999.121536,1,0,1,0,0,0,0.012319849
16092,6999.154848,1,0,1,0,0,0,0.012306598
16094,6999.188192,1,0,1,0,0,0,0.012304506
16096,6999.221504,1,0,1,0,0,0,0.012288465
16098,6999.254848,1,0,1,0,0,0,0.012340771
16100,6999.288192,1,0,1,0,0,0,0.012307295
16102,6999.321504,1,0,1,0,0,0,0.012297183
16104,6999.354848,1,0,1,0,0,0,0.012284978
16106,6999.388192,1,0,1,0,0,0,0.012267194
16108,6999.421504,1,0,1,0,0,0,0.012288116
16110,6999.454848,1,0,1,0,0,0,0.012258128
16112,6999.48816,1,0,1,0,0,0,0.012229882
16114,6999.521504,1,0,1,0,0,0,0.012229185
16116,6999.554848,1,0,1,0,0,0,0.012213493
16118,6999.58816,1,0,1,0,0,0,0.012231277
16120,6999.621504,1,0,1,0,0,0,0.012214539
16122,6999.654816,1,0,1,0,0,0,0.012224303
16124,6999.68816,1,0,1,0,0,0,0.012259871
16126,6999.721504,1,0,1,0,0,0,0.012301019
16128,6999.754816,1,0,1,0,0,0,0.01226022
16130,6999.78816,1,0,1,0,0,0,0.012294044
16132,6999.821504,1,0,1,0,0,0,0.012293347
16134,6999.854816,1,0,1,0,0,0,0.012321244
16136,6999.88816,1,0,1,0,0,0,0.0123059
16138,6999.921472,1,0,1,0,0,0,0.012307644
16140,6999.954816,1,0,1,0,0,0,0.012320895
16142,6999.98816,1,0,1,0,0,0,0.012366227
16144,7000.021472,1,0,1,0,0,0,0.012302413
16146,7000.054816,1,0,1,0,0,0,0.01234914
16148,7000.08816,1,0,1,0,0,0,0.012355068
16150,7000.121472,1,0,1,0,0,0,0.012356812
16152,7000.154816,1,0,1,0,0,0,0.012383662
16154,7000.18816,1,0,1,0,0,0,0.012395867
16156,7000.221472,1,0,1,0,0,0,0.01243004
16158,7000.254816,1,0,1,0,0,0,0.012414
16160,7000.288128,1,0,1,0,0,0,0.012344607
16162,7000.321472,1,0,1,0,0,0,0.012383662
16164,7000.354816,1,0,1,0,0,0,0.012370063
16166,7000.388128,1,0,1,0,0,0,0.012314967
16168,7000.421472,1,0,1,0,0,0,0.012358207
16170,7000.454816,1,0,1,0,0,0,0.012295439
16172,7000.488128,1,0,1,0,0,0,0.012342515
16174,7000.521472,1,0,1,0,0,0,0.012313572
16176,7000.554784,1,0,1,0,0,0,0.012322638
16178,7000.588128,1,0,1,0,0,0,0.012364483
16180,7000.621472,1,0,1,0,0,0,0.012326823
16182,7000.654784,1,0,1,0,0,0,0.012364832
16184,7000.688128,1,0,1,0,0,0,0.012332402
16186,7000.721472,1,0,1,0,0,0,0.012380873
16188,7000.754784,1,0,1,0,0,0,0.012347397
16190,7000.788128,1,0,1,0,0,0,0.012381919
16192,7000.821472,1,0,1,0,0,0,0.012388544
16194,7000.854784,1,0,1,0,0,0,0.012444686
16196,7000.888128,1,0,1,0,0,0,0.012456194
16198,7000.921472,1,0,1,0,0,0,0.012363089
16200,7000.954784,1,0,1,0,0,0,0.012419928
16202,7000.988128,1,0,1,0,0,0,0.012408769
16204,7001.021472,1,0,1,0,0,0,0.012401098
16206,7001.054784,1,0,1,0,0,0,0.012398308
16208,7001.088096,1,0,1,0,0,0,0.012387149
16210,7001.121472,1,0,1,0,0,0,0.012385406
16212,7001.154784,1,0,1,0,0,0,0.012373899
16214,7001.188096,1,0,1,0,0,0,0.012403539
16216,7001.221472,1,0,1,0,0,0,0.012351233
16218,7001.254784,1,0,1,0,0,0,0.012341469
16220,7001.288096,1,0,1,0,0,0,0.012402841
16222,7001.321472,1,0,1,0,0,0,0.012410862
16224,7001.354752,1,0,1,0,0,0,0.012369365
16226,7001.388096,1,0,1,0,0,0,0.012358207
16228,7001.421472,1,0,1,0,0,0,0.012329613
16230,7001.454752,1,0,1,0,0,0,0.012353325
16232,7001.488096,1,0,1,0,0,0,0.012345653
16234,7001.521472,1,0,1,0,0,0,0.012354022
16236,7001.554752,1,0,1,0,0,0,0.012353673
16238,7001.588096,1,0,1,0,0,0,0.012366924
16240,7001.621408,1,0,1,0,0,0,0.012340423
16242,7001.654752,1,0,1,0,0,0,0.012385057
16244,7001.688096,1,0,1,0,0,0,0.012397959
16246,7001.721408,1,0,1,0,0,0,0.012403539
16248,7001.754752,1,0,1,0,0,0,0.012417836
16250,7001.788064,1,0,1,0,0,0,0.012347048
16252,7001.821408,1,0,1,0,0,0,0.012411908
16254,7001.854752,1,0,1,0,0,0,0.012372155
16256,7001.888064,1,0,1,0,0,0,0.012381919
16258,7001.921408,1,0,1,0,0,0,0.012333448
16260,7001.954752,1,0,1,0,0,0,0.01230067
16262,7001.988064,1,0,1,0,0,0,0.012306947
16264,7002.021408,1,0,1,0,0,0,0.012314967
16266,7002.054752,1,0,1,0,0,0,0.012334843
16268,7002.088064,1,0,1,0,0,0,0.012283932
16270,7002.121408,1,0,1,0,0,0,0.012286722
16272,7002.15472,1,0,1,0,0,0,0.012224652
16274,7002.188064,1,0,1,0,0,0,0.012266496
16276,7002.221408,1,0,1,0,0,0,0.012295091
16278,7002.25472,1,0,1,0,0,0,0.012252199
16280,7002.288064,1,0,1,0,0,0,0.012311829
16282,7002.321408,1,0,1,0,0,0,0.012288116
16284,7002.35472,1,0,1,0,0,0,0.012284281
16286,7002.388064,1,0,1,0,0,0,0.012279399
16288,7002.421376,1,0,1,0,0,0,0.012290209
16290,7002.45472,1,0,1,0,0,0,0.012302065
16292,7002.488064,1,0,1,0,0,0,0.012301716
16294,7002.521376,1,0,1,0,0,0,0.012277306
16296,7002.55472,1,0,1,0,0,0,0.012291603
16298,7002.588064,1,0,1,0,0,0,0.012296137
16300,7002.621376,1,0,1,0,0,0,0.012269984
16302,7002.65472,1,0,1,0,0,0,0.012226046
16304,7002.688032,1,0,1,0,0,0,0.012338679
16306,7002.721376,1,0,1,0,0,0,0.012295091
16308,7002.75472,1,0,1,0,0,0,0.012303111
16310,7002.788032,1,0,1,0,0,0,0.012266148
16312,7002.821376,1,0,1,0,0,0,0.012303111
16314,7002.85472,1,0,1,0,0,0,0.01227626
16316,7002.888032,1,0,1,0,0,0,0.012267543
16318,7002.921376,1,0,1,0,0,0,0.012320546
16320,7002.954688,1,0,1,0,0,0,0.01228184
16322,7002.988032,1,0,1,0,0,0,0.01228986
16324,7003.021376,1,0,1,0,0,0,0.01230346
16326,7003.054688,1,0,1,0,0,0,0.012383314
16328,7003.088032,1,0,1,0,0,0,0.012369714
16330,7003.121376,1,0,1,0,0,0,0.012352976
16332,7003.154688,1,0,1,0,0,0,0.012404934
16334,7003.188032,1,0,1,0,0,0,0.012348443
16336,7003.221344,1,0,1,0,0,0,0.012342515
16338,7003.254688,1,0,1,0,0,0,0.012366924
16340,7003.288032,1,0,1,0,0,0,0.012369365
16342,7003.321344,1,0,1,0,0,0,0.012370063
16344,7003.354688,1,0,1,0,0,0,0.012344607
16346,7003.388,1,0,1,0,0,0,0.012317059
16348,7003.421344,1,0,1,0,0,0,0.012348443
16350,7003.454688,1,0,1,0,0,0,0.012334843
16352,7003.488,1,0,1,0,0,0,0.012348792
16354,7003.521344,1,0,1,0,0,0,0.012368319
16356,7003.554688,1,0,1,0,0,0,0.012325428
16358,7003.588,1,0,1,0,0,0,0.012337633
16360,7003.621344,1,0,1,0,0,0,0.012373899
16362,7003.654656,1,0,1,0,0,0,0.012365878
16364,7003.688,1,0,1,0,0,0,0.012357161
16366,7003.721344,1,0,1,0,0,0,0.012342515
16368,7003.754656,1,0,1,0,0,0,0.01228707
16370,7003.788,1,0,1,0,0,0,0.012306249
16372,7003.821344,1,0,1,0,0,0,0.012336238
16374,7003.854656,1,0,1,0,0,0,0.012321592
16376,7003.888,1,0,1,0,0,0,0.012301367
16378,7003.921344,1,0,1,0,0,0,0.012311131
16380,7003.954656,1,0,1,0,0,0,0.012306947
16382,7003.988,1,0,1,0,0,0,0.01232752
16384,7004.021312,1,0,1,0,0,0,0.012344956
16386,7004.054656,1,0,1,0,0,0,0.012313572
16388,7004.088,1,0,1,0,0,0,0.012280445
16390,7004.121312,1,0,1,0,0,0,0.012266496
16392,7004.154656,1,0,1,0,0,0,0.012269984
16394,7004.188,1,0,1,0,0,0,0.012282537
16396,7004.221312,1,0,1,0,0,0,0.012317408
16398,7004.254656,1,0,1,0,0,0,0.012366576
16400,7004.287968,1,0,1,0,0,0,0.012283234
16402,7004.321312,1,0,1,0,0,0,0.012324033
16404,7004.354656,1,0,1,0,0,0,0.012349489
16406,7004.387968,1,0,1,0,0,0,0.012298926
16408,7004.421312,1,0,1,0,0,0,0.012303111
16410,7004.454656,1,0,1,0,0,0,0.012285675
16412,7004.487968,1,0,1,0,0,0,0.012285675
16414,7004.521312,1,0,1,0,0,0,0.012353325
16416,7004.554624,1,0,1,0,0,0,0.012304506
16418,7004.587968,1,0,1,0,0,0,0.012289163
16420,7004.621312,1,0,1,0,0,0,0.012280794
16422,7004.654624,1,0,1,0,0,0,0.012275912
16424,7004.687968,1,0,1,0,0,0,0.012282188
16426,7004.72128,1,0,1,0,0,0,0.01231148
16428,7004.754624,1,0,1,0,0,0,0.012306249
16430,7004.787968,1,0,1,0,0,0,0.012358904
16432,7004.82128,1,0,1,0,0,0,0.012306249
16434,7004.854624,1,0,1,0,0,0,0.012350884
16436,7004.887968,1,0,1,0,0,0,0.012306598
16438,7004.92128,1,0,1,0,0,0,0.012339028
16440,7004.954624,1,0,1,0,0,0,0.012362042
16442,7004.987936,1,0,1,0,0,0,0.012341817
16444,7005.02128,1,0,1,0,0,0,0.012321941
16446,7005.054624,1,0,1,0,0,0,0.012294742
16448,7005.087936,1,0,1,0,0,0,0.012290906
16450,7005.12128,1,0,1,0,0,0,0.012370411
16452,7005.154624,1,0,1,0,0,0,0.012356114
16454,7005.187936,1,0,1,0,0,0,0.012247666
16456,7005.22128,1,0,1,0,0,0,0.012316362
16458,7005.254592,1,0,1,0,0,0,0.01231671
16460,7005.287936,1,0,1,0,0,0,0.012310085
16462,7005.32128,1,0,1,0,0,0,0.012340771
16464,7005.354592,1,0,1,0,0,0,0.012343212
16466,7005.387936,1,0,1,0,0,0,0.012339725
16468,7005.42128,1,0,1,0,0,0,0.012303111
16470,7005.454592,1,0,1,0,0,0,0.012311131
16472,7005.487936,1,0,1,0,0,0,0.012326126
16474,7005.52128,1,0,1,0,0,0,0.012257779
16476,7005.554592,1,0,1,0,0,0,0.012350535
16478,7005.587936,1,0,1,0,0,0,0.012344956
16480,7005.621248,1,0,1,0,0,0,0.01236797
16482,7005.654592,1,0,1,0,0,0,0.012355068
16484,7005.687936,1,0,1,0,0,0,0.012402493
16486,7005.721248,1,0,1,0,0,0,0.012347397
16488,7005.754592,1,0,1,0,0,0,0.012366576
16490,7005.787936,1,0,1,0,0,0,0.012385755
16492,7005.821248,1,0,1,0,0,0,0.012361694
16494,7005.854592,1,0,1,0,0,0,0.012306249
16496,7005.887904,1,0,1,0,0,0,0.012347745
16498,7005.921248,1,0,1,0,0,0,0.012318454
16500,7005.954592,1,0,1,0,0,0,0.012350186
16502,7005.987904,1,0,1,0,0,0,0.012324033
16504,7006.021248,1,0,1,0,0,0,0.01230869
16506,7006.054592,1,0,1,0,0,0,0.012311829
16508,7006.087904,1,0,1,0,0,0,0.012390636
16510,7006.121248,1,0,1,0,0,0,0.012354022
16512,7006.15456,1,0,1,0,0,0,0.012386452
16514,7006.187904,1,0,1,0,0,0,0.012371806
16516,7006.221248,1,0,1,0,0,0,0.012382268
16518,7006.25456,1,0,1,0,0,0,0.012378083
16520,7006.287904,1,0,1,0,0,0,0.012405282
16522,7006.321248,1,0,1,0,0,0,0.012387847
16524,7006.35456,1,0,1,0,0,0,0.012423066
16526,7006.387904,1,0,1,0,0,0,0.012366924
16528,7006.421216,1,0,1,0,0,0,0.012399354
16530,7006.45456,1,0,1,0,0,0,0.012400052
16532,7006.487904,1,0,1,0,0,0,0.012407374
16534,7006.521216,1,0,1,0,0,0,0.012380873
16536,7006.55456,1,0,1,0,0,0,0.012396913
16538,7006.587872,1,0,1,0,0,0,0.012408421
16540,7006.621216,1,0,1,0,0,0,0.01236797
16542,7006.65456,1,0,1,0,0,0,0.01238436
16544,7006.687872,1,0,1,0,0,0,0.012361694
16546,7006.721216,1,0,1,0,0,0,0.012384708
16548,7006.75456,1,0,1,0,0,0,0.012373899
16550,7006.787872,1,0,1,0,0,0,0.012378432
16552,7006.821216,1,0,1,0,0,0,0.012367273
16554,7006.854528,1,0,1,0,0,0,0.012355417
16556,7006.887872,1,0,1,0,0,0,0.01236797
16558,7006.921216,1,0,1,0,0,0,0.012409815
16560,7006.954528,1,0,1,0,0,0,0.012332751
16562,7006.987872,1,0,1,0,0,0,0.012365181
16564,7007.021216,1,0,1,0,0,0,0.012355766
16566,7007.054528,1,0,1,0,0,0,0.012364135
16568,7007.087872,1,0,1,0,0,0,0.012394821
16570,7007.121184,1,0,1,0,0,0,0.012383662
16572,7007.154528,1,0,1,0,0,0,0.012377037
16574,7007.187872,1,0,1,0,0,0,0.012366576
16576,7007.221184,1,0,1,0,0,0,0.01239517
16578,7007.254528,1,0,1,0,0,0,0.012362042
16580,7007.287872,1,0,1,0,0,0,0.012418882
16582,7007.321184,1,0,1,0,0,0,0.012365878
16584,7007.354528,1,0,1,0,0,0,0.012353673
16586,7007.387872,1,0,1,0,0,0,0.01234112
16588,7007.421184,1,0,1,0,0,0,0.012362042
16590,7007.454528,1,0,1,0,0,0,0.01239238
16592,7007.48784,1,0,1,0,0,0,0.012358555
16594,7007.521184,1,0,1,0,0,0,0.012376339
16596,7007.554528,1,0,1,0,0,0,0.012348792
16598,7007.58784,1,0,1,0,0,0,0.012373899
16600,7007.621184,1,0,1,0,0,0,0.012421323
16602,7007.654528,1,0,1,0,0,0,0.012417138
16604,7007.68784,1,0,1,0,0,0,0.012368668
16606,7007.721184,1,0,1,0,0,0,0.01236274
16608,7007.754496,1,0,1,0,0,0,0.012381221
16610,7007.78784,1,0,1,0,0,0,0.012379478
16612,7007.821184,1,0,1,0,0,0,0.012317408
16614,7007.854496,1,0,1,0,0,0,0.012371109
16616,7007.88784,1,0,1,0,0,0,0.012347745
16618,7007.921184,1,0,1,0,0,0,0.012383314
16620,7007.954496,1,0,1,0,0,0,0.01240598
16622,7007.98784,1,0,1,0,0,0,0.01233031
16624,7008.021152,1,0,1,0,0,0,0.012321244
16626,7008.054496,1,0,1,0,0,0,0.012350186
16628,7008.08784,1,0,1,0,0,0,0.012338679
16630,7008.121152,1,0,1,0,0,0,0.012357509
16632,7008.154496,1,0,1,0,0,0,0.012369365
16634,7008.18784,1,0,1,0,0,0,0.012382965
16636,7008.221152,1,0,1,0,0,0,0.012398657
16638,7008.254496,1,0,1,0,0,0,0.012385755
16640,7008.287808,1,0,1,0,0,0,0.012346002
16642,7008.321152,1,0,1,0,0,0,0.012388196
16644,7008.354496,1,0,1,0,0,0,0.012393426
16646,7008.387808,1,0,1,0,0,0,0.012401098
16648,7008.421152,1,0,1,0,0,0,0.012400749
16650,7008.454464,1,0,1,0,0,0,0.012366924
16652,7008.487808,1,0,1,0,0,0,0.012333797
16654,7008.521152,1,0,1,0,0,0,0.01239238
16656,7008.554464,1,0,1,0,0,0,0.012356114
16658,7008.587808,1,0,1,0,0,0,0.012382616
16660,7008.621152,1,0,1,0,0,0,0.012326823
16662,7008.654464,1,0,1,0,0,0,0.012372504
16664,7008.687808,1,0,1,0,0,0,0.01236274
16666,7008.72112,1,0,1,0,0,0,0.012331356
16668,7008.754464,1,0,1,0,0,0,0.012374596
16670,7008.787808,1,0,1,0,0,0,0.012347048
16672,7008.821152,1,0,1,0,0,0,0.012282886
16674,7008.854464,1,0,1,0,0,0,0.012300321
16676,7008.887808,1,0,1,0,0,0,0.012332054
16678,7008.92112,1,0,1,0,0,0,0.012336587
16680,7008.954464,1,0,1,0,0,0,0.012313921
16682,7008.987808,1,0,1,0,0,0,0.012355417
16684,7009.02112,1,0,1,0,0,0,0.012277306
16686,7009.054464,1,0,1,0,0,0,0.012312177
16688,7009.087776,1,0,1,0,0,0,0.012315664
16690,7009.12112,1,0,1,0,0,0,0.012310085
16692,7009.154464,1,0,1,0,0,0,0.012296834
16694,7009.187776,1,0,1,0,0,0,0.012269635
16696,7009.22112,1,0,1,0,0,0,0.012293696
16698,7009.254464,1,0,1,0,0,0,0.012298578
16700,7009.287776,1,0,1,0,0,0,0.012277306
16702,7009.32112,1,0,1,0,0,0,0.012311829
16704,7009.354432,1,0,1,0,0,0,0.012278004
16706,7009.387776,1,0,1,0,0,0,0.012296485
16708,7009.42112,1,0,1,0,0,0,0.012296485
16710,7009.454432,1,0,1,0,0,0,0.01228986
16712,7009.487776,1,0,1,0,0,0,0.012301716
16714,7009.52112,1,0,1,0,0,0,0.012305552
16716,7009.554432,1,0,1,0,0,0,0.012280096
16718,7009.587776,1,0,1,0,0,0,0.012309388
16720,7009.621088,1,0,1,0,0,0,0.012296834
16722,7009.654432,1,0,1,0,0,0,0.012283234
16724,7009.687776,1,0,1,0,0,0,0.012281142
16726,7009.721088,1,0,1,0,0,0,0.012272425
16728,7009.754432,1,0,1,0,0,0,0.012256384
16730,7009.787744,1,0,1,0,0,0,0.01231671
16732,7009.821088,1,0,1,0,0,0,0.012282188
16734,7009.854432,1,0,1,0,0,0,0.01233031
16736,7009.887744,1,0,1,0,0,0,0.012275214
16738,7009.921088,1,0,1,0,0,0,0.012309039
16740,7009.954432,1,0,1,0,0,0,0.01229788
16742,7009.987744,1,0,1,0,0,0,0.012319849
16744,7010.021088,1,0,1,0,0,0,0.012311829
16746,7010.054432,1,0,1,0,0,0,0.012287768
16748,7010.087744,1,0,1,0,0,0,0.012349489
16750,7010.121088,1,0,1,0,0,0,0.012325079
16752,7010.1544,1,0,1,0,0,0,0.012306947
16754,7010.187744,1,0,1,0,0,0,0.012336935
16756,7010.221088,1,0,1,0,0,0,0.012393775
16758,7010.2544,1,0,1,0,0,0,0.012391683
16760,7010.287744,1,0,1,0,0,0,0.012390636
16762,7010.321088,1,0,1,0,0,0,0.012348792
16764,7010.3544,1,0,1,0,0,0,0.012374945
16766,7010.387744,1,0,1,0,0,0,0.012340423
16768,7010.421056,1,0,1,0,0,0,0.012397959
16770,7010.4544,1,0,1,0,0,0,0.012348094
16772,7010.487712,1,0,1,0,0,0,0.012372155
16774,7010.521056,1,0,1,0,0,0,0.012374945
16776,7010.5544,1,0,1,0,0,0,0.012409118
16778,7010.587712,1,0,1,0,0,0,0.01237076
16780,7010.621056,1,0,1,0,0,0,0.01237076
16782,7010.6544,1,0,1,0,0,0,0.012350186
16784,7010.687712,1,0,1,0,0,0,0.012338679
16786,7010.721056,1,0,1,0,0,0,0.012345653
16788,7010.7544,1,0,1,0,0,0,0.012390288
16790,7010.787712,1,0,1,0,0,0,0.012354022
16792,7010.821056,1,0,1,0,0,0,0.01235472
16794,7010.854368,1,0,1,0,0,0,0.012358207
16796,7010.887712,1,0,1,0,0,0,0.012380524
16798,7010.921056,1,0,1,0,0,0,0.012373899
16800,7010.954368,1,0,1,0,0,0,0.012334495
16802,7010.987712,1,0,1,0,0,0,0.012348443
16804,7011.021056,1,0,1,0,0,0,0.012305203
16806,7011.054368,1,0,1,0,0,0,0.012353325
16808,7011.087712,1,0,1,0,0,0,0.012357161
16810,7011.121056,1,0,1,0,0,0,0.012327172
16812,7011.154368,1,0,1,0,0,0,0.012349489
16814,7011.187712,1,0,1,0,0,0,0.012310085
16816,7011.221024,1,0,1,0,0,0,0.012326474
16818,7011.254368,1,0,1,0,0,0,0.012280794
16820,7011.287712,1,0,1,0,0,0,0.012321941
16822,7011.321024,1,0,1,0,0,0,0.012351581
16824,7011.354368,1,0,1,0,0,0,0.012333797
16826,7011.38768,1,0,1,0,0,0,0.012352976
16828,7011.421024,1,0,1,0,0,0,0.012350884
16830,7011.454368,1,0,1,0,0,0,0.012319849
16832,7011.48768,1,0,1,0,0,0,0.012299624
16834,7011.521024,1,0,1,0,0,0,0.012364832
16836,7011.554368,1,0,1,0,0,0,0.01234112
16838,7011.58768,1,0,1,0,0,0,0.012342166
16840,7011.621024,1,0,1,0,0,0,0.012336935
16842,7011.654368,1,0,1,0,0,0,0.012309388
16844,7011.68768,1,0,1,0,0,0,0.012333448
16846,7011.721024,1,0,1,0,0,0,0.012306947
16848,7011.754336,1,0,1,0,0,0,0.012307644
16850,7011.78768,1,0,1,0,0,0,0.012306598
16852,7011.821024,1,0,1,0,0,0,0.012300321
16854,7011.854336,1,0,1,0,0,0,0.012357161
16856,7011.88768,1,0,1,0,0,0,0.012303808
16858,7011.921024,1,0,1,0,0,0,0.012298578
16860,7011.954336,1,0,1,0,0,0,0.01228707
16862,7011.98768,1,0,1,0,0,0,0.012282537
16864,7012.020992,1,0,1,0,0,0,0.012273471
16866,7012.054336,1,0,1,0,0,0,0.01232752
16868,7012.08768,1,0,1,0,0,0,0.012332054
16870,7012.120992,1,0,1,0,0,0,0.012296485
16872,7012.154336,1,0,1,0,0,0,0.012331007
16874,7012.187648,1,0,1,0,0,0,0.012315664
16876,7012.220992,1,0,1,0,0,0,0.01230869
16878,7012.254336,1,0,1,0,0,0,0.012339725
16880,7012.287648,1,0,1,0,0,0,0.012309039
16882,7012.320992,1,0,1,0,0,0,0.012281491
16884,7012.354336,1,0,1,0,0,0,0.012274865
16886,7012.387648,1,0,1,0,0,0,0.012226395
16888,7012.420992,1,0,1,0,0,0,0.012273471
16890,7012.454304,1,0,1,0,0,0,0.01227905
16892,7012.487648,1,0,1,0,0,0,0.01226022
16894,7012.520992,1,0,1,0,0,0,0.012213144
16896,7012.554304,1,0,1,0,0,0,0.012274865
16898,7012.587648,1,0,1,0,0,0,0.012241041
16900,7012.620992,1,0,1,0,0,0,0.012250805
16902,7012.654304,1,0,1,0,0,0,0.012277655
16904,7012.687648,1,0,1,0,0,0,0.012277306
16906,7012.720992,1,0,1,0,0,0,0.012313921
16908,7012.754304,1,0,1,0,0,0,0.012289163
16910,7012.787648,1,0,1,0,0,0,0.012304157
16912,7012.82096,1,0,1,0,0,0,0.012302065
16914,7012.854304,1,0,1,0,0,0,0.012262661
16916,7012.887648,1,0,1,0,0,0,0.012268937
16918,7012.92096,1,0,1,0,0,0,0.012256035
16920,7012.954304,1,0,1,0,0,0,0.012298229
16922,7012.987648,1,0,1,0,0,0,0.012248712
16924,7013.02096,1,0,1,0,0,0,0.012263009
16926,7013.054304,1,0,1,0,0,0,0.01228184
16928,7013.087616,1,0,1,0,0,0,0.012247666
16930,7013.12096,1,0,1,0,0,0,0.012291952
16932,7013.154304,1,0,1,0,0,0,0.012320546
16934,7013.187616,1,0,1,0,0,0,0.012278701
16936,7013.22096,1,0,1,0,0,0,0.012271378
16938,7013.254304,1,0,1,0,0,0,0.012281491
16940,7013.287616,1,0,1,0,0,0,0.012294393
16942,7013.32096,1,0,1,0,0,0,0.012279747
16944,7013.354272,1,0,1,0,0,0,0.012270681
16946,7013.387616,1,0,1,0,0,0,0.012287419
16948,7013.42096,1,0,1,0,0,0,0.012290906
16950,7013.454272,1,0,1,0,0,0,0.012258476
16952,7013.487616,1,0,1,0,0,0,0.012284281
16954,7013.52096,1,0,1,0,0,0,0.01231671
16956,7013.554272,1,0,1,0,0,0,0.012315664
16958,7013.587616,1,0,1,0,0,0,0.012312526
16960,7013.620928,1,0,1,0,0,0,0.012286024
16962,7013.654272,1,0,1,0,0,0,0.012291255
16964,7013.687616,1,0,1,0,0,0,0.012266496
16966,7013.720928,1,0,1,0,0,0,0.012288814
16968,7013.754272,1,0,1,0,0,0,0.012325079
16970,7013.787584,1,0,1,0,0,0,0.012316362
16972,7013.820928,1,0,1,0,0,0,0.012384011
16974,7013.854272,1,0,1,0,0,0,0.012327172
16976,7013.887584,1,0,1,0,0,0,0.012348443
16978,7013.920928,1,0,1,0,0,0,0.012340074
16980,7013.954272,1,0,1,0,0,0,0.012336238
16982,7013.987584,1,0,1,0,0,0,0.012329613
16984,7014.020928,1,0,1,0,0,0,0.012351233
16986,7014.05424,1,0,1,0,0,0,0.012328218
16988,7014.087584,1,0,1,0,0,0,0.012303808
16990,7014.120928,1,0,1,0,0,0,0.01233833
16992,7014.15424,1,0,1,0,0,0,0.012340771
16994,7014.187584,1,0,1,0,0,0,0.012342515
16996,7014.220928,1,0,1,0,0,0,0.012327172
16998,7014.25424,1,0,1,0,0,0,0.012333797
17000,7014.287584,1,0,1,0,0,0,0.012332402
17002,7014.320896,1,0,1,0,0,0,0.012347745
17004,7014.35424,1,0,1,0,0,0,0.012333448
17006,7014.387584,1,0,1,0,0,0,0.012335889
17008,7014.420896,1,0,1,0,0,0,0.012318105
17010,7014.45424,1,0,1,0,0,0,0.012331356
17012,7014.487584,1,0,1,0,0,0,0.012350884
17014,7014.520896,1,0,1,0,0,0,0.012412954
17016,7014.55424,1,0,1,0,0,0,0.012451312
17018,7014.587552,1,0,1,0,0,0,0.012393775
17020,7014.620896,1,0,1,0,0,0,0.012420974
17022,7014.65424,1,0,1,0,0,0,0.012369017
17024,7014.687552,1,0,1,0,0,0,0.012316013
17026,7014.720896,1,0,1,0,0,0,0.012333797
17028,7014.75424,1,0,1,0,0,0,0.012331007
17030,7014.787552,1,0,1,0,0,0,0.012297531
17032,7014.820896,1,0,1,0,0,0,0.012350186
17034,7014.85424,1,0,1,0,0,0,0.01230869
17036,7014.887552,1,0,1,0,0,0,0.012317408
17038,7014.920896,1,0,1,0,0,0,0.012313921
17040,7014.954208,1,0,1,0,0,0,0.012322987
17042,7014.987552,1,0,1,0,0,0,0.01234112
17044,7015.020896,1,0,1,0,0,0,0.012286722
17046,7015.054208,1,0,1,0,0,0,0.012302762
17048,7015.087552,1,0,1,0,0,0,0.012331007
17050,7015.120896,1,0,1,0,0,0,0.012326126
17052,7015.154208,1,0,1,0,0,0,0.012270681
17054,7015.187552,1,0,1,0,0,0,0.012287419
17056,7015.220864,1,0,1,0,0,0,0.01229265
17058,7015.254208,1,0,1,0,0,0,0.01221419
17060,7015.287552,1,0,1,0,0,0,0.012255687
17062,7015.320864,1,0,1,0,0,0,0.012233021
17064,7015.354208,1,0,1,0,0,0,0.012274865
17066,7015.38752,1,0,1,0,0,0,0.012234415
17068,7015.420864,1,0,1,0,0,0,0.012234415
17070,7015.454208,1,0,1,0,0,0,0.012245923
17072,7015.48752,1,0,1,0,0,0,0.012234415
17074,7015.520864,1,0,1,0,0,0,0.012240692
17076,7015.554208,1,0,1,0,0,0,0.012231974
17078,7015.58752,1,0,1,0,0,0,0.012261266
17080,7015.620864,1,0,1,0,0,0,0.012206867
17082,7015.654176,1,0,1,0,0,0,0.012237554
17084,7015.68752,1,0,1,0,0,0,0.01223581
17086,7015.720864,1,0,1,0,0,0,0.012268589
17088,7015.754176,1,0,1,0,0,0,0.01223058
17090,7015.78752,1,0,1,0,0,0,0.012254292
17092,7015.820864,1,0,1,0,0,0,0.012290906
17094,7015.854176,1,0,1,0,0,0,0.012247666
17096,7015.88752,1,0,1,0,0,0,0.012269984
17098,7015.920832,1,0,1,0,0,0,0.012255687
17100,7015.954176,1,0,1,0,0,0,0.012226744
17102,7015.98752,1,0,1,0,0,0,0.012227093
17104,7016.020832,1,0,1,0,0,0,0.012233369
17106,7016.054176,1,0,1,0,0,0,0.012282537
17108,7016.08752,1,0,1,0,0,0,0.012270332
17110,7016.120832,1,0,1,0,0,0,0.012269984
17112,7016.154176,1,0,1,0,0,0,0.012296485
17114,7016.187488,1,0,1,0,0,0,0.012212447
17116,7016.220832,1,0,1,0,0,0,0.012208611
17118,7016.254176,1,0,1,0,0,0,0.012227441
17120,7016.287488,1,0,1,0,0,0,0.012217677
17122,7016.320832,1,0,1,0,0,0,0.012186991
17124,7016.354176,1,0,1,0,0,0,0.012264753
17126,7016.387488,1,0,1,0,0,0,0.012237902
17128,7016.420832,1,0,1,0,0,0,0.012256733
17130,7016.454176,1,0,1,0,0,0,0.012267891
17132,7016.487488,1,0,1,0,0,0,0.012200242
17134,7016.520832,1,0,1,0,0,0,0.012223954
17136,7016.554144,1,0,1,0,0,0,0.012239995
17138,7016.587488,1,0,1,0,0,0,0.01229265
17140,7016.620832,1,0,1,0,0,0,0.012242087
17142,7016.654144,1,0,1,0,0,0,0.012237902
17144,7016.687488,1,0,1,0,0,0,0.012252897
17146,7016.720832,1,0,1,0,0,0,0.012234067
17148,7016.754144,1,0,1,0,0,0,0.012223605
17150,7016.787488,1,0,1,0,0,0,0.012259871
17152,7016.8208,1,0,1,0,0,0,0.012236508
17154,7016.854144,1,0,1,0,0,0,0.012182458
17156,7016.887488,1,0,1,0,0,0,0.012191176
17158,7016.9208,1,0,1,0,0,0,0.01220338
17160,7016.954144,1,0,1,0,0,0,0.012237902
17162,7016.987488,1,0,1,0,0,0,0.012234067
17164,7017.0208,1,0,1,0,0,0,0.012175832
17166,7017.054144,1,0,1,0,0,0,0.012198847
17168,7017.087488,1,0,1,0,0,0,0.012223257
17170,7017.1208,1,0,1,0,0,0,0.012201288
17172,7017.154144,1,0,1,0,0,0,0.012215236
17174,7017.187488,1,0,1,0,0,0,0.012237554
17176,7017.2208,1,0,1,0,0,0,0.012199545
17178,7017.254144,1,0,1,0,0,0,0.01218734
17180,7017.287488,1,0,1,0,0,0,0.012250107
17182,7017.3208,1,0,1,0,0,0,0.012210006
17184,7017.354112,1,0,1,0,0,0,0.01226022
17186,7017.387488,1,0,1,0,0,0,0.012204775
17188,7017.4208,1,0,1,0,0,0,0.012246969
17190,7017.454112,1,0,1,0,0,0,0.012212795
17192,7017.487488,1,0,1,0,0,0,0.012232672
17194,7017.520768,1,0,1,0,0,0,0.012215236
17196,7017.554112,1,0,1,0,0,0,0.012219421
17198,7017.587488,1,0,1,0,0,0,0.012218724
17200,7017.620768,1,0,1,0,0,0,0.012223954
17202,7017.654112,1,0,1,0,0,0,0.012167812
17204,7017.687488,1,0,1,0,0,0,0.01220338
17206,7017.720768,1,0,1,0,0,0,0.012216631
17208,7017.754112,1,0,1,0,0,0,0.012239297
17210,7017.787488,1,0,1,0,0,0,0.012208262
17212,7017.820768,1,0,1,0,0,0,0.012204078
17214,7017.854112,1,0,1,0,0,0,0.012198498
17216,7017.887488,1,0,1,0,0,0,0.012172694
17218,7017.920768,1,0,1,0,0,0,0.012230928
17220,7017.954112,1,0,1,0,0,0,0.012225698
17222,7017.987488,1,0,1,0,0,0,0.01220617
17224,7018.020768,1,0,1,0,0,0,0.012273471
17226,7018.05408,1,0,1,0,0,0,0.012251502
17228,7018.087488,1,0,1,0,0,0,0.012249759
17230,7018.120768,1,0,1,0,0,0,0.012212795
17232,7018.15408,1,0,1,0,0,0,0.012266148
17234,7018.187488,1,0,1,0,0,0,0.012245923
17236,7018.220768,1,0,1,0,0,0,0.012301716
17238,7018.25408,1,0,1,0,0,0,0.012221164
17240,7018.287488,1,0,1,0,0,0,0.01220617
17242,7018.320736,1,0,1,0,0,0,0.01216572
17244,7018.35408,1,0,1,0,0,0,0.012198498
17246,7018.387424,1,0,1,0,0,0,0.012201288
17248,7018.420736,1,0,1,0,0,0,0.012185596
17250,7018.45408,1,0,1,0,0,0,0.01221419
17252,7018.487424,1,0,1,0,0,0,0.012152469
17254,7018.520736,1,0,1,0,0,0,0.01218455
17256,7018.55408,1,0,1,0,0,0,0.012207914
17258,7018.587424,1,0,1,0,0,0,0.012155259
17260,7018.620736,1,0,1,0,0,0,0.012188735
17262,7018.65408,1,0,1,0,0,0,0.012168858
17264,7018.687392,1,0,1,0,0,0,0.012120388
17266,7018.720736,1,0,1,0,0,0,0.012153864
17268,7018.75408,1,0,1,0,0,0,0.012126665
17270,7018.787392,1,0,1,0,0,0,0.012139567
17272,7018.820736,1,0,1,0,0,0,0.012150725
17274,7018.85408,1,0,1,0,0,0,0.012159443
17276,7018.887392,1,0,1,0,0,0,0.01214689
17278,7018.920736,1,0,1,0,0,0,0.012143054
17280,7018.954048,1,0,1,0,0,0,0.012153864
17282,7018.987392,1,0,1,0,0,0,0.012113762
17284,7019.020736,1,0,1,0,0,0,0.012125967
17286,7019.054048,1,0,1,0,0,0,0.012223954
17288,7019.087392,1,0,1,0,0,0,0.012155259
17290,7019.120736,1,0,1,0,0,0,0.01217374
17292,7019.154048,1,0,1,0,0,0,0.012135382
17294,7019.187392,1,0,1,0,0,0,0.012174089
17296,7019.220704,1,0,1,0,0,0,0.012169207
17298,7019.254048,1,0,1,0,0,0,0.012173391
17300,7019.287392,1,0,1,0,0,0,0.012186991
17302,7019.320704,1,0,1,0,0,0,0.012169556
17304,7019.354048,1,0,1,0,0,0,0.012191524
17306,7019.387392,1,0,1,0,0,0,0.012170253
17308,7019.420704,1,0,1,0,0,0,0.012181063
17310,7019.454048,1,0,1,0,0,0,0.012217329
17312,7019.48736,1,0,1,0,0,0,0.01222779
17314,7019.520704,1,0,1,0,0,0,0.012252548
17316,7019.554048,1,0,1,0,0,0,0.012315316
17318,7019.58736,1,0,1,0,0,0,0.012222908
17320,7019.620704,1,0,1,0,0,0,0.01211167
17322,7019.654016,1,0,1,0,0,0,0.012160489
17324,7019.68736,1,0,1,0,0,0,0.012099117
17326,7019.720704,1,0,1,0,0,0,0.0121305
17328,7019.754016,1,0,1,0,0,0,0.012196755
17330,7019.78736,1,0,1,0,0,0,0.012206519
17332,7019.820704,1,0,1,0,0,0,0.012185248
17334,7019.854016,1,0,1,0,0,0,0.01219815
17336,7019.88736,1,0,1,0,0,0,0.012176879
17338,7019.920672,1,0,1,0,0,0,0.012172694
17340,7019.954016,1,0,1,0,0,0,0.012185248
17342,7019.98736,1,0,1,0,0,0,0.012174786
17344,7020.020672,1,0,1,0,0,0,0.012178971
17346,7020.054016,1,0,1,0,0,0,0.012147238
17348,7020.08736,1,0,1,0,0,0,0.012105742
17350,7020.120672,1,0,1,0,0,0,0.01211969
17352,7020.154016,1,0,1,0,0,0,0.01210086
17354,7020.18736,1,0,1,0,0,0,0.012139916
17356,7020.220672,1,0,1,0,0,0,0.012158048
17358,7020.254016,1,0,1,0,0,0,0.012149331
17360,7020.287328,1,0,1,0,0,0,0.012196755
17362,7020.320672,1,0,1,0,0,0,0.012189432
17364,7020.354016,1,0,1,0,0,0,0.012194314
17366,7020.387328,1,0,1,0,0,0,0.012241738
17368,7020.420672,1,0,1,0,0,0,0.012230231
17370,7020.454016,1,0,1,0,0,0,0.012215934
17372,7020.487328,1,0,1,0,0,0,0.012232672
17374,7020.520672,1,0,1,0,0,0,0.012239297
17376,7020.553984,1,0,1,0,0,0,0.012198498
17378,7020.587328,1,0,1,0,0,0,0.012211401
17380,7020.620672,1,0,1,0,0,0,0.012253246
17382,7020.653984,1,0,1,0,0,0,0.012200591
17384,7020.687328,1,0,1,0,0,0,0.012251502
17386,7020.720672,1,0,1,0,0,0,0.012262312
17388,7020.753984,1,0,1,0,0,0,0.012232323
17390,7020.787328,1,0,1,0,0,0,0.012251502
17392,7020.82064,1,0,1,0,0,0,0.012241738
17394,7020.853984,1,0,1,0,0,0,0.012223954
17396,7020.887328,1,0,1,0,0,0,0.01223058
17398,7020.92064,1,0,1,0,0,0,0.012219421
17400,7020.953984,1,0,1,0,0,0,0.012209308
17402,7020.987328,1,0,1,0,0,0,0.012183853
17404,7021.02064,1,0,1,0,0,0,0.012230928
17406,7021.053984,1,0,1,0,0,0,0.012209657
17408,7021.087296,1,0,1,0,0,0,0.012219072
17410,7021.12064,1,0,1,0,0,0,0.012184201
17412,7021.153984,1,0,1,0,0,0,0.012219421
17414,7021.187296,1,0,1,0,0,0,0.012218026
17416,7021.22064,1,0,1,0,0,0,0.012180714
17418,7021.253984,1,0,1,0,0,0,0.012248015
17420,7021.287296,1,0,1,0,0,0,0.012188037
17422,7021.32064,1,0,1,0,0,0,0.012229882
17424,7021.353952,1,0,1,0,0,0,0.012222559
17426,7021.387296,1,0,1,0,0,0,0.012168161
17428,7021.42064,1,0,1,0,0,0,0.012239297
17430,7021.453952,1,0,1,0,0,0,0.012169904
17432,7021.487296,1,0,1,0,0,0,0.01217653
17434,7021.520608,1,0,1,0,0,0,0.012199196
17436,7021.553952,1,0,1,0,0,0,0.012214888
17438,7021.587296,1,0,1,0,0,0,0.012193617
17440,7021.620608,1,0,1,0,0,0,0.01218455
17442,7021.653952,1,0,1,0,0,0,0.012185596
17444,7021.687296,1,0,1,0,0,0,0.012239646
17446,7021.720608,1,0,1,0,0,0,0.012205473
17448,7021.753952,1,0,1,0,0,0,0.012185945
17450,7021.787264,1,0,1,0,0,0,0.012198498
17452,7021.820608,1,0,1,0,0,0,0.012215585
17454,7021.853952,1,0,1,0,0,0,0.012213842
17456,7021.887264,1,0,1,0,0,0,0.012257779
17458,7021.920608,1,0,1,0,0,0,0.012213842
17460,7021.953952,1,0,1,0,0,0,0.012198498
17462,7021.987264,1,0,1,0,0,0,0.012193617
17464,7022.020608,1,0,1,0,0,0,0.012175135
17466,7022.053952,1,0,1,0,0,0,0.012204775
17468,7022.087264,1,0,1,0,0,0,0.012217677
17470,7022.120608,1,0,1,0,0,0,0.012185945
17472,7022.15392,1,0,1,0,0,0,0.012185248
17474,7022.187264,1,0,1,0,0,0,0.012188386
17476,7022.220608,1,0,1,0,0,0,0.012167463
17478,7022.25392,1,0,1,0,0,0,0.012178273
17480,7022.287264,1,0,1,0,0,0,0.012211401
17482,7022.320608,1,0,1,0,0,0,0.012126316
17484,7022.35392,1,0,1,0,0,0,0.012158048
17486,7022.387264,1,0,1,0,0,0,0.012143403
17488,7022.420576,1,0,1,0,0,0,0.01216572
17490,7022.45392,1,0,1,0,0,0,0.012150028
17492,7022.487264,1,0,1,0,0,0,0.012211052
17494,7022.520576,1,0,1,0,0,0,0.012221513
17496,7022.55392,1,0,1,0,0,0,0.012211052
17498,7022.587264,1,0,1,0,0,0,0.012182807
17500,7022.620576,1,0,1,0,0,0,0.012210703
17502,7022.65392,1,0,1,0,0,0,0.012248712
17504,7022.687232,1,0,1,0,0,0,0.012226046
17506,7022.720576,1,0,1,0,0,0,0.012216631
17508,7022.75392,1,0,1,0,0,0,0.012193268
17510,7022.787232,1,0,1,0,0,0,0.012245923
17512,7022.820576,1,0,1,0,0,0,0.012219072
17514,7022.85392,1,0,1,0,0,0,0.012236159
17516,7022.887232,1,0,1,0,0,0,0.012169904
17518,7022.920576,1,0,1,0,0,0,0.012216283
17520,7022.953888,1,0,1,0,0,0,0.012202683
17522,7022.987232,1,0,1,0,0,0,0.012201986
17524,7023.020576,1,0,1,0,0,0,0.012252548
17526,7023.053888,1,0,1,0,0,0,0.012228139
17528,7023.087232,1,0,1,0,0,0,0.012209308
17530,7023.120576,1,0,1,0,0,0,0.012205473
17532,7023.153888,1,0,1,0,0,0,0.012213493
17534,7023.187232,1,0,1,0,0,0,0.012211749
17536,7023.220544,1,0,1,0,0,0,0.012220816
17538,7023.253888,1,0,1,0,0,0,0.012196058
17540,7023.287232,1,0,1,0,0,0,0.01219536
17542,7023.320544,1,0,1,0,0,0,0.01220896
17544,7023.353888,1,0,1,0,0,0,0.012174089
17546,7023.3872,1,0,1,0,0,0,0.012253943
17548,7023.420544,1,0,1,0,0,0,0.012215236
17550,7023.453888,1,0,1,0,0,0,0.01223581
17552,7023.4872,1,0,1,0,0,0,0.012245923
17554,7023.520544,1,0,1,0,0,0,0.012215934
17556,7023.553888,1,0,1,0,0,0,0.012251502
17558,7023.5872,1,0,1,0,0,0,0.012272076
17560,7023.620544,1,0,1,0,0,0,0.012238949
17562,7023.653856,1,0,1,0,0,0,0.012212447
17564,7023.6872,1,0,1,0,0,0,0.012153864
17566,7023.720544,1,0,1,0,0,0,0.012176181
17568,7023.753856,1,0,1,0,0,0,0.012169556
17570,7023.7872,1,0,1,0,0,0,0.012160838
17572,7023.820544,1,0,1,0,0,0,0.012156305
17574,7023.853856,1,0,1,0,0,0,0.012148633
17576,7023.8872,1,0,1,0,0,0,0.012131198
17578,7023.920512,1,0,1,0,0,0,0.012171299
17580,7023.953856,1,0,1,0,0,0,0.012164325
17582,7023.9872,1,0,1,0,0,0,0.012185596
17584,7024.020512,1,0,1,0,0,0,0.012157351
17586,7024.053856,1,0,1,0,0,0,0.012149331
17588,7024.0872,1,0,1,0,0,0,0.012133988
17590,7024.120512,1,0,1,0,0,0,0.0121577
17592,7024.153856,1,0,1,0,0,0,0.01216851
17594,7024.1872,1,0,1,0,0,0,0.012145844
17596,7024.220512,1,0,1,0,0,0,0.012151772
17598,7024.253856,1,0,1,0,0,0,0.012154561
17600,7024.287168,1,0,1,0,0,0,0.012135731
17602,7024.320512,1,0,1,0,0,0,0.012169904
17604,7024.353856,1,0,1,0,0,0,0.012195709
17606,7024.387168,1,0,1,0,0,0,0.012162233
17608,7024.420512,1,0,1,0,0,0,0.012187689
17610,7024.453856,1,0,1,0,0,0,0.012193268
17612,7024.487168,1,0,1,0,0,0,0.012255687
17614,7024.520512,1,0,1,0,0,0,0.012231974
17616,7024.553824,1,0,1,0,0,0,0.012199545
17618,7024.587168,1,0,1,0,0,0,0.012202334
17620,7024.620512,1,0,1,0,0,0,0.012243133
17622,7024.653824,1,0,1,0,0,0,0.012232672
17624,7024.687168,1,0,1,0,0,0,0.012235113
17626,7024.720512,1,0,1,0,0,0,0.012240692
17628,7024.753824,1,0,1,0,0,0,0.01229265
17630,7024.787168,1,0,1,0,0,0,0.012309039
17632,7024.82048,1,0,1,0,0,0,0.012269984
17634,7024.853824,1,0,1,0,0,0,0.012276609
17636,7024.887168,1,0,1,0,0,0,0.012317408
17638,7024.92048,1,0,1,0,0,0,0.012332402
17640,7024.953824,1,0,1,0,0,0,0.01228986
17642,7024.987168,1,0,1,0,0,0,0.012249759
17644,7025.02048,1,0,1,0,0,0,0.012259522
17646,7025.053824,1,0,1,0,0,0,0.012278701
17648,7025.087136,1,0,1,0,0,0,0.01230346
17650,7025.12048,1,0,1,0,0,0,0.012273122
17652,7025.153824,1,0,1,0,0,0,0.012261615
17654,7025.187136,1,0,1,0,0,0,0.012261266
17656,7025.22048,1,0,1,0,0,0,0.012239646
17658,7025.253792,1,0,1,0,0,0,0.01227103
17660,7025.287136,1,0,1,0,0,0,0.012242784
17662,7025.32048,1,0,1,0,0,0,0.012245923
17664,7025.353792,1,0,1,0,0,0,0.012243133
17666,7025.387136,1,0,1,0,0,0,0.012288814
17668,7025.42048,1,0,1,0,0,0,0.012266148
17670,7025.453792,1,0,1,0,0,0,0.012302065
17672,7025.487136,1,0,1,0,0,0,0.012323685
17674,7025.520448,1,0,1,0,0,0,0.012247318
17676,7025.553792,1,0,1,0,0,0,0.01228184
17678,7025.587136,1,0,1,0,0,0,0.012306947
17680,7025.620448,1,0,1,0,0,0,0.012253943
17682,7025.653792,1,0,1,0,0,0,0.01227626
17684,7025.687136,1,0,1,0,0,0,0.012266148
17686,7025.720448,1,0,1,0,0,0,0.012289511
17688,7025.753792,1,0,1,0,0,0,0.01225743
17690,7025.787104,1,0,1,0,0,0,0.012284281
17692,7025.820448,1,0,1,0,0,0,0.012310085
17694,7025.853792,1,0,1,0,0,0,0.012262661
17696,7025.887104,1,0,1,0,0,0,0.012313223
17698,7025.920448,1,0,1,0,0,0,0.012313223
17700,7025.953792,1,0,1,0,0,0,0.012292301
17702,7025.987104,1,0,1,0,0,0,0.012273819
17704,7026.020448,1,0,1,0,0,0,0.012207914
17706,7026.05376,1,0,1,0,0,0,0.0122386
17708,7026.087104,1,0,1,0,0,0,0.012227093
17710,7026.120448,1,0,1,0,0,0,0.012228836
17712,7026.15376,1,0,1,0,0,0,0.012214888
17714,7026.187104,1,0,1,0,0,0,0.012241738
17716,7026.220448,1,0,1,0,0,0,0.012247318
17718,7026.25376,1,0,1,0,0,0,0.012236856
17720,7026.287104,1,0,1,0,0,0,0.012295091
17722,7026.320448,1,0,1,0,0,0,0.01227103
17724,7026.35376,1,0,1,0,0,0,0.012260917
17726,7026.387104,1,0,1,0,0,0,0.012248364
17728,7026.420416,1,0,1,0,0,0,0.012174786
17730,7026.45376,1,0,1,0,0,0,0.012272076
17732,7026.487104,1,0,1,0,0,0,0.012241041
17734,7026.520416,1,0,1,0,0,0,0.012213144
17736,7026.55376,1,0,1,0,0,0,0.012204426
17738,7026.587104,1,0,1,0,0,0,0.012206519
17740,7026.620416,1,0,1,0,0,0,0.012184201
17742,7026.65376,1,0,1,0,0,0,0.012171648
17744,7026.687072,1,0,1,0,0,0,0.01220896
17746,7026.720416,1,0,1,0,0,0,0.012212447
17748,7026.75376,1,0,1,0,0,0,0.012200242
17750,7026.787072,1,0,1,0,0,0,0.012161884
17752,7026.820416,1,0,1,0,0,0,0.012187689
17754,7026.85376,1,0,1,0,0,0,0.012124921
17756,7026.887072,1,0,1,0,0,0,0.012183853
17758,7026.920416,1,0,1,0,0,0,0.012215585
17760,7026.953728,1,0,1,0,0,0,0.012202683
17762,7026.987072,1,0,1,0,0,0,0.012196058
17764,7027.020416,1,0,1,0,0,0,0.012233718
17766,7027.053728,1,0,1,0,0,0,0.012211749
17768,7027.087072,1,0,1,0,0,0,0.012174786
17770,7027.120416,1,0,1,0,0,0,0.012182807
17772,7027.153728,1,0,1,0,0,0,0.012150377
17774,7027.187072,1,0,1,0,0,0,0.012190129
17776,7027.220384,1,0,1,0,0,0,0.012202334
17778,7027.253728,1,0,1,0,0,0,0.012193268
17780,7027.287072,1,0,1,0,0,0,0.012178971
17782,7027.320384,1,0,1,0,0,0,0.012153166
17784,7027.353728,1,0,1,0,0,0,0.012181412
17786,7027.38704,1,0,1,0,0,0,0.012172345
17788,7027.420384,1,0,1,0,0,0,0.012169207
17790,7027.453728,1,0,1,0,0,0,0.012155607
17792,7027.48704,1,0,1,0,0,0,0.012196058
17794,7027.520384,1,0,1,0,0,0,0.012169904
17796,7027.553728,1,0,1,0,0,0,0.012154213
17798,7027.58704,1,0,1,0,0,0,0.012195011
17800,7027.620384,1,0,1,0,0,0,0.012172345
17802,7027.653696,1,0,1,0,0,0,0.012186991
17804,7027.68704,1,0,1,0,0,0,0.012231974
17806,7027.720384,1,0,1,0,0,0,0.012187689
17808,7027.753696,1,0,1,0,0,0,0.012190827
17810,7027.78704,1,0,1,0,0,0,0.012190827
17812,7027.820384,1,0,1,0,0,0,0.012189083
17814,7027.853696,1,0,1,0,0,0,0.012171299
17816,7027.88704,1,0,1,0,0,0,0.012212795
17818,7027.920384,1,0,1,0,0,0,0.012151772
17820,7027.953696,1,0,1,0,0,0,0.012153515
17822,7027.98704,1,0,1,0,0,0,0.012151074
17824,7028.020352,1,0,1,0,0,0,0.012108532
17826,7028.053696,1,0,1,0,0,0,0.012149331
17828,7028.08704,1,0,1,0,0,0,0.012159443
17830,7028.120352,1,0,1,0,0,0,0.012115506
17832,7028.153696,1,0,1,0,0,0,0.01218176
17834,7028.18704,1,0,1,0,0,0,0.012161535
17836,7028.220352,1,0,1,0,0,0,0.012140264
17838,7028.253696,1,0,1,0,0,0,0.01218176
17840,7028.287008,1,0,1,0,0,0,0.0121577
17842,7028.320352,1,0,1,0,0,0,0.01213608
17844,7028.353696,1,0,1,0,0,0,0.012178971
17846,7028.387008,1,0,1,0,0,0,0.012160489
17848,7028.420352,1,0,1,0,0,0,0.012131895
17850,7028.453696,1,0,1,0,0,0,0.012135731
17852,7028.487008,1,0,1,0,0,0,0.012161884
17854,7028.520352,1,0,1,0,0,0,0.012141659
17856,7028.553664,1,0,1,0,0,0,0.01212248
17858,7028.587008,1,0,1,0,0,0,0.012181412
17860,7028.620352,1,0,1,0,0,0,0.012107137
17862,7028.653664,1,0,1,0,0,0,0.012158397
17864,7028.687008,1,0,1,0,0,0,0.012144449
17866,7028.720352,1,0,1,0,0,0,0.012198498
17868,7028.753664,1,0,1,0,0,0,0.012174438
17870,7028.787008,1,0,1,0,0,0,0.012140613
17872,7028.82032,1,0,1,0,0,0,0.012148285
17874,7028.853664,1,0,1,0,0,0,0.012140264
17876,7028.887008,1,0,1,0,0,0,0.012108881
17878,7028.92032,1,0,1,0,0,0,0.012128408
17880,7028.953664,1,0,1,0,0,0,0.012168858
17882,7028.986976,1,0,1,0,0,0,0.012108183
17884,7029.02032,1,0,1,0,0,0,0.012161884
17886,7029.053664,1,0,1,0,0,0,0.012131895
17888,7029.086976,1,0,1,0,0,0,0.012134336
17890,7029.12032,1,0,1,0,0,0,0.012148285
17892,7029.153632,1,0,1,0,0,0,0.012132593
17894,7029.186976,1,0,1,0,0,0,0.012104696
17896,7029.22032,1,0,1,0,0,0,0.012153166
17898,7029.253632,1,0,1,0,0,0,0.01217932
17900,7029.286976,1,0,1,0,0,0,0.012086912
17902,7029.32032,1,0,1,0,0,0,0.012115157
17904,7029.353632,1,0,1,0,0,0,0.012152818
17906,7029.386976,1,0,1,0,0,0,0.012163279
17908,7029.42032,1,0,1,0,0,0,0.012153166
17910,7029.453632,1,0,1,0,0,0,0.012170951
17912,7029.486976,1,0,1,0,0,0,0.012194314
17914,7029.520288,1,0,1,0,0,0,0.01216851
17916,7029.553632,1,0,1,0,0,0,0.012171299
17918,7029.586976,1,0,1,0,0,0,0.012132244
17920,7029.620288,1,0,1,0,0,0,0.012177576
17922,7029.653632,1,0,1,0,0,0,0.012161535
17924,7029.686976,1,0,1,0,0,0,0.012148633
17926,7029.720288,1,0,1,0,0,0,0.012217677
17928,7029.753632,1,0,1,0,0,0,0.012188735
17930,7029.786976,1,0,1,0,0,0,0.012215236
17932,7029.820288,1,0,1,0,0,0,0.012218724
17934,7029.853632,1,0,1,0,0,0,0.012191176
17936,7029.886944,1,0,1,0,0,0,0.012200939
17938,7029.920288,1,0,1,0,0,0,0.012164674
17940,7029.953632,1,0,1,0,0,0,0.012167812
17942,7029.986944,1,0,1,0,0,0,0.012137823
17944,7030.020288,1,0,1,0,0,0,0.012116552
17946,7030.0536,1,0,1,0,0,0,0.012153515
17948,7030.086944,1,0,1,0,0,0,0.012100512
17950,7030.120288,1,0,1,0,0,0,0.012123526
17952,7030.1536,1,0,1,0,0,0,0.012165371
17954,7030.186944,1,0,1,0,0,0,0.012128059
17956,7030.220288,1,0,1,0,0,0,0.012120737
17958,7030.2536,1,0,1,0,0,0,0.012141659
17960,7030.286944,1,0,1,0,0,0,0.01220338
17962,7030.320288,1,0,1,0,0,0,0.012147238
17964,7030.3536,1,0,1,0,0,0,0.012146541
17966,7030.386944,1,0,1,0,0,0,0.012158397
17968,7030.420256,1,0,1,0,0,0,0.012158746
17970,7030.4536,1,0,1,0,0,0,0.012189781
17972,7030.486944,1,0,1,0,0,0,0.012167463
17974,7030.520256,1,0,1,0,0,0,0.012147238
17976,7030.5536,1,0,1,0,0,0,0.01216293
17978,7030.586944,1,0,1,0,0,0,0.012201986
17980,7030.620256,1,0,1,0,0,0,0.01217374
17982,7030.6536,1,0,1,0,0,0,0.0121577
17984,7030.686944,1,0,1,0,0,0,0.012128059
17986,7030.720256,1,0,1,0,0,0,0.012118993
17988,7030.7536,1,0,1,0,0,0,0.012142356
17990,7030.786944,1,0,1,0,0,0,0.012128059
17992,7030.820256,1,0,1,0,0,0,0.012082727
17994,7030.853568,1,0,1,0,0,0,0.012089004
17996,7030.886912,1,0,1,0,0,0,0.012091096
17998,7030.920256,1,0,1,0,0,0,0.012102604
18000,7030.953568,1,0,1,0,0,0,0.012092143
18002,7030.986912,1,0,1,0,0,0,0.01211969
18004,7031.020256,1,0,1,0,0,0,0.012121434
18006,7031.053568,1,0,1,0,0,0,0.012177576
18008,7031.086912,1,0,1,0,0,0,0.012137823
18010,7031.120224,1,0,1,0,0,0,0.012137475
18012,7031.153568,1,0,1,0,0,0,0.012139218
18014,7031.186912,1,0,1,0,0,0,0.012160141
18016,7031.220224,1,0,1,0,0,0,0.012148285
18018,7031.253568,1,0,1,0,0,0,0.012164325
18020,7031.286912,1,0,1,0,0,0,0.01221698
18022,7031.320224,1,0,1,0,0,0,0.012155956
18024,7031.353568,1,0,1,0,0,0,0.01217932
18026,7031.38688,1,0,1,0,0,0,0.012162233
18028,7031.420224,1,0,1,0,0,0,0.012126316
18030,7031.453568,1,0,1,0,0,0,0.012125967
18032,7031.48688,1,0,1,0,0,0,0.012166766
18034,7031.520224,1,0,1,0,0,0,0.012140613
18036,7031.553568,1,0,1,0,0,0,0.012127362
18038,7031.58688,1,0,1,0,0,0,0.012190129
18040,7031.620224,1,0,1,0,0,0,0.012099814
18042,7031.653568,1,0,1,0,0,0,0.012099814
18044,7031.68688,1,0,1,0,0,0,0.012115157
18046,7031.720224,1,0,1,0,0,0,0.012127711
18048,7031.753536,1,0,1,0,0,0,0.012120737
18050,7031.78688,1,0,1,0,0,0,0.012114111
18052,7031.820224,1,0,1,0,0,0,0.012118993
18054,7031.853536,1,0,1,0,0,0,0.012116552
18056,7031.88688,1,0,1,0,0,0,0.012134336
18058,7031.920224,1,0,1,0,0,0,0.012151423
18060,7031.953536,1,0,1,0,0,0,0.012159792
18062,7031.98688,1,0,1,0,0,0,0.012124572
18064,7032.020192,1,0,1,0,0,0,0.012117598
18066,7032.053536,1,0,1,0,0,0,0.012162233
18068,7032.08688,1,0,1,0,0,0,0.012135382
18070,7032.120192,1,0,1,0,0,0,0.012148982
18072,7032.153536,1,0,1,0,0,0,0.012150725
18074,7032.18688,1,0,1,0,0,0,0.012128757
18076,7032.220192,1,0,1,0,0,0,0.012156654
18078,7032.253536,1,0,1,0,0,0,0.012173043
18080,7032.286848,1,0,1,0,0,0,0.01221698
18082,7032.320192,1,0,1,0,0,0,0.01217653
18084,7032.353536,1,0,1,0,0,0,0.012226395
18086,7032.386848,1,0,1,0,0,0,0.012236856
18088,7032.420192,1,0,1,0,0,0,0.012178622
18090,7032.453536,1,0,1,0,0,0,0.012196058
18092,7032.486848,1,0,1,0,0,0,0.012183155
18094,7032.520192,1,0,1,0,0,0,0.012143751
18096,7032.553504,1,0,1,0,0,0,0.012186294
18098,7032.586848,1,0,1,0,0,0,0.012174438
18100,7032.620192,1,0,1,0,0,0,0.012216631
18102,7032.653504,1,0,1,0,0,0,0.012213842
18104,7032.686848,1,0,1,0,0,0,0.012229185
18106,7032.720192,1,0,1,0,0,0,0.012228487
18108,7032.753504,1,0,1,0,0,0,0.012171299
18110,7032.786848,1,0,1,0,0,0,0.012180714
18112,7032.82016,1,0,1,0,0,0,0.012175832
18114,7032.853504,1,0,1,0,0,0,0.012215934
18116,7032.886848,1,0,1,0,0,0,0.012227441
18118,7032.92016,1,0,1,0,0,0,0.012215934
18120,7032.953504,1,0,1,0,0,0,0.012205821
18122,7032.986816,1,0,1,0,0,0,0.012184201
18124,7033.02016,1,0,1,0,0,0,0.012228836
18126,7033.053504,1,0,1,0,0,0,0.012167463
18128,7033.086848,1,0,1,0,0,0,0.012216283
18130,7033.12016,1,0,1,0,0,0,0.012155259
18132,7033.153472,1,0,1,0,0,0,0.012213842
18134,7033.186816,1,0,1,0,0,0,0.012178971
18136,7033.22016,1,0,1,0,0,0,0.012171648
18138,7033.253472,1,0,1,0,0,0,0.012199893
18140,7033.286816,1,0,1,0,0,0,0.012183504
18142,7033.32016,1,0,1,0,0,0,0.012187689
18144,7033.353472,1,0,1,0,0,0,0.01224941
18146,7033.386816,1,0,1,0,0,0,0.01221977
18148,7033.42016,1,0,1,0,0,0,0.01221977
18150,7033.453472,1,0,1,0,0,0,0.012226046
18152,7033.486816,1,0,1,0,0,0,0.012235461
18154,7033.52016,1,0,1,0,0,0,0.012250456
18156,7033.553472,1,0,1,0,0,0,0.012216631
18158,7033.586816,1,0,1,0,0,0,0.012223605
18160,7033.620128,1,0,1,0,0,0,0.012204775
18162,7033.653472,1,0,1,0,0,0,0.012206519
18164,7033.686816,1,0,1,0,0,0,0.012188037
18166,7033.720128,1,0,1,0,0,0,0.012159443
18168,7033.753472,1,0,1,0,0,0,0.01214689
18170,7033.786816,1,0,1,0,0,0,0.012188386
18172,7033.820128,1,0,1,0,0,0,0.01216293
18174,7033.853472,1,0,1,0,0,0,0.012161187
18176,7033.886784,1,0,1,0,0,0,0.012135731
18178,7033.920128,1,0,1,0,0,0,0.012098071
18180,7033.953472,1,0,1,0,0,0,0.01207401
18182,7033.986784,1,0,1,0,0,0,0.012074707
18184,7034.020128,1,0,1,0,0,0,0.012032862
18186,7034.053472,1,0,1,0,0,0,0.012055528
18188,7034.086784,1,0,1,0,0,0,0.012018914
18190,7034.120128,1,0,1,0,0,0,0.012083425
18192,7034.153472,1,0,1,0,0,0,0.012024493
18194,7034.186784,1,0,1,0,0,0,0.012072266
18196,7034.220128,1,0,1,0,0,0,0.01208482
18198,7034.253472,1,0,1,0,0,0,0.012073661
18200,7034.286784,1,0,1,0,0,0,0.012066338
18202,7034.320128,1,0,1,0,0,0,0.012078892
18204,7034.353472,1,0,1,0,0,0,0.012116901
18206,7034.386784,1,0,1,0,0,0,0.012092491
18208,7034.420096,1,0,1,0,0,0,0.012074707
18210,7034.453472,1,0,1,0,0,0,0.012093189
18212,7034.486784,1,0,1,0,0,0,0.012065989
18214,7034.520096,1,0,1,0,0,0,0.012139218
18216,7034.553472,1,0,1,0,0,0,0.012107137
18218,7034.586784,1,0,1,0,0,0,0.012123526
18220,7034.620096,1,0,1,0,0,0,0.012101906
18222,7034.653472,1,0,1,0,0,0,0.012101558
18224,7034.686752,1,0,1,0,0,0,0.012073661
18226,7034.720096,1,0,1,0,0,0,0.012100512
18228,7034.753472,1,0,1,0,0,0,0.012113065
18230,7034.786752,1,0,1,0,0,0,0.012109578
18232,7034.820096,1,0,1,0,0,0,0.012082379
18234,7034.853472,1,0,1,0,0,0,0.01210644
18236,7034.886752,1,0,1,0,0,0,0.012070174
18238,7034.920096,1,0,1,0,0,0,0.012111321
18240,7034.953472,1,0,1,0,0,0,0.012115855
18242,7034.986752,1,0,1,0,0,0,0.012140613
18244,7035.020096,1,0,1,0,0,0,0.012122131
18246,7035.053408,1,0,1,0,0,0,0.012147238
18248,7035.086752,1,0,1,0,0,0,0.012103301
18250,7035.120064,1,0,1,0,0,0,0.012110973
18252,7035.153408,1,0,1,0,0,0,0.012148982
18254,7035.186752,1,0,1,0,0,0,0.0121305
18256,7035.220064,1,0,1,0,0,0,0.01214131
18258,7035.253408,1,0,1,0,0,0,0.012129454
18260,7035.286752,1,0,1,0,0,0,0.012120737
18262,7035.320064,1,0,1,0,0,0,0.012128408
18264,7035.353408,1,0,1,0,0,0,0.012113065
18266,7035.38672,1,0,1,0,0,0,0.012132941
18268,7035.420064,1,0,1,0,0,0,0.012123875
18270,7035.453408,1,0,1,0,0,0,0.012125619
18272,7035.48672,1,0,1,0,0,0,0.012184899
18274,7035.520064,1,0,1,0,0,0,0.012159792
18276,7035.553408,1,0,1,0,0,0,0.012183504
18278,7035.58672,1,0,1,0,0,0,0.012149679
18280,7035.620064,1,0,1,0,0,0,0.012159094
18282,7035.653408,1,0,1,0,0,0,0.012116552
18284,7035.68672,1,0,1,0,0,0,0.012133639
18286,7035.720064,1,0,1,0,0,0,0.012153166
18288,7035.753376,1,0,1,0,0,0,0.012159443
18290,7035.78672,1,0,1,0,0,0,0.012096676
18292,7035.820064,1,0,1,0,0,0,0.012129803
18294,7035.853376,1,0,1,0,0,0,0.012193965
18296,7035.88672,1,0,1,0,0,0,0.012182458
18298,7035.920064,1,0,1,0,0,0,0.012151772
18300,7035.953376,1,0,1,0,0,0,0.01215491
18302,7035.98672,1,0,1,0,0,0,0.012108183
18304,7036.020032,1,0,1,0,0,0,0.012072266
18306,7036.053376,1,0,1,0,0,0,0.012120737
18308,7036.08672,1,0,1,0,0,0,0.01212248
18310,7036.120032,1,0,1,0,0,0,0.012122131
18312,7036.153376,1,0,1,0,0,0,0.012059015
18314,7036.18672,1,0,1,0,0,0,0.012126316
18316,7036.220032,1,0,1,0,0,0,0.012097373
18318,7036.253376,1,0,1,0,0,0,0.012064943
18320,7036.286688,1,0,1,0,0,0,0.01205762
18322,7036.320032,1,0,1,0,0,0,0.012085517
18324,7036.353376,1,0,1,0,0,0,0.012072964
18326,7036.386688,1,0,1,0,0,0,0.012075056
18328,7036.420032,1,0,1,0,0,0,0.012087261
18330,7036.453376,1,0,1,0,0,0,0.012087261
18332,7036.486688,1,0,1,0,0,0,0.01205762
18334,7036.520032,1,0,1,0,0,0,0.012094584
18336,7036.553344,1,0,1,0,0,0,0.012086563
18338,7036.586688,1,0,1,0,0,0,0.012092491
18340,7036.620032,1,0,1,0,0,0,0.012063549
18342,7036.653344,1,0,1,0,0,0,0.012104347
18344,7036.686688,1,0,1,0,0,0,0.012118296
18346,7036.720032,1,0,1,0,0,0,0.012107137
18348,7036.753344,1,0,1,0,0,0,0.012102953
18350,7036.786688,1,0,1,0,0,0,0.012112368
18352,7036.82,1,0,1,0,0,0,0.012107137
18354,7036.853344,1,0,1,0,0,0,0.012091794
18356,7036.886688,1,0,1,0,0,0,0.012093537
18358,7036.92,1,0,1,0,0,0,0.012111321
18360,7036.953344,1,0,1,0,0,0,0.012113065
18362,7036.986656,1,0,1,0,0,0,0.012211052
18364,7037.02,1,0,1,0,0,0,0.01216851
18366,7037.053344,1,0,1,0,0,0,0.012156305
18368,7037.086656,1,0,1,0,0,0,0.012132244
18370,7037.12,1,0,1,0,0,0,0.012121434
18372,7037.153344,1,0,1,0,0,0,0.012128059
18374,7037.186656,1,0,1,0,0,0,0.012128059
18376,7037.22,1,0,1,0,0,0,0.012143054
18378,7037.253312,1,0,1,0,0,0,0.012138521
18380,7037.286656,1,0,1,0,0,0,0.012102255
18382,7037.32,1,0,1,0,0,0,0.012127013
18384,7037.353312,1,0,1,0,0,0,0.012151423
18386,7037.386656,1,0,1,0,0,0,0.012115855
18388,7037.42,1,0,1,0,0,0,0.012093189
18390,7037.453312,1,0,1,0,0,0,0.012092491
18392,7037.486656,1,0,1,0,0,0,0.012131895
18394,7037.519968,1,0,1,0,0,0,0.012110624
18396,7037.553312,1,0,1,0,0,0,0.012096676
18398,7037.586656,1,0,1,0,0,0,0.012174786
18400,7037.619968,1,0,1,0,0,0,0.012128408
18402,7037.653312,1,0,1,0,0,0,0.012126316
18404,7037.686656,1,0,1,0,0,0,0.012088307
18406,7037.719968,1,0,1,0,0,0,0.012116203
18408,7037.753312,1,0,1,0,0,0,0.012202334
18410,7037.786624,1,0,1,0,0,0,0.012130152
18412,7037.819968,1,0,1,0,0,0,0.012152818
18414,7037.853312,1,0,1,0,0,0,0.012148285
18416,7037.886624,1,0,1,0,0,0,0.012134685
18418,7037.919968,1,0,1,0,0,0,0.012112716
18420,7037.953312,1,0,1,0,0,0,0.012093537
18422,7037.986624,1,0,1,0,0,0,0.012125967
18424,7038.019968,1,0,1,0,0,0,0.012127711
18426,7038.053312,1,0,1,0,0,0,0.012151423
18428,7038.086624,1,0,1,0,0,0,0.012136777
18430,7038.119968,1,0,1,0,0,0,0.012124921
18432,7038.15328,1,0,1,0,0,0,0.012143751
18434,7038.186624,1,0,1,0,0,0,0.012143751
18436,7038.219968,1,0,1,0,0,0,0.012149679
18438,7038.25328,1,0,1,0,0,0,0.012150725
18440,7038.286624,1,0,1,0,0,0,0.012136777
18442,7038.319968,1,0,1,0,0,0,0.012159094
18444,7038.35328,1,0,1,0,0,0,0.012142356
18446,7038.386624,1,0,1,0,0,0,0.012156654
18448,7038.419936,1,0,1,0,0,0,0.012130152
18450,7038.45328,1,0,1,0,0,0,0.012140613
18452,7038.486624,1,0,1,0,0,0,0.012185945
18454,7038.519936,1,0,1,0,0,0,0.012170602
18456,7038.55328,1,0,1,0,0,0,0.01220617
18458,7038.586624,1,0,1,0,0,0,0.012175135
18460,7038.619936,1,0,1,0,0,0,0.012182109
18462,7038.65328,1,0,1,0,0,0,0.012203729
18464,7038.686592,1,0,1,0,0,0,0.012143751
18466,7038.719936,1,0,1,0,0,0,0.01223058
18468,7038.75328,1,0,1,0,0,0,0.012181063
18470,7038.786592,1,0,1,0,0,0,0.012212098
18472,7038.819936,1,0,1,0,0,0,0.012177925
18474,7038.85328,1,0,1,0,0,0,0.012202334
18476,7038.886592,1,0,1,0,0,0,0.012198498
18478,7038.919936,1,0,1,0,0,0,0.012184899
18480,7038.953248,1,0,1,0,0,0,0.012168161
18482,7038.986592,1,0,1,0,0,0,0.012202334
18484,7039.019936,1,0,1,0,0,0,0.01215491
18486,7039.053248,1,0,1,0,0,0,0.012166417
18488,7039.086592,1,0,1,0,0,0,0.012130152
18490,7039.119936,1,0,1,0,0,0,0.012192919
18492,7039.153248,1,0,1,0,0,0,0.012188735
18494,7039.186592,1,0,1,0,0,0,0.012200591
18496,7039.219904,1,0,1,0,0,0,0.012174438
18498,7039.253248,1,0,1,0,0,0,0.012166766
18500,7039.286592,1,0,1,0,0,0,0.012146192
18502,7039.319904,1,0,1,0,0,0,0.012184899
18504,7039.353248,1,0,1,0,0,0,0.012126665
18506,7039.38656,1,0,1,0,0,0,0.01218734
18508,7039.419904,1,0,1,0,0,0,0.012176181
18510,7039.453248,1,0,1,0,0,0,0.012178273
18512,7039.48656,1,0,1,0,0,0,0.012175484
18514,7039.519904,1,0,1,0,0,0,0.012180366
18516,7039.553248,1,0,1,0,0,0,0.012160838
18518,7039.58656,1,0,1,0,0,0,0.012188735
18520,7039.619904,1,0,1,0,0,0,0.012178971
18522,7039.653216,1,0,1,0,0,0,0.012140264
18524,7039.68656,1,0,1,0,0,0,0.012182807
18526,7039.719904,1,0,1,0,0,0,0.012185596
18528,7039.753216,1,0,1,0,0,0,0.0121577
18530,7039.78656,1,0,1,0,0,0,0.01220338
18532,7039.819904,1,0,1,0,0,0,0.01215491
18534,7039.853216,1,0,1,0,0,0,0.012197104
18536,7039.88656,1,0,1,0,0,0,0.012229882
18538,7039.919904,1,0,1,0,0,0,0.012150028
18540,7039.953216,1,0,1,0,0,0,0.012147587
18542,7039.98656,1,0,1,0,0,0,0.012175484
18544,7040.019872,1,0,1,0,0,0,0.012181063
18546,7040.053216,1,0,1,0,0,0,0.012182807
18548,7040.08656,1,0,1,0,0,0,0.012210006
18550,7040.119872,1,0,1,0,0,0,0.012183853
18552,7040.153216,1,0,1,0,0,0,0.012163628
18554,7040.18656,1,0,1,0,0,0,0.012163279
18556,7040.219872,1,0,1,0,0,0,0.012218375
18558,7040.253216,1,0,1,0,0,0,0.012215934
18560,7040.286528,1,0,1,0,0,0,0.012192222
18562,7040.319872,1,0,1,0,0,0,0.012153515
18564,7040.353216,1,0,1,0,0,0,0.012158397
18566,7040.386528,1,0,1,0,0,0,0.012130152
18568,7040.419872,1,0,1,0,0,0,0.012083774
18570,7040.453216,1,0,1,0,0,0,0.012108881
18572,7040.486528,1,0,1,0,0,0,0.012067036
18574,7040.519872,1,0,1,0,0,0,0.012132244
18576,7040.553184,1,0,1,0,0,0,0.012101209
18578,7040.586528,1,0,1,0,0,0,0.012118644
18580,7040.619872,1,0,1,0,0,0,0.012128757
18582,7040.653184,1,0,1,0,0,0,0.012103301
18584,7040.686528,1,0,1,0,0,0,0.012097722
18586,7040.719872,1,0,1,0,0,0,0.012040185
18588,7040.753184,1,0,1,0,0,0,0.01211167
18590,7040.786528,1,0,1,0,0,0,0.012112716
18592,7040.81984,1,0,1,0,0,0,0.012102953
18594,7040.853184,1,0,1,0,0,0,0.01205518
18596,7040.886528,1,0,1,0,0,0,0.012139218
18598,7040.91984,1,0,1,0,0,0,0.012134336
18600,7040.953184,1,0,1,0,0,0,0.012134685
18602,7040.986528,1,0,1,0,0,0,0.012111321
18604,7041.01984,1,0,1,0,0,0,0.012124224
18606,7041.053184,1,0,1,0,0,0,0.012131895
18608,7041.086496,1,0,1,0,0,0,0.012163976
18610,7041.11984,1,0,1,0,0,0,0.012153166
18612,7041.153184,1,0,1,0,0,0,0.012118296
18614,7041.186496,1,0,1,0,0,0,0.012144797
18616,7041.21984,1,0,1,0,0,0,0.012129454
18618,7041.253184,1,0,1,0,0,0,0.012157002
18620,7041.286496,1,0,1,0,0,0,0.012199545
18622,7041.31984,1,0,1,0,0,0,0.012129454
18624,7041.353152,1,0,1,0,0,0,0.012148285
18626,7041.386496,1,0,1,0,0,0,0.012181412
18628,7041.41984,1,0,1,0,0,0,0.012172345
18630,7041.453152,1,0,1,0,0,0,0.012107834
18632,7041.486496,1,0,1,0,0,0,0.012124224
18634,7041.519808,1,0,1,0,0,0,0.012094932
18636,7041.553152,1,0,1,0,0,0,0.012154561
18638,7041.586496,1,0,1,0,0,0,0.01209284
18640,7041.619808,1,0,1,0,0,0,0.012152818
18642,7041.653152,1,0,1,0,0,0,0.012155607
18644,7041.686496,1,0,1,0,0,0,0.012132244
18646,7041.719808,1,0,1,0,0,0,0.012083425
18648,7041.753152,1,0,1,0,0,0,0.012124224
18650,7041.786464,1,0,1,0,0,0,0.012097024
18652,7041.819808,1,0,1,0,0,0,0.012152469
18654,7041.853152,1,0,1,0,0,0,0.012140264
18656,7041.886464,1,0,1,0,0,0,0.0121441
18658,7041.919808,1,0,1,0,0,0,0.012148285
18660,7041.953152,1,0,1,0,0,0,0.012138172
18662,7041.986464,1,0,1,0,0,0,0.012059713
18664,7042.019808,1,0,1,0,0,0,0.012108881
18666,7042.053152,1,0,1,0,0,0,0.012134685
18668,7042.086464,1,0,1,0,0,0,0.012132593
18670,7042.119808,1,0,1,0,0,0,0.012133639
18672,7042.15312,1,0,1,0,0,0,0.012124572
18674,7042.186464,1,0,1,0,0,0,0.012165371
18676,7042.219808,1,0,1,0,0,0,0.012125967
18678,7042.25312,1,0,1,0,0,0,0.012164674
18680,7042.286464,1,0,1,0,0,0,0.012149331
18682,7042.319808,1,0,1,0,0,0,0.012199196
18684,7042.35312,1,0,1,0,0,0,0.012119342
18686,7042.386464,1,0,1,0,0,0,0.01214131
18688,7042.419776,1,0,1,0,0,0,0.01217932
18690,7042.45312,1,0,1,0,0,0,0.012128059
18692,7042.486464,1,0,1,0,0,0,0.012111321
18694,7042.519776,1,0,1,0,0,0,0.012114809
18696,7042.55312,1,0,1,0,0,0,0.012086563
18698,7042.586464,1,0,1,0,0,0,0.01211725
18700,7042.619776,1,0,1,0,0,0,0.012121085
18702,7042.65312,1,0,1,0,0,0,0.012139916
18704,7042.686432,1,0,1,0,0,0,0.012138172
18706,7042.719776,1,0,1,0,0,0,0.012116203
18708,7042.75312,1,0,1,0,0,0,0.01212248
18710,7042.786432,1,0,1,0,0,0,0.012118993
18712,7042.819776,1,0,1,0,0,0,0.012074707
18714,7042.85312,1,0,1,0,0,0,0.012175832
18716,7042.886432,1,0,1,0,0,0,0.01211969
18718,7042.919776,1,0,1,0,0,0,0.012147238
18720,7042.953088,1,0,1,0,0,0,0.012108532
18722,7042.986432,1,0,1,0,0,0,0.012127013
18724,7043.019776,1,0,1,0,0,0,0.012098419
18726,7043.053088,1,0,1,0,0,0,0.012113762
18728,7043.086432,1,0,1,0,0,0,0.012125967
18730,7043.119776,1,0,1,0,0,0,0.012097373
18732,7043.153088,1,0,1,0,0,0,0.012110624
18734,7043.186432,1,0,1,0,0,0,0.012168858
18736,7043.219744,1,0,1,0,0,0,0.012147587
18738,7043.253088,1,0,1,0,0,0,0.012132593
18740,7043.286432,1,0,1,0,0,0,0.012134685
18742,7043.319744,1,0,1,0,0,0,0.012128757
18744,7043.353088,1,0,1,0,0,0,0.012149331
18746,7043.3864,1,0,1,0,0,0,0.012092491
18748,7043.419744,1,0,1,0,0,0,0.012116901
18750,7043.453088,1,0,1,0,0,0,0.012117947
18752,7043.4864,1,0,1,0,0,0,0.012101906
18754,7043.519744,1,0,1,0,0,0,0.012167115
18756,7043.553088,1,0,1,0,0,0,0.012140264
18758,7043.5864,1,0,1,0,0,0,0.012118296
18760,7043.619744,1,0,1,0,0,0,0.012127013
18762,7043.653056,1,0,1,0,0,0,0.012139916
18764,7043.6864,1,0,1,0,0,0,0.012116552
18766,7043.719744,1,0,1,0,0,0,0.012123526
18768,7043.753056,1,0,1,0,0,0,0.012130849
18770,7043.7864,1,0,1,0,0,0,0.012168161
18772,7043.819744,1,0,1,0,0,0,0.012120039
18774,7043.853056,1,0,1,0,0,0,0.012139567
18776,7043.8864,1,0,1,0,0,0,0.012102604
18778,7043.919712,1,0,1,0,0,0,0.012147587
18780,7043.953056,1,0,1,0,0,0,0.012137126
18782,7043.9864,1,0,1,0,0,0,0.012143054
18784,7044.019712,1,0,1,0,0,0,0.012131547
18786,7044.053056,1,0,1,0,0,0,0.012094932
18788,7044.0864,1,0,1,0,0,0,0.012119342
18790,7044.119712,1,0,1,0,0,0,0.012082727
18792,7044.153056,1,0,1,0,0,0,0.012106091
18794,7044.1864,1,0,1,0,0,0,0.012168858
18796,7044.219712,1,0,1,0,0,0,0.01211725
18798,7044.253056,1,0,1,0,0,0,0.012113414
18800,7044.286368,1,0,1,0,0,0,0.012080635
18802,7044.319712,1,0,1,0,0,0,0.012108183
18804,7044.353056,1,0,1,0,0,0,0.012077497
18806,7044.386368,1,0,1,0,0,0,0.012110275
18808,7044.419712,1,0,1,0,0,0,0.012102255
18810,7044.453056,1,0,1,0,0,0,0.012118644
18812,7044.486368,1,0,1,0,0,0,0.012107486
18814,7044.519712,1,0,1,0,0,0,0.01210086
18816,7044.553024,1,0,1,0,0,0,0.012115506
18818,7044.586368,1,0,1,0,0,0,0.012107137
18820,7044.619712,1,0,1,0,0,0,0.012068082
18822,7044.653024,1,0,1,0,0,0,0.012088655
18824,7044.686368,1,0,1,0,0,0,0.012090748
18826,7044.71968,1,0,1,0,0,0,0.012118296
18828,7044.753024,1,0,1,0,0,0,0.012169207
18830,7044.786368,1,0,1,0,0,0,0.012074358
18832,7044.81968,1,0,1,0,0,0,0.012154561
18834,7044.853024,1,0,1,0,0,0,0.012103301
18836,7044.886368,1,0,1,0,0,0,0.012155259
18838,7044.91968,1,0,1,0,0,0,0.012107834
18840,7044.953024,1,0,1,0,0,0,0.012116552
18842,7044.986368,1,0,1,0,0,0,0.012143751
18844,7045.01968,1,0,1,0,0,0,0.012139567
18846,7045.053024,1,0,1,0,0,0,0.012098419
18848,7045.086336,1,0,1,0,0,0,0.012136777
18850,7045.11968,1,0,1,0,0,0,0.012104696
18852,7045.153024,1,0,1,0,0,0,0.012150028
18854,7045.186336,1,0,1,0,0,0,0.012124921
18856,7045.21968,1,0,1,0,0,0,0.01211725
18858,7045.252992,1,0,1,0,0,0,0.012160141
18860,7045.286336,1,0,1,0,0,0,0.012118296
18862,7045.31968,1,0,1,0,0,0,0.012118296
18864,7045.352992,1,0,1,0,0,0,0.01212248
18866,7045.386336,1,0,1,0,0,0,0.012163976
18868,7045.41968,1,0,1,0,0,0,0.01211446
18870,7045.452992,1,0,1,0,0,0,0.012113414
18872,7045.486336,1,0,1,0,0,0,0.012159792
18874,7045.519648,1,0,1,0,0,0,0.012085168
18876,7045.552992,1,0,1,0,0,0,0.012109927
18878,7045.586336,1,0,1,0,0,0,0.012088655
18880,7045.619648,1,0,1,0,0,0,0.012146541
18882,7045.652992,1,0,1,0,0,0,0.012097722
18884,7045.686336,1,0,1,0,0,0,0.012074358
18886,7045.719648,1,0,1,0,0,0,0.012127013
18888,7045.752992,1,0,1,0,0,0,0.012072615
18890,7045.786304,1,0,1,0,0,0,0.01208203
18892,7045.819648,1,0,1,0,0,0,0.01209563
18894,7045.852992,1,0,1,0,0,0,0.012118993
18896,7045.886304,1,0,1,0,0,0,0.012104696
18898,7045.919648,1,0,1,0,0,0,0.012147936
18900,7045.952992,1,0,1,0,0,0,0.012155259
18902,7045.986304,1,0,1,0,0,0,0.012115506
18904,7046.019648,1,0,1,0,0,0,0.0121305
18906,7046.052992,1,0,1,0,0,0,0.012113414
18908,7046.086304,1,0,1,0,0,0,0.012065641
18910,7046.119648,1,0,1,0,0,0,0.012122131
18912,7046.15296,1,0,1,0,0,0,0.012070174
18914,7046.186304,1,0,1,0,0,0,0.012125619
18916,7046.219648,1,0,1,0,0,0,0.012097024
18918,7046.25296,1,0,1,0,0,0,0.012133639
18920,7046.286304,1,0,1,0,0,0,0.012114111
18922,7046.319648,1,0,1,0,0,0,0.012093886
18924,7046.35296,1,0,1,0,0,0,0.012110973
18926,7046.386304,1,0,1,0,0,0,0.012085517
18928,7046.419616,1,0,1,0,0,0,0.012150377
18930,7046.45296,1,0,1,0,0,0,0.012112368
18932,7046.486304,1,0,1,0,0,0,0.012066338
18934,7046.519616,1,0,1,0,0,0,0.012081681
18936,7046.55296,1,0,1,0,0,0,0.012059713
18938,7046.586304,1,0,1,0,0,0,0.012062154
18940,7046.619616,1,0,1,0,0,0,0.012108881
18942,7046.65296,1,0,1,0,0,0,0.012078194
18944,7046.686272,1,0,1,0,0,0,0.012131895
18946,7046.719616,1,0,1,0,0,0,0.012081681
18948,7046.75296,1,0,1,0,0,0,0.012110275
18950,7046.786272,1,0,1,0,0,0,0.012094584
18952,7046.819616,1,0,1,0,0,0,0.012106091
18954,7046.85296,1,0,1,0,0,0,0.012140264
18956,7046.886272,1,0,1,0,0,0,0.012131198
18958,7046.919616,1,0,1,0,0,0,0.01211969
18960,7046.952928,1,0,1,0,0,0,0.012157002
18962,7046.986272,1,0,1,0,0,0,0.012120737
18964,7047.019584,1,0,1,0,0,0,0.012134685
18966,7047.052928,1,0,1,0,0,0,0.012158048
18968,7047.086272,1,0,1,0,0,0,0.012191176
18970,7047.119616,1,0,1,0,0,0,0.012152469
18972,7047.152928,1,0,1,0,0,0,0.012175135
18974,7047.186272,1,0,1,0,0,0,0.012207565
18976,7047.219584,1,0,1,0,0,0,0.012178622
18978,7047.252928,1,0,1,0,0,0,0.012153166
18980,7047.286272,1,0,1,0,0,0,0.012158048
18982,7047.319584,1,0,1,0,0,0,0.012162233
18984,7047.352928,1,0,1,0,0,0,0.012172345
18986,7047.38624,1,0,1,0,0,0,0.01216851
18988,7047.419584,1,0,1,0,0,0,0.012160838
18990,7047.452928,1,0,1,0,0,0,0.012156654
18992,7047.48624,1,0,1,0,0,0,0.012135731
18994,7047.519584,1,0,1,0,0,0,0.012145844
18996,7047.552928,1,0,1,0,0,0,0.012142705
18998,7047.58624,1,0,1,0,0,0,0.012189432
19000,7047.619584,1,0,1,0,0,0,0.012142356
19002,7047.652896,1,0,1,0,0,0,0.012150377
19004,7047.68624,1,0,1,0,0,0,0.012154561
19006,7047.719584,1,0,1,0,0,0,0.012168161
19008,7047.752896,1,0,1,0,0,0,0.01211969
19010,7047.78624,1,0,1,0,0,0,0.012135382
19012,7047.819552,1,0,1,0,0,0,0.012183853
19014,7047.852896,1,0,1,0,0,0,0.012155956
19016,7047.88624,1,0,1,0,0,0,0.012156305
19018,7047.919552,1,0,1,0,0,0,0.012127711
19020,7047.952896,1,0,1,0,0,0,0.012122829
19022,7047.98624,1,0,1,0,0,0,0.012164325
19024,7048.019584,1,0,1,0,0,0,0.012131895
19026,7048.052896,1,0,1,0,0,0,0.012130849
19028,7048.08624,1,0,1,0,0,0,0.012119342
19030,7048.119552,1,0,1,0,0,0,0.012140962
19032,7048.152896,1,0,1,0,0,0,0.012118644
19034,7048.18624,1,0,1,0,0,0,0.012123178
19036,7048.219552,1,0,1,0,0,0,0.012135382
19038,7048.252896,1,0,1,0,0,0,0.012107834
19040,7048.286208,1,0,1,0,0,0,0.012115157
19042,7048.319552,1,0,1,0,0,0,0.012094235
19044,7048.352896,1,0,1,0,0,0,0.012117598
19046,7048.386208,1,0,1,0,0,0,0.012087958
19048,7048.419552,1,0,1,0,0,0,0.012060061
19050,7048.452896,1,0,1,0,0,0,0.012124921
19052,7048.486208,1,0,1,0,0,0,0.012080635
19054,7048.519552,1,0,1,0,0,0,0.012072266
19056,7048.552864,1,0,1,0,0,0,0.012107137
19058,7048.586208,1,0,1,0,0,0,0.012134685
19060,7048.619552,1,0,1,0,0,0,0.012080635
19062,7048.652864,1,0,1,0,0,0,0.012039488
19064,7048.686208,1,0,1,0,0,0,0.012073661
19066,7048.71952,1,0,1,0,0,0,0.012028329
19068,7048.752864,1,0,1,0,0,0,0.012011591
19070,7048.786208,1,0,1,0,0,0,0.012036698
19072,7048.81952,1,0,1,0,0,0,0.012063897
19074,7048.852864,1,0,1,0,0,0,0.012047857
19076,7048.886208,1,0,1,0,0,0,0.012014729
19078,7048.91952,1,0,1,0,0,0,0.012070174
19080,7048.952864,1,0,1,0,0,0,0.012025191
19082,7048.986208,1,0,1,0,0,0,0.011980207
19084,7049.01952,1,0,1,0,0,0,0.012007407
19086,7049.052864,1,0,1,0,0,0,0.012043672
19088,7049.086176,1,0,1,0,0,0,0.012017519
19090,7049.11952,1,0,1,0,0,0,0.011966956
19092,7049.152864,1,0,1,0,0,0,0.012042975
19094,7049.186176,1,0,1,0,0,0,0.012006709
19096,7049.21952,1,0,1,0,0,0,0.011991366
19098,7049.252864,1,0,1,0,0,0,0.012009848
19100,7049.286176,1,0,1,0,0,0,0.011961377
19102,7049.31952,1,0,1,0,0,0,0.01193104
19104,7049.352832,1,0,1,0,0,0,0.011940106
19106,7049.386176,1,0,1,0,0,0,0.011991715
19108,7049.41952,1,0,1,0,0,0,0.011964515
19110,7049.452832,1,0,1,0,0,0,0.012002176
19112,7049.486176,1,0,1,0,0,0,0.011969049
19114,7049.519488,1,0,1,0,0,0,0.011981602
19116,7049.552832,1,0,1,0,0,0,0.011956844
19118,7049.586176,1,0,1,0,0,0,0.01197672
19120,7049.619488,1,0,1,0,0,0,0.011988228
19122,7049.652832,1,0,1,0,0,0,0.01199311
19124,7049.686176,1,0,1,0,0,0,0.011964167
19126,7049.719488,1,0,1,0,0,0,0.011961726
19128,7049.752832,1,0,1,0,0,0,0.011989622
19130,7049.786144,1,0,1,0,0,0,0.012008104
19132,7049.819488,1,0,1,0,0,0,0.012015078
19134,7049.852832,1,0,1,0,0,0,0.011995899
19136,7049.886144,1,0,1,0,0,0,0.011988576
19138,7049.919488,1,0,1,0,0,0,0.011992761
19140,7049.952832,1,0,1,0,0,0,0.011994156
19142,7049.986144,1,0,1,0,0,0,0.012020309
19144,7050.019488,1,0,1,0,0,0,0.011992761
19146,7050.052832,1,0,1,0,0,0,0.011984043
19148,7050.086144,1,0,1,0,0,0,0.011968351
19150,7050.119488,1,0,1,0,0,0,0.011958936
19152,7050.1528,1,0,1,0,0,0,0.01198753
19154,7050.186144,1,0,1,0,0,0,0.011953357
19156,7050.219488,1,0,1,0,0,0,0.011948824
19158,7050.2528,1,0,1,0,0,0,0.011941501
19160,7050.286144,1,0,1,0,0,0,0.011969746
19162,7050.319488,1,0,1,0,0,0,0.01201996
19164,7050.3528,1,0,1,0,0,0,0.012056923
19166,7050.386144,1,0,1,0,0,0,0.012016473
19168,7050.419488,1,0,1,0,0,0,0.012029026
19170,7050.4528,1,0,1,0,0,0,0.012044021
19172,7050.486144,1,0,1,0,0,0,0.012079589
19174,7050.519488,1,0,1,0,0,0,0.012077148
19176,7050.5528,1,0,1,0,0,0,0.012032862
19178,7050.586144,1,0,1,0,0,0,0.012102604
19180,7050.619488,1,0,1,0,0,0,0.012057272
19182,7050.6528,1,0,1,0,0,0,0.012068082
19184,7050.686112,1,0,1,0,0,0,0.012041929
19186,7050.719488,1,0,1,0,0,0,0.012063549
19188,7050.7528,1,0,1,0,0,0,0.012099465
19190,7050.786112,1,0,1,0,0,0,0.012066687
19192,7050.819488,1,0,1,0,0,0,0.012095281
19194,7050.8528,1,0,1,0,0,0,0.012077497
19196,7050.886112,1,0,1,0,0,0,0.012101906
19198,7050.919488,1,0,1,0,0,0,0.012063897
19200,7050.952768,1,0,1,0,0,0,0.012108532
19202,7050.986112,1,0,1,0,0,0,0.012058318
19204,7051.019488,1,0,1,0,0,0,0.012075056
19206,7051.052768,1,0,1,0,0,0,0.012144449
19208,7051.086112,1,0,1,0,0,0,0.012097024
19210,7051.119488,1,0,1,0,0,0,0.012082379
19212,7051.152768,1,0,1,0,0,0,0.012037744
19214,7051.186112,1,0,1,0,0,0,0.012047159
19216,7051.219488,1,0,1,0,0,0,0.01204158
19218,7051.252768,1,0,1,0,0,0,0.012062154
19220,7051.286112,1,0,1,0,0,0,0.012081333
19222,7051.319488,1,0,1,0,0,0,0.012069825
19224,7051.352768,1,0,1,0,0,0,0.012098419
19226,7051.386112,1,0,1,0,0,0,0.012050646
19228,7051.419488,1,0,1,0,0,0,0.012089702
19230,7051.452768,1,0,1,0,0,0,0.012064943
19232,7051.48608,1,0,1,0,0,0,0.012092143
19234,7051.519488,1,0,1,0,0,0,0.012087958
19236,7051.552768,1,0,1,0,0,0,0.012050646
19238,7051.58608,1,0,1,0,0,0,0.012103999
19240,7051.619488,1,0,1,0,0,0,0.012094932
19242,7051.652736,1,0,1,0,0,0,0.012105393
19244,7051.68608,1,0,1,0,0,0,0.012041231
19246,7051.719424,1,0,1,0,0,0,0.01205239
19248,7051.752736,1,0,1,0,0,0,0.012083076
19250,7051.78608,1,0,1,0,0,0,0.01207401
19252,7051.819424,1,0,1,0,0,0,0.012068082
19254,7051.852736,1,0,1,0,0,0,0.012030421
19256,7051.88608,1,0,1,0,0,0,0.012030073
19258,7051.919392,1,0,1,0,0,0,0.012072964
19260,7051.952736,1,0,1,0,0,0,0.012018565
19262,7051.98608,1,0,1,0,0,0,0.012069825
19264,7052.019392,1,0,1,0,0,0,0.012074707
19266,7052.052736,1,0,1,0,0,0,0.012011242
19268,7052.08608,1,0,1,0,0,0,0.012099117
19270,7052.119392,1,0,1,0,0,0,0.012040534
19272,7052.152736,1,0,1,0,0,0,0.012037395
19274,7052.18608,1,0,1,0,0,0,0.012049251
19276,7052.219392,1,0,1,0,0,0,0.012038093
19278,7052.252736,1,0,1,0,0,0,0.012067733
19280,7052.286048,1,0,1,0,0,0,0.012088655
19282,7052.319392,1,0,1,0,0,0,0.012042277
19284,7052.352736,1,0,1,0,0,0,0.012087261
19286,7052.386048,1,0,1,0,0,0,0.012093886
19288,7052.419392,1,0,1,0,0,0,0.01206041
19290,7052.452736,1,0,1,0,0,0,0.012025888
19292,7052.486048,1,0,1,0,0,0,0.012076102
19294,7052.519392,1,0,1,0,0,0,0.012036001
19296,7052.552704,1,0,1,0,0,0,0.01208482
19298,7052.586048,1,0,1,0,0,0,0.01208203
19300,7052.619392,1,0,1,0,0,0,0.01209284
19302,7052.652704,1,0,1,0,0,0,0.012102604
19304,7052.686048,1,0,1,0,0,0,0.012050298
19306,7052.719392,1,0,1,0,0,0,0.01207401
19308,7052.752704,1,0,1,0,0,0,0.012040883
19310,7052.786048,1,0,1,0,0,0,0.012042626
19312,7052.81936,1,0,1,0,0,0,0.012088655
19314,7052.852704,1,0,1,0,0,0,0.012080984
19316,7052.886048,1,0,1,0,0,0,0.012057969
19318,7052.91936,1,0,1,0,0,0,0.01205762
19320,7052.952704,1,0,1,0,0,0,0.012093189
19322,7052.986048,1,0,1,0,0,0,0.012093886
19324,7053.01936,1,0,1,0,0,0,0.012110275
19326,7053.052704,1,0,1,0,0,0,0.012112368
19328,7053.086016,1,0,1,0,0,0,0.012074358
19330,7053.11936,1,0,1,0,0,0,0.012122131
19332,7053.152704,1,0,1,0,0,0,0.012093189
19334,7053.186016,1,0,1,0,0,0,0.012117947
19336,7053.21936,1,0,1,0,0,0,0.012137475
19338,7053.252704,1,0,1,0,0,0,0.012078194
19340,7053.286016,1,0,1,0,0,0,0.012123875
19342,7053.31936,1,0,1,0,0,0,0.01210644
19344,7053.352672,1,0,1,0,0,0,0.012150725
19346,7053.386016,1,0,1,0,0,0,0.012080635
19348,7053.41936,1,0,1,0,0,0,0.012077497
19350,7053.452672,1,0,1,0,0,0,0.012060759
19352,7053.486016,1,0,1,0,0,0,0.012084471
19354,7053.519328,1,0,1,0,0,0,0.012129803
19356,7053.552672,1,0,1,0,0,0,0.01209284
19358,7053.586016,1,0,1,0,0,0,0.012124224
19360,7053.619328,1,0,1,0,0,0,0.0121305
19362,7053.652672,1,0,1,0,0,0,0.012114111
19364,7053.686016,1,0,1,0,0,0,0.012123178
19366,7053.719328,1,0,1,0,0,0,0.012136777
19368,7053.752672,1,0,1,0,0,0,0.012112716
19370,7053.785984,1,0,1,0,0,0,0.012074358
19372,7053.819328,1,0,1,0,0,0,0.012104696
19374,7053.852672,1,0,1,0,0,0,0.012135731
19376,7053.885984,1,0,1,0,0,0,0.012083076
19378,7053.919328,1,0,1,0,0,0,0.012143403
19380,7053.952672,1,0,1,0,0,0,0.012118296
19382,7053.985984,1,0,1,0,0,0,0.012076799
19384,7054.019328,1,0,1,0,0,0,0.012109927
19386,7054.052672,1,0,1,0,0,0,0.012061456
19388,7054.085984,1,0,1,0,0,0,0.012075056
19390,7054.119328,1,0,1,0,0,0,0.012098071
19392,7054.15264,1,0,1,0,0,0,0.012075056
19394,7054.185984,1,0,1,0,0,0,0.012111321
19396,7054.219328,1,0,1,0,0,0,0.012078543
19398,7054.25264,1,0,1,0,0,0,0.012107486
19400,7054.285984,1,0,1,0,0,0,0.01207401
19402,7054.319328,1,0,1,0,0,0,0.012107834
19404,7054.35264,1,0,1,0,0,0,0.012101906
19406,7054.385984,1,0,1,0,0,0,0.012059713
19408,7054.419296,1,0,1,0,0,0,0.01210086
19410,7054.45264,1,0,1,0,0,0,0.012123526
19412,7054.485984,1,0,1,0,0,0,0.012083425
19414,7054.519296,1,0,1,0,0,0,0.012076451
19416,7054.55264,1,0,1,0,0,0,0.01207122
19418,7054.585984,1,0,1,0,0,0,0.012118644
19420,7054.619296,1,0,1,0,0,0,0.012096327
19422,7054.65264,1,0,1,0,0,0,0.012109927
19424,7054.685952,1,0,1,0,0,0,0.012117598
19426,7054.719296,1,0,1,0,0,0,0.012119342
19428,7054.75264,1,0,1,0,0,0,0.012082727
19430,7054.785952,1,0,1,0,0,0,0.012063549
19432,7054.819296,1,0,1,0,0,0,0.012027283
19434,7054.85264,1,0,1,0,0,0,0.012033908
19436,7054.885952,1,0,1,0,0,0,0.012070523
19438,7054.919296,1,0,1,0,0,0,0.012017519
19440,7054.952608,1,0,1,0,0,0,0.012012288
19442,7054.985952,1,0,1,0,0,0,0.012027632
19444,7055.019296,1,0,1,0,0,0,0.012004268
19446,7055.052608,1,0,1,0,0,0,0.012028329
19448,7055.085952,1,0,1,0,0,0,0.012045416
19450,7055.119264,1,0,1,0,0,0,0.01200915
19452,7055.152608,1,0,1,0,0,0,0.012004966
19454,7055.185952,1,0,1,0,0,0,0.011991366
19456,7055.219264,1,0,1,0,0,0,0.012024145
19458,7055.252608,1,0,1,0,0,0,0.011951962
19460,7055.285952,1,0,1,0,0,0,0.01199555
19462,7055.319264,1,0,1,0,0,0,0.011973233
19464,7055.352608,1,0,1,0,0,0,0.011972187
19466,7055.385952,1,0,1,0,0,0,0.011999386
19468,7055.419264,1,0,1,0,0,0,0.011984741
19470,7055.452608,1,0,1,0,0,0,0.012036349
19472,7055.48592,1,0,1,0,0,0,0.012040185
19474,7055.519264,1,0,1,0,0,0,0.012047857
19476,7055.552608,1,0,1,0,0,0,0.0120496
19478,7055.58592,1,0,1,0,0,0,0.012036698
19480,7055.619264,1,0,1,0,0,0,0.012018565
19482,7055.652608,1,0,1,0,0,0,0.012067036
19484,7055.68592,1,0,1,0,0,0,0.01206041
19486,7055.719264,1,0,1,0,0,0,0.012039488
19488,7055.752576,1,0,1,0,0,0,0.012063549
19490,7055.78592,1,0,1,0,0,0,0.01206041
19492,7055.819264,1,0,1,0,0,0,0.01206041
19494,7055.852576,1,0,1,0,0,0,0.012023796
19496,7055.88592,1,0,1,0,0,0,0.012026934
19498,7055.919264,1,0,1,0,0,0,0.012052739
19500,7055.952576,1,0,1,0,0,0,0.011983694
19502,7055.98592,1,0,1,0,0,0,0.012046462
19504,7056.019232,1,0,1,0,0,0,0.011973582
19506,7056.052576,1,0,1,0,0,0,0.012010894
19508,7056.08592,1,0,1,0,0,0,0.012030421
19510,7056.119232,1,0,1,0,0,0,0.012017519
19512,7056.152576,1,0,1,0,0,0,0.012046462
19514,7056.18592,1,0,1,0,0,0,0.012023447
19516,7056.219232,1,0,1,0,0,0,0.01200915
19518,7056.252576,1,0,1,0,0,0,0.012029375
19520,7056.285888,1,0,1,0,0,0,0.012046462
19522,7056.319232,1,0,1,0,0,0,0.012018914
19524,7056.352576,1,0,1,0,0,0,0.012041929
19526,7056.385888,1,0,1,0,0,0,0.0120632
19528,7056.419232,1,0,1,0,0,0,0.012039139
19530,7056.452576,1,0,1,0,0,0,0.012047159
19532,7056.485888,1,0,1,0,0,0,0.012074358
19534,7056.519232,1,0,1,0,0,0,0.012046811
19536,7056.552544,1,0,1,0,0,0,0.012077148
19538,7056.585888,1,0,1,0,0,0,0.012090399
19540,7056.619232,1,0,1,0,0,0,0.012113414
19542,7056.652544,1,0,1,0,0,0,0.012097373
19544,7056.685888,1,0,1,0,0,0,0.012112716
19546,7056.719232,1,0,1,0,0,0,0.012074358
19548,7056.752544,1,0,1,0,0,0,0.012075405
19550,7056.785888,1,0,1,0,0,0,0.012096676
19552,7056.8192,1,0,1,0,0,0,0.01204437
19554,7056.852544,1,0,1,0,0,0,0.012034257
19556,7056.885888,1,0,1,0,0,0,0.012017868
19558,7056.9192,1,0,1,0,0,0,0.012065989
19560,7056.952544,1,0,1,0,0,0,0.012080635
19562,7056.985856,1,0,1,0,0,0,0.01216851
19564,7057.0192,1,0,1,0,0,0,0.012145844
19566,7057.052544,1,0,1,0,0,0,0.012127013
19568,7057.085856,1,0,1,0,0,0,0.012114809
19570,7057.1192,1,0,1,0,0,0,0.012092143
19572,7057.152544,1,0,1,0,0,0,0.012117598
19574,7057.185856,1,0,1,0,0,0,0.012085168
19576,7057.2192,1,0,1,0,0,0,0.012067036
19578,7057.252512,1,0,1,0,0,0,0.012084122
19580,7057.285856,1,0,1,0,0,0,0.012058318
19582,7057.3192,1,0,1,0,0,0,0.012086912
19584,7057.352512,1,0,1,0,0,0,0.012087958
19586,7057.385856,1,0,1,0,0,0,0.012125619
19588,7057.4192,1,0,1,0,0,0,0.012073661
19590,7057.452512,1,0,1,0,0,0,0.01207401
19592,7057.485856,1,0,1,0,0,0,0.012068779
19594,7057.5192,1,0,1,0,0,0,0.012087261
19596,7057.552512,1,0,1,0,0,0,0.012094584
19598,7057.585856,1,0,1,0,0,0,0.01209563
19600,7057.619168,1,0,1,0,0,0,0.01207122
19602,7057.652512,1,0,1,0,0,0,0.012104347
19604,7057.685856,1,0,1,0,0,0,0.012105045
19606,7057.719168,1,0,1,0,0,0,0.012068779
19608,7057.752512,1,0,1,0,0,0,0.01211725
19610,7057.785856,1,0,1,0,0,0,0.012148285
19612,7057.819168,1,0,1,0,0,0,0.012123875
19614,7057.852512,1,0,1,0,0,0,0.012107486
19616,7057.885824,1,0,1,0,0,0,0.012072964
19618,7057.919168,1,0,1,0,0,0,0.012070174
19620,7057.952512,1,0,1,0,0,0,0.012086215
19622,7057.985824,1,0,1,0,0,0,0.012106091
19624,7058.019168,1,0,1,0,0,0,0.012083076
19626,7058.052512,1,0,1,0,0,0,0.012051344
19628,7058.085824,1,0,1,0,0,0,0.012049949
19630,7058.119168,1,0,1,0,0,0,0.012101558
19632,7058.15248,1,0,1,0,0,0,0.012026585
19634,7058.185824,1,0,1,0,0,0,0.012101558
19636,7058.219168,1,0,1,0,0,0,0.01207122
19638,7058.25248,1,0,1,0,0,0,0.012072615
19640,7058.285824,1,0,1,0,0,0,0.012087958
19642,7058.319168,1,0,1,0,0,0,0.012053436
19644,7058.35248,1,0,1,0,0,0,0.012045067
19646,7058.385824,1,0,1,0,0,0,0.012055528
19648,7058.419136,1,0,1,0,0,0,0.011986833
19650,7058.45248,1,0,1,0,0,0,0.012101209
19652,7058.485824,1,0,1,0,0,0,0.01206843
19654,7058.519136,1,0,1,0,0,0,0.012064246
19656,7058.55248,1,0,1,0,0,0,0.012082379
19658,7058.585792,1,0,1,0,0,0,0.012049251
19660,7058.619136,1,0,1,0,0,0,0.012025539
19662,7058.65248,1,0,1,0,0,0,0.012045067
19664,7058.685792,1,0,1,0,0,0,0.012045764
19666,7058.719136,1,0,1,0,0,0,0.012065641
19668,7058.75248,1,0,1,0,0,0,0.012044021
19670,7058.785792,1,0,1,0,0,0,0.012061456
19672,7058.819136,1,0,1,0,0,0,0.01205762
19674,7058.852448,1,0,1,0,0,0,0.012104347
19676,7058.885792,1,0,1,0,0,0,0.012052041
19678,7058.919136,1,0,1,0,0,0,0.012039139
19680,7058.952448,1,0,1,0,0,0,0.01207122
19682,7058.985792,1,0,1,0,0,0,0.012049251
19684,7059.019136,1,0,1,0,0,0,0.01205762
19686,7059.052448,1,0,1,0,0,0,0.012116552
19688,7059.085792,1,0,1,0,0,0,0.012081681
19690,7059.119104,1,0,1,0,0,0,0.012101209
19692,7059.152448,1,0,1,0,0,0,0.012091096
19694,7059.185792,1,0,1,0,0,0,0.01210086
19696,7059.219104,1,0,1,0,0,0,0.012107486
19698,7059.252448,1,0,1,0,0,0,0.012132244
19700,7059.285792,1,0,1,0,0,0,0.012086912
19702,7059.319104,1,0,1,0,0,0,0.012148982
19704,7059.352448,1,0,1,0,0,0,0.012099814
19706,7059.38576,1,0,1,0,0,0,0.012128408
19708,7059.419104,1,0,1,0,0,0,0.012102953
19710,7059.452448,1,0,1,0,0,0,0.012042626
19712,7059.48576,1,0,1,0,0,0,0.012093537
19714,7059.519104,1,0,1,0,0,0,0.01206843
19716,7059.552448,1,0,1,0,0,0,0.012065989
19718,7059.58576,1,0,1,0,0,0,0.01212527
19720,7059.619104,1,0,1,0,0,0,0.012078194
19722,7059.652448,1,0,1,0,0,0,0.012109578
19724,7059.68576,1,0,1,0,0,0,0.012108881
19726,7059.719104,1,0,1,0,0,0,0.012022401
19728,7059.752416,1,0,1,0,0,0,0.012030073
19730,7059.78576,1,0,1,0,0,0,0.012069128
19732,7059.819104,1,0,1,0,0,0,0.012033211
19734,7059.852416,1,0,1,0,0,0,0.012051344
19736,7059.88576,1,0,1,0,0,0,0.012084122
19738,7059.919104,1,0,1,0,0,0,0.012083425
19740,7059.952416,1,0,1,0,0,0,0.012045067
19742,7059.98576,1,0,1,0,0,0,0.01211446
19744,7060.019072,1,0,1,0,0,0,0.012105393
19746,7060.052416,1,0,1,0,0,0,0.012097722
19748,7060.08576,1,0,1,0,0,0,0.012127711
19750,7060.119072,1,0,1,0,0,0,0.012041231
19752,7060.152416,1,0,1,0,0,0,0.012083076
19754,7060.18576,1,0,1,0,0,0,0.012083076
19756,7060.219072,1,0,1,0,0,0,0.012103999
19758,7060.252416,1,0,1,0,0,0,0.012110973
19760,7060.285728,1,0,1,0,0,0,0.01212248
19762,7060.319072,1,0,1,0,0,0,0.012053785
19764,7060.352416,1,0,1,0,0,0,0.012067384
19766,7060.385728,1,0,1,0,0,0,0.012146192
19768,7060.419072,1,0,1,0,0,0,0.012123178
19770,7060.452416,1,0,1,0,0,0,0.012133639
19772,7060.485728,1,0,1,0,0,0,0.012075405
19774,7060.519072,1,0,1,0,0,0,0.012120039
19776,7060.552384,1,0,1,0,0,0,0.01207401
19778,7060.585728,1,0,1,0,0,0,0.012105742
19780,7060.619072,1,0,1,0,0,0,0.012121085
19782,7060.652384,1,0,1,0,0,0,0.012068082
19784,7060.685728,1,0,1,0,0,0,0.012064246
19786,7060.719072,1,0,1,0,0,0,0.012071569
19788,7060.752384,1,0,1,0,0,0,0.012080635
19790,7060.785728,1,0,1,0,0,0,0.012140264
19792,7060.81904,1,0,1,0,0,0,0.012140962
19794,7060.852384,1,0,1,0,0,0,0.012067384
19796,7060.885728,1,0,1,0,0,0,0.012124224
19798,7060.91904,1,0,1,0,0,0,0.012075056
19800,7060.952384,1,0,1,0,0,0,0.012042277
19802,7060.985696,1,0,1,0,0,0,0.012010894
19804,7061.01904,1,0,1,0,0,0,0.012061805
19806,7061.052384,1,0,1,0,0,0,0.012080635
19808,7061.085696,1,0,1,0,0,0,0.012089702
19810,7061.11904,1,0,1,0,0,0,0.012109578
19812,7061.152384,1,0,1,0,0,0,0.012077846
19814,7061.185696,1,0,1,0,0,0,0.012049251
19816,7061.21904,1,0,1,0,0,0,0.01199834
19818,7061.252352,1,0,1,0,0,0,0.012110973
19820,7061.285696,1,0,1,0,0,0,0.012075056
19822,7061.31904,1,0,1,0,0,0,0.012088307
19824,7061.352352,1,0,1,0,0,0,0.012045067
19826,7061.385696,1,0,1,0,0,0,0.01202275
19828,7061.41904,1,0,1,0,0,0,0.012045764
19830,7061.452352,1,0,1,0,0,0,0.012039836
19832,7061.485696,1,0,1,0,0,0,0.012000432
19834,7061.51904,1,0,1,0,0,0,0.011978115
19836,7061.552352,1,0,1,0,0,0,0.012000084
19838,7061.585696,1,0,1,0,0,0,0.012045067
19840,7061.619008,1,0,1,0,0,0,0.012027632
19842,7061.652352,1,0,1,0,0,0,0.012066687
19844,7061.685696,1,0,1,0,0,0,0.012107137
19846,7061.719008,1,0,1,0,0,0,0.012021006
19848,7061.752352,1,0,1,0,0,0,0.012010196
19850,7061.785664,1,0,1,0,0,0,0.012002525
19852,7061.819008,1,0,1,0,0,0,0.012064246
19854,7061.852352,1,0,1,0,0,0,0.011999735
19856,7061.885664,1,0,1,0,0,0,0.01199032
19858,7061.919008,1,0,1,0,0,0,0.011996597
19860,7061.952352,1,0,1,0,0,0,0.011956146
19862,7061.985664,1,0,1,0,0,0,0.011958239
19864,7062.019008,1,0,1,0,0,0,0.012005663
19866,7062.052352,1,0,1,0,0,0,0.012002176
19868,7062.085664,1,0,1,0,0,0,0.011948824
19870,7062.119008,1,0,1,0,0,0,0.011944988
19872,7062.15232,1,0,1,0,0,0,0.011926158
19874,7062.185664,1,0,1,0,0,0,0.011990669
19876,7062.219008,1,0,1,0,0,0,0.01194429
19878,7062.25232,1,0,1,0,0,0,0.011905235
19880,7062.285664,1,0,1,0,0,0,0.011892682
19882,7062.319008,1,0,1,0,0,0,0.011965562
19884,7062.35232,1,0,1,0,0,0,0.01190942
19886,7062.385664,1,0,1,0,0,0,0.011946731
19888,7062.418976,1,0,1,0,0,0,0.011879082
19890,7062.45232,1,0,1,0,0,0,0.011887451
19892,7062.485632,1,0,1,0,0,0,0.011864088
19894,7062.518976,1,0,1,0,0,0,0.011884661
19896,7062.55232,1,0,1,0,0,0,0.011911512
19898,7062.585632,1,0,1,0,0,0,0.01192546
19900,7062.618976,1,0,1,0,0,0,0.011898261
19902,7062.65232,1,0,1,0,0,0,0.01189861
19904,7062.685632,1,0,1,0,0,0,0.01195789
19906,7062.718976,1,0,1,0,0,0,0.011921276
19908,7062.75232,1,0,1,0,0,0,0.011890241
19910,7062.785632,1,0,1,0,0,0,0.011944639
19912,7062.818976,1,0,1,0,0,0,0.01194429
19914,7062.852288,1,0,1,0,0,0,0.011912209
19916,7062.885632,1,0,1,0,0,0,0.011952659
19918,7062.918976,1,0,1,0,0,0,0.011891636
19920,7062.952288,1,0,1,0,0,0,0.011910814
19922,7062.985632,1,0,1,0,0,0,0.011856416
19924,7063.018976,1,0,1,0,0,0,0.011879779
19926,7063.052288,1,0,1,0,0,0,0.011901051
19928,7063.085632,1,0,1,0,0,0,0.011867923
19930,7063.118976,1,0,1,0,0,0,0.011879082
19932,7063.152288,1,0,1,0,0,0,0.011810038
19934,7063.185632,1,0,1,0,0,0,0.011841073
19936,7063.218944,1,0,1,0,0,0,0.011827125
19938,7063.252288,1,0,1,0,0,0,0.011880477
19940,7063.285632,1,0,1,0,0,0,0.011838981
19942,7063.318944,1,0,1,0,0,0,0.011805853
19944,7063.352288,1,0,1,0,0,0,0.01184177
19946,7063.3856,1,0,1,0,0,0,0.011870713
19948,7063.418944,1,0,1,0,0,0,0.011955798
19950,7063.452288,1,0,1,0,0,0,0.011933829
19952,7063.4856,1,0,1,0,0,0,0.011824335
19954,7063.518944,1,0,1,0,0,0,0.011796787
19956,7063.552288,1,0,1,0,0,0,0.011884313
19958,7063.5856,1,0,1,0,0,0,0.011920578
19960,7063.618944,1,0,1,0,0,0,0.011935224
19962,7063.652288,1,0,1,0,0,0,0.011829914
19964,7063.6856,1,0,1,0,0,0,0.011846652
19966,7063.718944,1,0,1,0,0,0,0.011868272
19968,7063.752256,1,0,1,0,0,0,0.011913255
19970,7063.7856,1,0,1,0,0,0,0.011946731
19972,7063.818944,1,0,1,0,0,0,0.011857113
19974,7063.852256,1,0,1,0,0,0,0.011872457
19976,7063.8856,1,0,1,0,0,0,0.011873503
19978,7063.918944,1,0,1,0,0,0,0.011941849
19980,7063.952256,1,0,1,0,0,0,0.011936619
19982,7063.9856,1,0,1,0,0,0,0.01190942
19984,7064.018944,1,0,1,0,0,0,0.011891636
19986,7064.052256,1,0,1,0,0,0,0.011897912
19988,7064.0856,1,0,1,0,0,0,0.01186339
19990,7064.118944,1,0,1,0,0,0,0.011886405
19992,7064.152256,1,0,1,0,0,0,0.011897215
19994,7064.185568,1,0,1,0,0,0,0.011842468
19996,7064.218912,1,0,1,0,0,0,0.011913604
19998,7064.252256,1,0,1,0,0,0,0.01192023
20000,7064.285568,1,0,1,0,0,0,0.011868272
20002,7064.318912,1,0,1,0,0,0,0.011873154
20004,7064.352256,1,0,1,0,0,0,0.011832006
20006,7064.385568,1,0,1,0,0,0,0.011861298
20008,7064.418912,1,0,1,0,0,0,0.011867226
20010,7064.452224,1,0,1,0,0,0,0.011844211
20012,7064.485568,1,0,1,0,0,0,0.011848396
20014,7064.518912,1,0,1,0,0,0,0.011768542
20016,7064.552224,1,0,1,0,0,0,0.011752152
20018,7064.585568,1,0,1,0,0,0,0.01178528
20020,7064.618912,1,0,1,0,0,0,0.011842119
20022,7064.652224,1,0,1,0,0,0,0.011790859
20024,7064.685568,1,0,1,0,0,0,0.011756686
20026,7064.71888,1,0,1,0,0,0,0.0117933
20028,7064.752224,1,0,1,0,0,0,0.011808294
20030,7064.785568,1,0,1,0,0,0,0.011877687
20032,7064.81888,1,0,1,0,0,0,0.011907676
20034,7064.852224,1,0,1,0,0,0,0.011797136
20036,7064.885568,1,0,1,0,0,0,0.011749014
20038,7064.91888,1,0,1,0,0,0,0.011776213
20040,7064.952224,1,0,1,0,0,0,0.011811433
20042,7064.985568,1,0,1,0,0,0,0.011788418
20044,7065.01888,1,0,1,0,0,0,0.011786674
20046,7065.052224,1,0,1,0,0,0,0.011740296
20048,7065.085536,1,0,1,0,0,0,0.011789813
20050,7065.11888,1,0,1,0,0,0,0.011834447
20052,7065.152224,1,0,1,0,0,0,0.011823289
20054,7065.185536,1,0,1,0,0,0,0.011834099
20056,7065.21888,1,0,1,0,0,0,0.011674391
20058,7065.252224,1,0,1,0,0,0,0.011760173
20060,7065.285536,1,0,1,0,0,0,0.011729138
20062,7065.31888,1,0,1,0,0,0,0.011778654
20064,7065.352192,1,0,1,0,0,0,0.011807946
20066,7065.385536,1,0,1,0,0,0,0.011758778
20068,7065.41888,1,0,1,0,0,0,0.011738553
20070,7065.452192,1,0,1,0,0,0,0.011694964
20072,7065.485536,1,0,1,0,0,0,0.011668811
20074,7065.51888,1,0,1,0,0,0,0.011734717
20076,7065.552192,1,0,1,0,0,0,0.011689385
20078,7065.585536,1,0,1,0,0,0,0.011663232
20080,7065.618848,1,0,1,0,0,0,0.011642658
20082,7065.652192,1,0,1,0,0,0,0.011740296
20084,7065.685504,1,0,1,0,0,0,0.01172844
20086,7065.718848,1,0,1,0,0,0,0.011727394
20088,7065.752192,1,0,1,0,0,0,0.011760173
20090,7065.785536,1,0,1,0,0,0,0.011746922
20092,7065.818848,1,0,1,0,0,0,0.011760173
20094,7065.852192,1,0,1,0,0,0,0.011782141
20096,7065.885504,1,0,1,0,0,0,0.01176366
20098,7065.918848,1,0,1,0,0,0,0.011799577
20100,7065.952192,1,0,1,0,0,0,0.011816663
20102,7065.985504,1,0,1,0,0,0,0.01181492
20104,7066.018848,1,0,1,0,0,0,0.011843863
20106,7066.05216,1,0,1,0,0,0,0.011794695
20108,7066.085504,1,0,1,0,0,0,0.011861995
20110,7066.118848,1,0,1,0,0,0,0.011871062
20112,7066.15216,1,0,1,0,0,0,0.011839329
20114,7066.185504,1,0,1,0,0,0,0.01175808
20116,7066.218848,1,0,1,0,0,0,0.011720769
20118,7066.25216,1,0,1,0,0,0,0.011802366
20120,7066.285504,1,0,1,0,0,0,0.011860252
20122,7066.318816,1,0,1,0,0,0,0.011850139
20124,7066.35216,1,0,1,0,0,0,0.011853278
20126,7066.385504,1,0,1,0,0,0,0.01184177
20128,7066.418816,1,0,1,0,0,0,0.011777608
20130,7066.45216,1,0,1,0,0,0,0.011764357
20132,7066.485504,1,0,1,0,0,0,0.011709959
20134,7066.518816,1,0,1,0,0,0,0.011676832
20136,7066.55216,1,0,1,0,0,0,0.011682062
20138,7066.585472,1,0,1,0,0,0,0.011685898
20140,7066.618816,1,0,1,0,0,0,0.01168799
20142,7066.65216,1,0,1,0,0,0,0.011792254
20144,7066.685472,1,0,1,0,0,0,0.011782141
20146,7066.718816,1,0,1,0,0,0,0.011887451
20148,7066.75216,1,0,1,0,0,0,0.011889195
20150,7066.785472,1,0,1,0,0,0,0.011932783
20152,7066.818816,1,0,1,0,0,0,0.011880477
20154,7066.85216,1,0,1,0,0,0,0.011873503
20156,7066.885472,1,0,1,0,0,0,0.011968003
20158,7066.918816,1,0,1,0,0,0,0.01193627
20160,7066.952128,1,0,1,0,0,0,0.011988925
20162,7066.985472,1,0,1,0,0,0,0.011989971
20164,7067.018816,1,0,1,0,0,0,0.011941849
20166,7067.052128,1,0,1,0,0,0,0.011988228
20168,7067.085472,1,0,1,0,0,0,0.01193627
20170,7067.118816,1,0,1,0,0,0,0.011928947
20172,7067.152128,1,0,1,0,0,0,0.011991017
20174,7067.185472,1,0,1,0,0,0,0.011978813
20176,7067.218784,1,0,1,0,0,0,0.011929645
20178,7067.252128,1,0,1,0,0,0,0.0119823
20180,7067.285472,1,0,1,0,0,0,0.01192825
20182,7067.318784,1,0,1,0,0,0,0.01192825
20184,7067.352128,1,0,1,0,0,0,0.011970444
20186,7067.385472,1,0,1,0,0,0,0.011979859
20188,7067.418784,1,0,1,0,0,0,0.011950218
20190,7067.452128,1,0,1,0,0,0,0.011939757
20192,7067.485472,1,0,1,0,0,0,0.011955798
20194,7067.518784,1,0,1,0,0,0,0.011958936
20196,7067.552128,1,0,1,0,0,0,0.011950916
20198,7067.585472,1,0,1,0,0,0,0.01193906
20200,7067.618784,1,0,1,0,0,0,0.011966259
20202,7067.652128,1,0,1,0,0,0,0.011989622
20204,7067.685472,1,0,1,0,0,0,0.011954403
20206,7067.718784,1,0,1,0,0,0,0.011966956
20208,7067.752096,1,0,1,0,0,0,0.012028329
20210,7067.785472,1,0,1,0,0,0,0.011998689
20212,7067.818784,1,0,1,0,0,0,0.011993807
20214,7067.852096,1,0,1,0,0,0,0.012042626
20216,7067.885472,1,0,1,0,0,0,0.011988576
20218,7067.918784,1,0,1,0,0,0,0.01205518
20220,7067.952096,1,0,1,0,0,0,0.012039836
20222,7067.985472,1,0,1,0,0,0,0.012066338
20224,7068.018752,1,0,1,0,0,0,0.012124572
20226,7068.052096,1,0,1,0,0,0,0.01208482
20228,7068.085472,1,0,1,0,0,0,0.012044718
20230,7068.118752,1,0,1,0,0,0,0.012019263
20232,7068.152096,1,0,1,0,0,0,0.012095978
20234,7068.185472,1,0,1,0,0,0,0.012040883
20236,7068.218752,1,0,1,0,0,0,0.012041231
20238,7068.252096,1,0,1,0,0,0,0.012055877
20240,7068.285408,1,0,1,0,0,0,0.012027283
20242,7068.318752,1,0,1,0,0,0,0.01198753
20244,7068.352096,1,0,1,0,0,0,0.012038442
20246,7068.385408,1,0,1,0,0,0,0.012049251
20248,7068.418752,1,0,1,0,0,0,0.012071569
20250,7068.452064,1,0,1,0,0,0,0.012032514
20252,7068.485408,1,0,1,0,0,0,0.012016124
20254,7068.518752,1,0,1,0,0,0,0.012045764
20256,7068.552064,1,0,1,0,0,0,0.012048205
20258,7068.585408,1,0,1,0,0,0,0.012053436
20260,7068.618752,1,0,1,0,0,0,0.0119823
20262,7068.652064,1,0,1,0,0,0,0.012063897
20264,7068.685408,1,0,1,0,0,0,0.012048554
20266,7068.718752,1,0,1,0,0,0,0.012132244
20268,7068.752064,1,0,1,0,0,0,0.012091096
20270,7068.785408,1,0,1,0,0,0,0.012015427
20272,7068.81872,1,0,1,0,0,0,0.012065292
20274,7068.852064,1,0,1,0,0,0,0.012088307
20276,7068.885408,1,0,1,0,0,0,0.01210365
20278,7068.91872,1,0,1,0,0,0,0.01206843
20280,7068.952064,1,0,1,0,0,0,0.012082727
20282,7068.985408,1,0,1,0,0,0,0.012086912
20284,7069.01872,1,0,1,0,0,0,0.012093537
20286,7069.052064,1,0,1,0,0,0,0.012048205
20288,7069.085376,1,0,1,0,0,0,0.012020657
20290,7069.11872,1,0,1,0,0,0,0.012070523
20292,7069.152064,1,0,1,0,0,0,0.012068779
20294,7069.185376,1,0,1,0,0,0,0.012035652
20296,7069.21872,1,0,1,0,0,0,0.012104696
20298,7069.252064,1,0,1,0,0,0,0.012065641
20300,7069.285376,1,0,1,0,0,0,0.012009499
20302,7069.31872,1,0,1,0,0,0,0.012039836
20304,7069.352032,1,0,1,0,0,0,0.01208203
20306,7069.385376,1,0,1,0,0,0,0.012102953
20308,7069.41872,1,0,1,0,0,0,0.012173391
20310,7069.452032,1,0,1,0,0,0,0.012148982
20312,7069.485376,1,0,1,0,0,0,0.012091794
20314,7069.518688,1,0,1,0,0,0,0.012074707
20316,7069.552032,1,0,1,0,0,0,0.012098768
20318,7069.585376,1,0,1,0,0,0,0.012027283
20320,7069.618688,1,0,1,0,0,0,0.012056923
20322,7069.652032,1,0,1,0,0,0,0.012021006
20324,7069.685376,1,0,1,0,0,0,0.012040185
20326,7069.718688,1,0,1,0,0,0,0.01200915
20328,7069.752032,1,0,1,0,0,0,0.012023447
20330,7069.785344,1,0,1,0,0,0,0.012027632
20332,7069.818688,1,0,1,0,0,0,0.012049949
20334,7069.852032,1,0,1,0,0,0,0.012060759
20336,7069.885344,1,0,1,0,0,0,0.012054482
20338,7069.918688,1,0,1,0,0,0,0.011972536
20340,7069.952032,1,0,1,0,0,0,0.011957193
20342,7069.985344,1,0,1,0,0,0,0.012010196
20344,7070.018688,1,0,1,0,0,0,0.01208203
20346,7070.052032,1,0,1,0,0,0,0.012052739
20348,7070.085344,1,0,1,0,0,0,0.012067733
20350,7070.118688,1,0,1,0,0,0,0.012009848
20352,7070.152,1,0,1,0,0,0,0.011979859
20354,7070.185344,1,0,1,0,0,0,0.011986135
20356,7070.218688,1,0,1,0,0,0,0.011964515
20358,7070.252,1,0,1,0,0,0,0.012020309
20360,7070.285344,1,0,1,0,0,0,0.011992761
20362,7070.318688,1,0,1,0,0,0,0.012015776
20364,7070.352,1,0,1,0,0,0,0.012017519
20366,7070.385344,1,0,1,0,0,0,0.012035652
20368,7070.418656,1,0,1,0,0,0,0.012015427
20370,7070.452,1,0,1,0,0,0,0.011981253
20372,7070.485344,1,0,1,0,0,0,0.011962772
20374,7070.518656,1,0,1,0,0,0,0.011985089
20376,7070.552,1,0,1,0,0,0,0.012004268
20378,7070.585344,1,0,1,0,0,0,0.011988228
20380,7070.618656,1,0,1,0,0,0,0.011959982
20382,7070.652,1,0,1,0,0,0,0.01196068
20384,7070.685312,1,0,1,0,0,0,0.012010196
20386,7070.718656,1,0,1,0,0,0,0.012012288
20388,7070.752,1,0,1,0,0,0,0.011996597
20390,7070.785312,1,0,1,0,0,0,0.011973582
20392,7070.818656,1,0,1,0,0,0,0.011935921
20394,7070.852,1,0,1,0,0,0,0.011977418
20396,7070.885312,1,0,1,0,0,0,0.011989622
20398,7070.918656,1,0,1,0,0,0,0.011979859
20400,7070.951968,1,0,1,0,0,0,0.011956844
20402,7070.985312,1,0,1,0,0,0,0.01196068
20404,7071.018656,1,0,1,0,0,0,0.011945685
20406,7071.051968,1,0,1,0,0,0,0.011950218
20408,7071.085312,1,0,1,0,0,0,0.011932434
20410,7071.118624,1,0,1,0,0,0,0.011972884
20412,7071.151968,1,0,1,0,0,0,0.011994853
20414,7071.185312,1,0,1,0,0,0,0.011929993
20416,7071.218624,1,0,1,0,0,0,0.01193104
20418,7071.251968,1,0,1,0,0,0,0.011947429
20420,7071.285312,1,0,1,0,0,0,0.011943942
20422,7071.318624,1,0,1,0,0,0,0.011870016
20424,7071.351968,1,0,1,0,0,0,0.011873851
20426,7071.38528,1,0,1,0,0,0,0.011908374
20428,7071.418624,1,0,1,0,0,0,0.011848047
20430,7071.451968,1,0,1,0,0,0,0.011896169
20432,7071.48528,1,0,1,0,0,0,0.011822591
20434,7071.518624,1,0,1,0,0,0,0.011747968
20436,7071.551968,1,0,1,0,0,0,0.011727743
20438,7071.58528,1,0,1,0,0,0,0.01175808
20440,7071.618624,1,0,1,0,0,0,0.011722512
20442,7071.651968,1,0,1,0,0,0,0.011761568
20444,7071.68528,1,0,1,0,0,0,0.011807597
20446,7071.718624,1,0,1,0,0,0,0.011818407
20448,7071.751936,1,0,1,0,0,0,0.011811084
20450,7071.78528,1,0,1,0,0,0,0.011829217
20452,7071.818624,1,0,1,0,0,0,0.011861298
20454,7071.851936,1,0,1,0,0,0,0.011888846
20456,7071.88528,1,0,1,0,0,0,0.011898958
20458,7071.918624,1,0,1,0,0,0,0.011904886
20460,7071.951936,1,0,1,0,0,0,0.011933132
20462,7071.98528,1,0,1,0,0,0,0.01194987
20464,7072.018592,1,0,1,0,0,0,0.011958239
20466,7072.051936,1,0,1,0,0,0,0.011964864
20468,7072.08528,1,0,1,0,0,0,0.011925809
20470,7072.118592,1,0,1,0,0,0,0.011942547
20472,7072.151936,1,0,1,0,0,0,0.011938014
20474,7072.18528,1,0,1,0,0,0,0.011907327
20476,7072.218592,1,0,1,0,0,0,0.011943244
20478,7072.251936,1,0,1,0,0,0,0.011948126
20480,7072.285248,1,0,1,0,0,0,0.01194429
20482,7072.318592,1,0,1,0,0,0,0.011951962
20484,7072.351936,1,0,1,0,0,0,0.011954752
20486,7072.385248,1,0,1,0,0,0,0.011911163
20488,7072.418592,1,0,1,0,0,0,0.011973582
20490,7072.451904,1,0,1,0,0,0,0.011889892
20492,7072.485248,1,0,1,0,0,0,0.011929645
20494,7072.518592,1,0,1,0,0,0,0.011940803
20496,7072.551904,1,0,1,0,0,0,0.011968003
20498,7072.585248,1,0,1,0,0,0,0.012014032
20500,7072.618592,1,0,1,0,0,0,0.011944639
20502,7072.651904,1,0,1,0,0,0,0.011921276
20504,7072.685248,1,0,1,0,0,0,0.011927204
20506,7072.71856,1,0,1,0,0,0,0.011950916
20508,7072.751904,1,0,1,0,0,0,0.011963121
20510,7072.785248,1,0,1,0,0,0,0.011950916
20512,7072.81856,1,0,1,0,0,0,0.012004268
20514,7072.851904,1,0,1,0,0,0,0.011947429
20516,7072.885248,1,0,1,0,0,0,0.012018914
20518,7072.91856,1,0,1,0,0,0,0.011941152
20520,7072.951904,1,0,1,0,0,0,0.011950218
20522,7072.985216,1,0,1,0,0,0,0.011909768
20524,7073.01856,1,0,1,0,0,0,0.011909071
20526,7073.051904,1,0,1,0,0,0,0.011899307
20528,7073.085216,1,0,1,0,0,0,0.011875944
20530,7073.11856,1,0,1,0,0,0,0.011895123
20532,7073.151904,1,0,1,0,0,0,0.011932783
20534,7073.185216,1,0,1,0,0,0,0.011923019
20536,7073.21856,1,0,1,0,0,0,0.01192546
20538,7073.251904,1,0,1,0,0,0,0.011906979
20540,7073.285216,1,0,1,0,0,0,0.011887451
20542,7073.31856,1,0,1,0,0,0,0.011916394
20544,7073.351872,1,0,1,0,0,0,0.011905933
20546,7073.385216,1,0,1,0,0,0,0.011947429
20548,7073.41856,1,0,1,0,0,0,0.011943593
20550,7073.451872,1,0,1,0,0,0,0.0119551
20552,7073.485216,1,0,1,0,0,0,0.01194429
20554,7073.51856,1,0,1,0,0,0,0.011940106
20556,7073.551872,1,0,1,0,0,0,0.011957193
20558,7073.585216,1,0,1,0,0,0,0.011956844
20560,7073.618528,1,0,1,0,0,0,0.011934527
20562,7073.651872,1,0,1,0,0,0,0.011909071
20564,7073.685216,1,0,1,0,0,0,0.011894774
20566,7073.718528,1,0,1,0,0,0,0.01193627
20568,7073.751872,1,0,1,0,0,0,0.011879431
20570,7073.785216,1,0,1,0,0,0,0.011921624
20572,7073.818528,1,0,1,0,0,0,0.011909768
20574,7073.851872,1,0,1,0,0,0,0.011962075
20576,7073.885184,1,0,1,0,0,0,0.011880128
20578,7073.918528,1,0,1,0,0,0,0.011942198
20580,7073.951872,1,0,1,0,0,0,0.011980905
20582,7073.985184,1,0,1,0,0,0,0.011851534
20584,7074.018528,1,0,1,0,0,0,0.011917789
20586,7074.051872,1,0,1,0,0,0,0.011992412
20588,7074.085184,1,0,1,0,0,0,0.011956844
20590,7074.118528,1,0,1,0,0,0,0.011991366
20592,7074.15184,1,0,1,0,0,0,0.011947429
20594,7074.185184,1,0,1,0,0,0,0.01191465
20596,7074.218528,1,0,1,0,0,0,0.011956844
20598,7074.25184,1,0,1,0,0,0,0.011931737
20600,7074.285184,1,0,1,0,0,0,0.011958587
20602,7074.318496,1,0,1,0,0,0,0.011942547
20604,7074.35184,1,0,1,0,0,0,0.011959982
20606,7074.385184,1,0,1,0,0,0,0.011906281
20608,7074.418496,1,0,1,0,0,0,0.011955449
20610,7074.45184,1,0,1,0,0,0,0.011947778
20612,7074.485184,1,0,1,0,0,0,0.011948126
20614,7074.518496,1,0,1,0,0,0,0.01197149
20616,7074.55184,1,0,1,0,0,0,0.011934527
20618,7074.585152,1,0,1,0,0,0,0.011960331
20620,7074.618496,1,0,1,0,0,0,0.011970792
20622,7074.65184,1,0,1,0,0,0,0.01199555
20624,7074.685152,1,0,1,0,0,0,0.01202798
20626,7074.718496,1,0,1,0,0,0,0.011997643
20628,7074.75184,1,0,1,0,0,0,0.011982648
20630,7074.785152,1,0,1,0,0,0,0.011968003
20632,7074.818496,1,0,1,0,0,0,0.011952659
20634,7074.85184,1,0,1,0,0,0,0.011958936
20636,7074.885152,1,0,1,0,0,0,0.011961028
20638,7074.918496,1,0,1,0,0,0,0.011974977
20640,7074.951808,1,0,1,0,0,0,0.011982997
20642,7074.985152,1,0,1,0,0,0,0.012000084
20644,7075.018496,1,0,1,0,0,0,0.011938014
20646,7075.051808,1,0,1,0,0,0,0.011942896
20648,7075.085152,1,0,1,0,0,0,0.011954054
20650,7075.118496,1,0,1,0,0,0,0.011986135
20652,7075.151808,1,0,1,0,0,0,0.011948475
20654,7075.185152,1,0,1,0,0,0,0.011934875
20656,7075.218464,1,0,1,0,0,0,0.011937665
20658,7075.251808,1,0,1,0,0,0,0.011962075
20660,7075.285152,1,0,1,0,0,0,0.011964515
20662,7075.318464,1,0,1,0,0,0,0.011918486
20664,7075.351808,1,0,1,0,0,0,0.011970444
20666,7075.385152,1,0,1,0,0,0,0.011983346
20668,7075.418464,1,0,1,0,0,0,0.011965562
20670,7075.451808,1,0,1,0,0,0,0.011981951
20672,7075.48512,1,0,1,0,0,0,0.012004268
20674,7075.518464,1,0,1,0,0,0,0.012028678
20676,7075.551808,1,0,1,0,0,0,0.012020309
20678,7075.58512,1,0,1,0,0,0,0.011970095
20680,7075.618464,1,0,1,0,0,0,0.011977069
20682,7075.651808,1,0,1,0,0,0,0.011989971
20684,7075.68512,1,0,1,0,0,0,0.011971838
20686,7075.718464,1,0,1,0,0,0,0.012026585
20688,7075.751808,1,0,1,0,0,0,0.011983346
20690,7075.78512,1,0,1,0,0,0,0.012011242
20692,7075.818464,1,0,1,0,0,0,0.011978813
20694,7075.851776,1,0,1,0,0,0,0.011972187
20696,7075.88512,1,0,1,0,0,0,0.012003919
20698,7075.918432,1,0,1,0,0,0,0.011981951
20700,7075.951776,1,0,1,0,0,0,0.01203879
20702,7075.98512,1,0,1,0,0,0,0.012023098
20704,7076.018432,1,0,1,0,0,0,0.012009499
20706,7076.051776,1,0,1,0,0,0,0.012026237
20708,7076.08512,1,0,1,0,0,0,0.012051344
20710,7076.118432,1,0,1,0,0,0,0.012031467
20712,7076.151776,1,0,1,0,0,0,0.012029375
20714,7076.18512,1,0,1,0,0,0,0.012026934
20716,7076.218432,1,0,1,0,0,0,0.012015776
20718,7076.251776,1,0,1,0,0,0,0.012072615
20720,7076.285088,1,0,1,0,0,0,0.012035303
20722,7076.318432,1,0,1,0,0,0,0.012019611
20724,7076.351776,1,0,1,0,0,0,0.012008801
20726,7076.385088,1,0,1,0,0,0,0.012041929
20728,7076.418432,1,0,1,0,0,0,0.012032862
20730,7076.451744,1,0,1,0,0,0,0.012034257
20732,7076.485088,1,0,1,0,0,0,0.012030073
20734,7076.518432,1,0,1,0,0,0,0.012030421
20736,7076.551744,1,0,1,0,0,0,0.012025191
20738,7076.585088,1,0,1,0,0,0,0.012008453
20740,7076.618432,1,0,1,0,0,0,0.012038442
20742,7076.651744,1,0,1,0,0,0,0.011975325
20744,7076.685088,1,0,1,0,0,0,0.011982648
20746,7076.718432,1,0,1,0,0,0,0.012019611
20748,7076.751744,1,0,1,0,0,0,0.012024493
20750,7076.785088,1,0,1,0,0,0,0.011989971
20752,7076.8184,1,0,1,0,0,0,0.011971838
20754,7076.851744,1,0,1,0,0,0,0.012009499
20756,7076.885088,1,0,1,0,0,0,0.011947429
20758,7076.9184,1,0,1,0,0,0,0.011975674
20760,7076.951744,1,0,1,0,0,0,0.011934875
20762,7076.985088,1,0,1,0,0,0,0.01194429
20764,7077.0184,1,0,1,0,0,0,0.011961726
20766,7077.051744,1,0,1,0,0,0,0.011901748
20768,7077.085056,1,0,1,0,0,0,0.011974977
20770,7077.1184,1,0,1,0,0,0,0.011954403
20772,7077.151712,1,0,1,0,0,0,0.011927204
20774,7077.185056,1,0,1,0,0,0,0.011956146
20776,7077.2184,1,0,1,0,0,0,0.011912209
20778,7077.251712,1,0,1,0,0,0,0.011916394
20780,7077.285056,1,0,1,0,0,0,0.011934875
20782,7077.3184,1,0,1,0,0,0,0.011881523
20784,7077.351712,1,0,1,0,0,0,0.011946383
20786,7077.385056,1,0,1,0,0,0,0.011961028
20788,7077.4184,1,0,1,0,0,0,0.011945685
20790,7077.451712,1,0,1,0,0,0,0.011957541
20792,7077.485056,1,0,1,0,0,0,0.011963469
20794,7077.518368,1,0,1,0,0,0,0.011941849
20796,7077.551712,1,0,1,0,0,0,0.01199311
20798,7077.585056,1,0,1,0,0,0,0.011969049
20800,7077.618368,1,0,1,0,0,0,0.011929296
20802,7077.651712,1,0,1,0,0,0,0.011970792
20804,7077.685056,1,0,1,0,0,0,0.011969746
20806,7077.718368,1,0,1,0,0,0,0.011963469
20808,7077.751712,1,0,1,0,0,0,0.011962075
20810,7077.785056,1,0,1,0,0,0,0.011940455
20812,7077.818368,1,0,1,0,0,0,0.011871062
20814,7077.851712,1,0,1,0,0,0,0.011946383
20816,7077.885024,1,0,1,0,0,0,0.011951265
20818,7077.918368,1,0,1,0,0,0,0.012004966
20820,7077.951712,1,0,1,0,0,0,0.011945685
20822,7077.985024,1,0,1,0,0,0,0.011992412
20824,7078.018368,1,0,1,0,0,0,0.011990669
20826,7078.05168,1,0,1,0,0,0,0.011946731
20828,7078.085024,1,0,1,0,0,0,0.011932086
20830,7078.118368,1,0,1,0,0,0,0.011919183
20832,7078.15168,1,0,1,0,0,0,0.011901051
20834,7078.185024,1,0,1,0,0,0,0.011882918
20836,7078.218368,1,0,1,0,0,0,0.011873503
20838,7078.25168,1,0,1,0,0,0,0.011851534
20840,7078.285024,1,0,1,0,0,0,0.011860252
20842,7078.318368,1,0,1,0,0,0,0.01185816
20844,7078.35168,1,0,1,0,0,0,0.011869667
20846,7078.385024,1,0,1,0,0,0,0.011866877
20848,7078.418336,1,0,1,0,0,0,0.011900353
20850,7078.45168,1,0,1,0,0,0,0.011870364
20852,7078.485024,1,0,1,0,0,0,0.011897912
20854,7078.518336,1,0,1,0,0,0,0.011868272
20856,7078.55168,1,0,1,0,0,0,0.011898261
20858,7078.585024,1,0,1,0,0,0,0.011886056
20860,7078.618336,1,0,1,0,0,0,0.011915696
20862,7078.65168,1,0,1,0,0,0,0.011879431
20864,7078.684992,1,0,1,0,0,0,0.011876641
20866,7078.718336,1,0,1,0,0,0,0.011830612
20868,7078.75168,1,0,1,0,0,0,0.011890589
20870,7078.784992,1,0,1,0,0,0,0.01185258
20872,7078.818336,1,0,1,0,0,0,0.011853626
20874,7078.85168,1,0,1,0,0,0,0.011908374
20876,7078.884992,1,0,1,0,0,0,0.01189861
20878,7078.918336,1,0,1,0,0,0,0.011909768
20880,7078.951648,1,0,1,0,0,0,0.011867575
20882,7078.984992,1,0,1,0,0,0,0.0118742
20884,7079.018336,1,0,1,0,0,0,0.01186897
20886,7079.051648,1,0,1,0,0,0,0.011883267
20888,7079.084992,1,0,1,0,0,0,0.011852232
20890,7079.118304,1,0,1,0,0,0,0.011861995
20892,7079.151648,1,0,1,0,0,0,0.011894774
20894,7079.184992,1,0,1,0,0,0,0.011879431
20896,7079.218336,1,0,1,0,0,0,0.011887451
20898,7079.251648,1,0,1,0,0,0,0.011873503
20900,7079.284992,1,0,1,0,0,0,0.011926506
20902,7079.318304,1,0,1,0,0,0,0.01187699
20904,7079.351648,1,0,1,0,0,0,0.011859554
20906,7079.38496,1,0,1,0,0,0,0.011890938
20908,7079.418304,1,0,1,0,0,0,0.011888846
20910,7079.451648,1,0,1,0,0,0,0.011866529
20912,7079.48496,1,0,1,0,0,0,0.011878385
20914,7079.518304,1,0,1,0,0,0,0.011913604
20916,7079.551648,1,0,1,0,0,0,0.011930342
20918,7079.58496,1,0,1,0,0,0,0.011930691
20920,7079.618304,1,0,1,0,0,0,0.011907327
20922,7079.651648,1,0,1,0,0,0,0.011888846
20924,7079.68496,1,0,1,0,0,0,0.011878733
20926,7079.718304,1,0,1,0,0,0,0.011885708
20928,7079.751616,1,0,1,0,0,0,0.011973931
20930,7079.78496,1,0,1,0,0,0,0.01191744
20932,7079.818304,1,0,1,0,0,0,0.011889195
20934,7079.851616,1,0,1,0,0,0,0.0119551
20936,7079.88496,1,0,1,0,0,0,0.01189861
20938,7079.918304,1,0,1,0,0,0,0.01197149
20940,7079.951616,1,0,1,0,0,0,0.011931388
20942,7079.98496,1,0,1,0,0,0,0.011936968
20944,7080.018272,1,0,1,0,0,0,0.011954752
20946,7080.051616,1,0,1,0,0,0,0.011966608
20948,7080.08496,1,0,1,0,0,0,0.011886405
20950,7080.118272,1,0,1,0,0,0,0.011954752
20952,7080.151616,1,0,1,0,0,0,0.011959634
20954,7080.18496,1,0,1,0,0,0,0.01189861
20956,7080.218272,1,0,1,0,0,0,0.011962423
20958,7080.251616,1,0,1,0,0,0,0.011930691
20960,7080.284928,1,0,1,0,0,0,0.01193104
20962,7080.318272,1,0,1,0,0,0,0.011947778
20964,7080.351616,1,0,1,0,0,0,0.011929993
20966,7080.384928,1,0,1,0,0,0,0.01190384
20968,7080.418272,1,0,1,0,0,0,0.01193348
20970,7080.451616,1,0,1,0,0,0,0.011942198
20972,7080.484928,1,0,1,0,0,0,0.011957541
20974,7080.518272,1,0,1,0,0,0,0.011918835
20976,7080.551584,1,0,1,0,0,0,0.011951265
20978,7080.584928,1,0,1,0,0,0,0.01190663
20980,7080.618272,1,0,1,0,0,0,0.01190663
20982,7080.651584,1,0,1,0,0,0,0.011958239
20984,7080.684928,1,0,1,0,0,0,0.011901051
20986,7080.71824,1,0,1,0,0,0,0.011912558
20988,7080.751584,1,0,1,0,0,0,0.01190663
20990,7080.784928,1,0,1,0,0,0,0.011904189
20992,7080.81824,1,0,1,0,0,0,0.011924763
20994,7080.851584,1,0,1,0,0,0,0.011916394
20996,7080.884928,1,0,1,0,0,0,0.011871062
20998,7080.91824,1,0,1,0,0,0,0.011904886
21000,7080.951584,1,0,1,0,0,0,0.011901748
21002,7080.984896,1,0,1,0,0,0,0.011905933
21004,7081.01824,1,0,1,0,0,0,0.01187141
21006,7081.051584,1,0,1,0,0,0,0.011899307
21008,7081.084896,1,0,1,0,0,0,0.011840375
21010,7081.11824,1,0,1,0,0,0,0.011868272
21012,7081.151584,1,0,1,0,0,0,0.011903492
21014,7081.184896,1,0,1,0,0,0,0.011877339
21016,7081.21824,1,0,1,0,0,0,0.01193627
21018,7081.251552,1,0,1,0,0,0,0.01186897
21020,7081.284896,1,0,1,0,0,0,0.011873154
21022,7081.31824,1,0,1,0,0,0,0.01190384
21024,7081.351552,1,0,1,0,0,0,0.011885359
21026,7081.384896,1,0,1,0,0,0,0.011927204
21028,7081.41824,1,0,1,0,0,0,0.011883615
21030,7081.451552,1,0,1,0,0,0,0.01186897
21032,7081.484896,1,0,1,0,0,0,0.01187141
21034,7081.51824,1,0,1,0,0,0,0.011887102
21036,7081.551552,1,0,1,0,0,0,0.011897564
21038,7081.584896,1,0,1,0,0,0,0.011901051
21040,7081.618208,1,0,1,0,0,0,0.011908722
21042,7081.651552,1,0,1,0,0,0,0.011871062
21044,7081.684896,1,0,1,0,0,0,0.011902097
21046,7081.718208,1,0,1,0,0,0,0.011852232
21048,7081.751552,1,0,1,0,0,0,0.011878036
21050,7081.784896,1,0,1,0,0,0,0.011882918
21052,7081.818208,1,0,1,0,0,0,0.011839678
21054,7081.851552,1,0,1,0,0,0,0.011895471
21056,7081.884864,1,0,1,0,0,0,0.011906281
21058,7081.918208,1,0,1,0,0,0,0.011878733
21060,7081.951552,1,0,1,0,0,0,0.011918835
21062,7081.984864,1,0,1,0,0,0,0.01191465
21064,7082.018208,1,0,1,0,0,0,0.011913953
21066,7082.05152,1,0,1,0,0,0,0.011897215
21068,7082.084864,1,0,1,0,0,0,0.011923717
21070,7082.118208,1,0,1,0,0,0,0.011934527
21072,7082.15152,1,0,1,0,0,0,0.011861647
21074,7082.184864,1,0,1,0,0,0,0.011869667
21076,7082.218208,1,0,1,0,0,0,0.011911512
21078,7082.25152,1,0,1,0,0,0,0.011923019
21080,7082.284864,1,0,1,0,0,0,0.011910814
21082,7082.318208,1,0,1,0,0,0,0.011905584
21084,7082.35152,1,0,1,0,0,0,0.011913953
21086,7082.384864,1,0,1,0,0,0,0.011911163
21088,7082.418176,1,0,1,0,0,0,0.011891636
21090,7082.45152,1,0,1,0,0,0,0.011977069
21092,7082.484864,1,0,1,0,0,0,0.011902794
21094,7082.518176,1,0,1,0,0,0,0.011927901
21096,7082.55152,1,0,1,0,0,0,0.011942896
21098,7082.584832,1,0,1,0,0,0,0.011891287
21100,7082.618176,1,0,1,0,0,0,0.01189303
21102,7082.65152,1,0,1,0,0,0,0.011889892
21104,7082.684832,1,0,1,0,0,0,0.011881523
21106,7082.718176,1,0,1,0,0,0,0.011953008
21108,7082.75152,1,0,1,0,0,0,0.011882918
21110,7082.784832,1,0,1,0,0,0,0.011893379
21112,7082.818176,1,0,1,0,0,0,0.011883267
21114,7082.851488,1,0,1,0,0,0,0.011880128
21116,7082.884832,1,0,1,0,0,0,0.011911861
21118,7082.918176,1,0,1,0,0,0,0.011875246
21120,7082.951488,1,0,1,0,0,0,0.011917789
21122,7082.984832,1,0,1,0,0,0,0.011888497
21124,7083.018176,1,0,1,0,0,0,0.0118878
21126,7083.051488,1,0,1,0,0,0,0.011925111
21128,7083.084832,1,0,1,0,0,0,0.011897215
21130,7083.118144,1,0,1,0,0,0,0.011924763
21132,7083.151488,1,0,1,0,0,0,0.011862344
21134,7083.184832,1,0,1,0,0,0,0.011874549
21136,7083.218144,1,0,1,0,0,0,0.011889195
21138,7083.251488,1,0,1,0,0,0,0.011875246
21140,7083.284832,1,0,1,0,0,0,0.011941849
21142,7083.318144,1,0,1,0,0,0,0.011919183
21144,7083.351488,1,0,1,0,0,0,0.011894774
21146,7083.384832,1,0,1,0,0,0,0.011917789
21148,7083.418144,1,0,1,0,0,0,0.011907327
21150,7083.451488,1,0,1,0,0,0,0.011871062
21152,7083.4848,1,0,1,0,0,0,0.011878733
21154,7083.518144,1,0,1,0,0,0,0.011956495
21156,7083.551488,1,0,1,0,0,0,0.011891984
21158,7083.5848,1,0,1,0,0,0,0.01188501
21160,7083.618144,1,0,1,0,0,0,0.011861298
21162,7083.651488,1,0,1,0,0,0,0.011900005
21164,7083.6848,1,0,1,0,0,0,0.011902097
21166,7083.718144,1,0,1,0,0,0,0.011876641
21168,7083.751488,1,0,1,0,0,0,0.01187699
21170,7083.7848,1,0,1,0,0,0,0.01186897
21172,7083.818144,1,0,1,0,0,0,0.011852929
21174,7083.851488,1,0,1,0,0,0,0.011899307
21176,7083.8848,1,0,1,0,0,0,0.011888497
21178,7083.918144,1,0,1,0,0,0,0.011879779
21180,7083.951488,1,0,1,0,0,0,0.011918486
21182,7083.9848,1,0,1,0,0,0,0.0118878
21184,7084.018112,1,0,1,0,0,0,0.011865482
21186,7084.051488,1,0,1,0,0,0,0.011876641
21188,7084.0848,1,0,1,0,0,0,0.011912907
21190,7084.118112,1,0,1,0,0,0,0.011855021
21192,7084.151488,1,0,1,0,0,0,0.01188222
21194,7084.184768,1,0,1,0,0,0,0.011837935
21196,7084.218112,1,0,1,0,0,0,0.011857462
21198,7084.251488,1,0,1,0,0,0,0.011889543
21200,7084.284768,1,0,1,0,0,0,0.011872108
21202,7084.318112,1,0,1,0,0,0,0.011880128
21204,7084.351488,1,0,1,0,0,0,0.011805156
21206,7084.384768,1,0,1,0,0,0,0.011871062
21208,7084.418112,1,0,1,0,0,0,0.011844909
21210,7084.451488,1,0,1,0,0,0,0.011838283
21212,7084.484768,1,0,1,0,0,0,0.011855719
21214,7084.518112,1,0,1,0,0,0,0.011859554
21216,7084.551488,1,0,1,0,0,0,0.01188222
21218,7084.584768,1,0,1,0,0,0,0.011881174
21220,7084.618112,1,0,1,0,0,0,0.011926158
21222,7084.651488,1,0,1,0,0,0,0.011891984
21224,7084.684768,1,0,1,0,0,0,0.01186897
21226,7084.71808,1,0,1,0,0,0,0.011893728
21228,7084.751488,1,0,1,0,0,0,0.011887102
21230,7084.784768,1,0,1,0,0,0,0.011941501
21232,7084.81808,1,0,1,0,0,0,0.01190384
21234,7084.851488,1,0,1,0,0,0,0.011926506
21236,7084.884768,1,0,1,0,0,0,0.011938362
21238,7084.91808,1,0,1,0,0,0,0.011904886
21240,7084.951488,1,0,1,0,0,0,0.011913604
21242,7084.984768,1,0,1,0,0,0,0.011923368
21244,7085.01808,1,0,1,0,0,0,0.011924414
21246,7085.051424,1,0,1,0,0,0,0.011917789
21248,7085.084736,1,0,1,0,0,0,0.011915348
21250,7085.11808,1,0,1,0,0,0,0.011902445
21252,7085.151424,1,0,1,0,0,0,0.011905933
21254,7085.184736,1,0,1,0,0,0,0.011879431
21256,7085.21808,1,0,1,0,0,0,0.01189582
21258,7085.251424,1,0,1,0,0,0,0.011850139
21260,7085.284736,1,0,1,0,0,0,0.011878036
21262,7085.31808,1,0,1,0,0,0,0.011852232
21264,7085.351392,1,0,1,0,0,0,0.0118069
21266,7085.384736,1,0,1,0,0,0,0.011873503
21268,7085.41808,1,0,1,0,0,0,0.011845955
21270,7085.451392,1,0,1,0,0,0,0.011800623
21272,7085.484736,1,0,1,0,0,0,0.011812828
21274,7085.51808,1,0,1,0,0,0,0.011788069
21276,7085.551392,1,0,1,0,0,0,0.011799925
21278,7085.584736,1,0,1,0,0,0,0.01181213
21280,7085.618048,1,0,1,0,0,0,0.011837237
21282,7085.651392,1,0,1,0,0,0,0.011819453
21284,7085.684736,1,0,1,0,0,0,0.011807946
21286,7085.718048,1,0,1,0,0,0,0.011784582
21288,7085.751392,1,0,1,0,0,0,0.011800623
21290,7085.784736,1,0,1,0,0,0,0.011787023
21292,7085.818048,1,0,1,0,0,0,0.011820499
21294,7085.851392,1,0,1,0,0,0,0.011753547
21296,7085.884704,1,0,1,0,0,0,0.011806202
21298,7085.918048,1,0,1,0,0,0,0.011780398
21300,7085.951392,1,0,1,0,0,0,0.011760173
21302,7085.984704,1,0,1,0,0,0,0.011770634
21304,7086.018048,1,0,1,0,0,0,0.011748317
21306,7086.05136,1,0,1,0,0,0,0.011739599
21308,7086.084704,1,0,1,0,0,0,0.011795741
21310,7086.118048,1,0,1,0,0,0,0.011789464
21312,7086.15136,1,0,1,0,0,0,0.011793649
21314,7086.184704,1,0,1,0,0,0,0.011753199
21316,7086.218048,1,0,1,0,0,0,0.011768542
21318,7086.25136,1,0,1,0,0,0,0.011822243
21320,7086.284704,1,0,1,0,0,0,0.011806202
21322,7086.318016,1,0,1,0,0,0,0.011779003
21324,7086.35136,1,0,1,0,0,0,0.011774818
21326,7086.384704,1,0,1,0,0,0,0.011792603
21328,7086.418016,1,0,1,0,0,0,0.01178528
21330,7086.45136,1,0,1,0,0,0,0.011822591
21332,7086.484704,1,0,1,0,0,0,0.011800623
21334,7086.518016,1,0,1,0,0,0,0.011784931
21336,7086.55136,1,0,1,0,0,0,0.011819104
21338,7086.584704,1,0,1,0,0,0,0.011832704
21340,7086.618016,1,0,1,0,0,0,0.01185816
21342,7086.65136,1,0,1,0,0,0,0.011851883
21344,7086.684672,1,0,1,0,0,0,0.01185258
21346,7086.718016,1,0,1,0,0,0,0.011891636
21348,7086.75136,1,0,1,0,0,0,0.011845257
21350,7086.784672,1,0,1,0,0,0,0.011827125
21352,7086.818016,1,0,1,0,0,0,0.011864436
21354,7086.85136,1,0,1,0,0,0,0.011830612
21356,7086.884672,1,0,1,0,0,0,0.011818756
21358,7086.918016,1,0,1,0,0,0,0.011896169
21360,7086.951328,1,0,1,0,0,0,0.011875246
21362,7086.984672,1,0,1,0,0,0,0.011846304
21364,7087.018016,1,0,1,0,0,0,0.0118742
21366,7087.051328,1,0,1,0,0,0,0.011868621
21368,7087.084672,1,0,1,0,0,0,0.011853278
21370,7087.118016,1,0,1,0,0,0,0.011868621
21372,7087.151328,1,0,1,0,0,0,0.011870364
21374,7087.184672,1,0,1,0,0,0,0.011879779
21376,7087.217984,1,0,1,0,0,0,0.011815617
21378,7087.251328,1,0,1,0,0,0,0.011895123
21380,7087.284672,1,0,1,0,0,0,0.01184456
21382,7087.317984,1,0,1,0,0,0,0.011815966
21384,7087.351328,1,0,1,0,0,0,0.011865134
21386,7087.384672,1,0,1,0,0,0,0.011878036
21388,7087.417984,1,0,1,0,0,0,0.011853278
21390,7087.451328,1,0,1,0,0,0,0.011887102
21392,7087.48464,1,0,1,0,0,0,0.0118878
21394,7087.517984,1,0,1,0,0,0,0.011907676
21396,7087.551328,1,0,1,0,0,0,0.01188501
21398,7087.58464,1,0,1,0,0,0,0.011899307
21400,7087.617984,1,0,1,0,0,0,0.011893728
21402,7087.651296,1,0,1,0,0,0,0.011890241
21404,7087.68464,1,0,1,0,0,0,0.011900702
21406,7087.717984,1,0,1,0,0,0,0.011848744
21408,7087.751296,1,0,1,0,0,0,0.011878036
21410,7087.78464,1,0,1,0,0,0,0.011872457
21412,7087.817984,1,0,1,0,0,0,0.011842468
21414,7087.851296,1,0,1,0,0,0,0.011873154
21416,7087.88464,1,0,1,0,0,0,0.011880128
21418,7087.917952,1,0,1,0,0,0,0.011874898
21420,7087.951296,1,0,1,0,0,0,0.01183654
21422,7087.98464,1,0,1,0,0,0,0.011857113
21424,7088.017952,1,0,1,0,0,0,0.011894774
21426,7088.051296,1,0,1,0,0,0,0.011900005
21428,7088.08464,1,0,1,0,0,0,0.011881174
21430,7088.117952,1,0,1,0,0,0,0.011901748
21432,7088.151296,1,0,1,0,0,0,0.011912907
21434,7088.18464,1,0,1,0,0,0,0.011978464
21436,7088.217952,1,0,1,0,0,0,0.011876292
21438,7088.251296,1,0,1,0,0,0,0.011908722
21440,7088.284608,1,0,1,0,0,0,0.011861995
21442,7088.317952,1,0,1,0,0,0,0.011885708
21444,7088.351296,1,0,1,0,0,0,0.011860601
21446,7088.384608,1,0,1,0,0,0,0.011895471
21448,7088.417952,1,0,1,0,0,0,0.011857462
21450,7088.451296,1,0,1,0,0,0,0.011864785
21452,7088.484608,1,0,1,0,0,0,0.011864436
21454,7088.517952,1,0,1,0,0,0,0.011862693
21456,7088.551264,1,0,1,0,0,0,0.011850139
21458,7088.584608,1,0,1,0,0,0,0.011827822
21460,7088.617952,1,0,1,0,0,0,0.011858508
21462,7088.651264,1,0,1,0,0,0,0.011830612
21464,7088.684608,1,0,1,0,0,0,0.011822591
21466,7088.717952,1,0,1,0,0,0,0.011850139
21468,7088.751264,1,0,1,0,0,0,0.011842119
21470,7088.784608,1,0,1,0,0,0,0.011840027
21472,7088.817952,1,0,1,0,0,0,0.011798879
21474,7088.851264,1,0,1,0,0,0,0.011876641
21476,7088.884608,1,0,1,0,0,0,0.011804807
21478,7088.91792,1,0,1,0,0,0,0.011843165
21480,7088.951264,1,0,1,0,0,0,0.011861995
21482,7088.984576,1,0,1,0,0,0,0.011841422
21484,7089.01792,1,0,1,0,0,0,0.011812828
21486,7089.051264,1,0,1,0,0,0,0.011834447
21488,7089.084576,1,0,1,0,0,0,0.011823638
21490,7089.11792,1,0,1,0,0,0,0.011838981
21492,7089.151264,1,0,1,0,0,0,0.01182294
21494,7089.184576,1,0,1,0,0,0,0.011845606
21496,7089.21792,1,0,1,0,0,0,0.011767147
21498,7089.251232,1,0,1,0,0,0,0.011816663
21500,7089.284576,1,0,1,0,0,0,0.011815617
21502,7089.31792,1,0,1,0,0,0,0.011781444
21504,7089.351232,1,0,1,0,0,0,0.011802366
21506,7089.384576,1,0,1,0,0,0,0.011795043
21508,7089.41792,1,0,1,0,0,0,0.011808294
21510,7089.451232,1,0,1,0,0,0,0.011761219
21512,7089.484576,1,0,1,0,0,0,0.011783885
21514,7089.51792,1,0,1,0,0,0,0.011796787
21516,7089.551232,1,0,1,0,0,0,0.011774818
21518,7089.584576,1,0,1,0,0,0,0.01181492
21520,7089.617888,1,0,1,0,0,0,0.011798531
21522,7089.651232,1,0,1,0,0,0,0.01182573
21524,7089.684576,1,0,1,0,0,0,0.011799577
21526,7089.717888,1,0,1,0,0,0,0.011790162
21528,7089.751232,1,0,1,0,0,0,0.01181213
21530,7089.784576,1,0,1,0,0,0,0.011791905
21532,7089.817888,1,0,1,0,0,0,0.011832006
21534,7089.851232,1,0,1,0,0,0,0.011775516
21536,7089.884544,1,0,1,0,0,0,0.01181492
21538,7089.917888,1,0,1,0,0,0,0.011799925
21540,7089.951232,1,0,1,0,0,0,0.011811084
21542,7089.984544,1,0,1,0,0,0,0.011797136
21544,7090.017888,1,0,1,0,0,0,0.011792254
21546,7090.051232,1,0,1,0,0,0,0.011794695
21548,7090.084544,1,0,1,0,0,0,0.01179051
21550,7090.117888,1,0,1,0,0,0,0.011838981
21552,7090.1512,1,0,1,0,0,0,0.011845955
21554,7090.184544,1,0,1,0,0,0,0.011811084
21556,7090.217888,1,0,1,0,0,0,0.011853975
21558,7090.2512,1,0,1,0,0,0,0.011803761
21560,7090.284544,1,0,1,0,0,0,0.011848396
21562,7090.317888,1,0,1,0,0,0,0.011827473
21564,7090.3512,1,0,1,0,0,0,0.011857113
21566,7090.384544,1,0,1,0,0,0,0.011790162
21568,7090.417856,1,0,1,0,0,0,0.011883615
21570,7090.4512,1,0,1,0,0,0,0.011780746
21572,7090.484544,1,0,1,0,0,0,0.011815269
21574,7090.517856,1,0,1,0,0,0,0.011807248
21576,7090.5512,1,0,1,0,0,0,0.011797136
21578,7090.584512,1,0,1,0,0,0,0.011805505
21580,7090.617856,1,0,1,0,0,0,0.01179609
21582,7090.6512,1,0,1,0,0,0,0.011800972
21584,7090.684512,1,0,1,0,0,0,0.011769239
21586,7090.717856,1,0,1,0,0,0,0.011765752
21588,7090.7512,1,0,1,0,0,0,0.0117933
21590,7090.784512,1,0,1,0,0,0,0.011760521
21592,7090.817856,1,0,1,0,0,0,0.011790162
21594,7090.851168,1,0,1,0,0,0,0.011789813
21596,7090.884512,1,0,1,0,0,0,0.011826776
21598,7090.917856,1,0,1,0,0,0,0.011775167
21600,7090.951168,1,0,1,0,0,0,0.011810387
21602,7090.984512,1,0,1,0,0,0,0.011777957
21604,7091.017856,1,0,1,0,0,0,0.011804459
21606,7091.051168,1,0,1,0,0,0,0.011776213
21608,7091.084512,1,0,1,0,0,0,0.01180132
21610,7091.117856,1,0,1,0,0,0,0.011789813
21612,7091.151168,1,0,1,0,0,0,0.011784582
21614,7091.184512,1,0,1,0,0,0,0.011776911
21616,7091.217824,1,0,1,0,0,0,0.011744481
21618,7091.251168,1,0,1,0,0,0,0.011731927
21620,7091.284512,1,0,1,0,0,0,0.011776911
21622,7091.317824,1,0,1,0,0,0,0.011736809
21624,7091.351168,1,0,1,0,0,0,0.011740645
21626,7091.384512,1,0,1,0,0,0,0.01173925
21628,7091.417824,1,0,1,0,0,0,0.011736809
21630,7091.451168,1,0,1,0,0,0,0.011755639
21632,7091.48448,1,0,1,0,0,0,0.011759475
21634,7091.517824,1,0,1,0,0,0,0.011732276
21636,7091.551168,1,0,1,0,0,0,0.01174204
21638,7091.58448,1,0,1,0,0,0,0.01174204
21640,7091.617824,1,0,1,0,0,0,0.011753199
21642,7091.651168,1,0,1,0,0,0,0.011711702
21644,7091.68448,1,0,1,0,0,0,0.011700892
21646,7091.717824,1,0,1,0,0,0,0.011701241
21648,7091.751136,1,0,1,0,0,0,0.011770634
21650,7091.78448,1,0,1,0,0,0,0.011732973
21652,7091.817792,1,0,1,0,0,0,0.011756686
21654,7091.851136,1,0,1,0,0,0,0.011713097
21656,7091.88448,1,0,1,0,0,0,0.011706472
21658,7091.917824,1,0,1,0,0,0,0.011715189
21660,7091.951136,1,0,1,0,0,0,0.01174204
21662,7091.98448,1,0,1,0,0,0,0.011740994
21664,7092.017792,1,0,1,0,0,0,0.011750409
21666,7092.051136,1,0,1,0,0,0,0.011713097
21668,7092.08448,1,0,1,0,0,0,0.011725999
21670,7092.117792,1,0,1,0,0,0,0.011703333
21672,7092.151136,1,0,1,0,0,0,0.011710307
21674,7092.184448,1,0,1,0,0,0,0.011713446
21676,7092.217792,1,0,1,0,0,0,0.011692872
21678,7092.251136,1,0,1,0,0,0,0.011761568
21680,7092.284448,1,0,1,0,0,0,0.011736112
21682,7092.317792,1,0,1,0,0,0,0.011806202
21684,7092.351136,1,0,1,0,0,0,0.01180411
21686,7092.384448,1,0,1,0,0,0,0.011766798
21688,7092.417792,1,0,1,0,0,0,0.011800972
21690,7092.451104,1,0,1,0,0,0,0.011767147
21692,7092.484448,1,0,1,0,0,0,0.011781444
21694,7092.517792,1,0,1,0,0,0,0.011717282
21696,7092.551104,1,0,1,0,0,0,0.011779003
21698,7092.584448,1,0,1,0,0,0,0.011770634
21700,7092.617792,1,0,1,0,0,0,0.011817709
21702,7092.651104,1,0,1,0,0,0,0.011800623
21704,7092.684448,1,0,1,0,0,0,0.011789813
21706,7092.71776,1,0,1,0,0,0,0.011889195
21708,7092.751104,1,0,1,0,0,0,0.011888148
21710,7092.784448,1,0,1,0,0,0,0.011827822
21712,7092.81776,1,0,1,0,0,0,0.011837586
21714,7092.851104,1,0,1,0,0,0,0.011815617
21716,7092.884448,1,0,1,0,0,0,0.011849093
21718,7092.91776,1,0,1,0,0,0,0.011816315
21720,7092.951104,1,0,1,0,0,0,0.011830612
21722,7092.984448,1,0,1,0,0,0,0.011823638
21724,7093.01776,1,0,1,0,0,0,0.01180132
21726,7093.051104,1,0,1,0,0,0,0.011826427
21728,7093.084416,1,0,1,0,0,0,0.011849093
21730,7093.11776,1,0,1,0,0,0,0.011829566
21732,7093.151104,1,0,1,0,0,0,0.011829566
21734,7093.184416,1,0,1,0,0,0,0.011878733
21736,7093.21776,1,0,1,0,0,0,0.01184177
21738,7093.251104,1,0,1,0,0,0,0.011872805
21740,7093.284416,1,0,1,0,0,0,0.011882918
21742,7093.31776,1,0,1,0,0,0,0.011900005
21744,7093.351072,1,0,1,0,0,0,0.0118878
21746,7093.384416,1,0,1,0,0,0,0.011851185
21748,7093.41776,1,0,1,0,0,0,0.011919532
21750,7093.451072,1,0,1,0,0,0,0.011897912
21752,7093.484416,1,0,1,0,0,0,0.011933132
21754,7093.51776,1,0,1,0,0,0,0.011882569
21756,7093.551072,1,0,1,0,0,0,0.011889892
21758,7093.584416,1,0,1,0,0,0,0.011861647
21760,7093.617728,1,0,1,0,0,0,0.011871759
21762,7093.651072,1,0,1,0,0,0,0.011906979
21764,7093.684416,1,0,1,0,0,0,0.011827125
21766,7093.717728,1,0,1,0,0,0,0.011883615
21768,7093.751072,1,0,1,0,0,0,0.011848047
21770,7093.784384,1,0,1,0,0,0,0.011850488
21772,7093.817728,1,0,1,0,0,0,0.011835842
21774,7093.851072,1,0,1,0,0,0,0.011815617
21776,7093.884384,1,0,1,0,0,0,0.011874549
21778,7093.917728,1,0,1,0,0,0,0.011878036
21780,7093.951072,1,0,1,0,0,0,0.011879082
21782,7093.984384,1,0,1,0,0,0,0.011856416
21784,7094.017728,1,0,1,0,0,0,0.011851185
21786,7094.05104,1,0,1,0,0,0,0.011883615
21788,7094.084384,1,0,1,0,0,0,0.01184456
21790,7094.117728,1,0,1,0,0,0,0.011917789
21792,7094.15104,1,0,1,0,0,0,0.011835145
21794,7094.184384,1,0,1,0,0,0,0.011875595
21796,7094.217728,1,0,1,0,0,0,0.011840027
21798,7094.25104,1,0,1,0,0,0,0.011859554
21800,7094.284384,1,0,1,0,0,0,0.011831658
21802,7094.317728,1,0,1,0,0,0,0.01182294
21804,7094.35104,1,0,1,0,0,0,0.011870016
21806,7094.384384,1,0,1,0,0,0,0.011859903
21808,7094.417696,1,0,1,0,0,0,0.011852232
21810,7094.45104,1,0,1,0,0,0,0.011856765
21812,7094.484384,1,0,1,0,0,0,0.011837237
21814,7094.517696,1,0,1,0,0,0,0.011868272
21816,7094.55104,1,0,1,0,0,0,0.011883964
21818,7094.584384,1,0,1,0,0,0,0.011876641
21820,7094.617696,1,0,1,0,0,0,0.01186618
21822,7094.65104,1,0,1,0,0,0,0.01184177
21824,7094.684352,1,0,1,0,0,0,0.011848396
21826,7094.717696,1,0,1,0,0,0,0.011860252
21828,7094.75104,1,0,1,0,0,0,0.011825032
21830,7094.784352,1,0,1,0,0,0,0.011902097
21832,7094.817696,1,0,1,0,0,0,0.011813874
21834,7094.85104,1,0,1,0,0,0,0.011848744
21836,7094.884352,1,0,1,0,0,0,0.011789115
21838,7094.917696,1,0,1,0,0,0,0.011849791
21840,7094.951008,1,0,1,0,0,0,0.011842119
21842,7094.984352,1,0,1,0,0,0,0.011834796
21844,7095.017696,1,0,1,0,0,0,0.011878036
21846,7095.051008,1,0,1,0,0,0,0.011865482
21848,7095.084352,1,0,1,0,0,0,0.011926158
21850,7095.117696,1,0,1,0,0,0,0.011861298
21852,7095.151008,1,0,1,0,0,0,0.011894774
21854,7095.184352,1,0,1,0,0,0,0.011886405
21856,7095.217664,1,0,1,0,0,0,0.011865831
21858,7095.251008,1,0,1,0,0,0,0.0118878
21860,7095.284352,1,0,1,0,0,0,0.011885708
21862,7095.317664,1,0,1,0,0,0,0.011868272
21864,7095.351008,1,0,1,0,0,0,0.011857113
21866,7095.38432,1,0,1,0,0,0,0.011890241
21868,7095.417664,1,0,1,0,0,0,0.011892333
21870,7095.451008,1,0,1,0,0,0,0.0118878
21872,7095.48432,1,0,1,0,0,0,0.011919183
21874,7095.517664,1,0,1,0,0,0,0.011864785
21876,7095.551008,1,0,1,0,0,0,0.011877339
21878,7095.58432,1,0,1,0,0,0,0.011876292
21880,7095.617664,1,0,1,0,0,0,0.011788767
21882,7095.650976,1,0,1,0,0,0,0.011842816
21884,7095.68432,1,0,1,0,0,0,0.011853278
21886,7095.717664,1,0,1,0,0,0,0.011823986
21888,7095.750976,1,0,1,0,0,0,0.011868272
21890,7095.78432,1,0,1,0,0,0,0.011842816
21892,7095.817664,1,0,1,0,0,0,0.01183654
21894,7095.850976,1,0,1,0,0,0,0.011810387
21896,7095.88432,1,0,1,0,0,0,0.011851185
21898,7095.917632,1,0,1,0,0,0,0.01183096
21900,7095.950976,1,0,1,0,0,0,0.011846652
21902,7095.98432,1,0,1,0,0,0,0.011849442
21904,7096.017632,1,0,1,0,0,0,0.011834447
21906,7096.050976,1,0,1,0,0,0,0.011861995
21908,7096.08432,1,0,1,0,0,0,0.011874549
21910,7096.117632,1,0,1,0,0,0,0.011835842
21912,7096.150976,1,0,1,0,0,0,0.01184456
21914,7096.18432,1,0,1,0,0,0,0.011799577
21916,7096.217632,1,0,1,0,0,0,0.011826776
21918,7096.250976,1,0,1,0,0,0,0.011788069
21920,7096.284288,1,0,1,0,0,0,0.011770634
21922,7096.317632,1,0,1,0,0,0,0.011761219
21924,7096.350976,1,0,1,0,0,0,0.011757034
21926,7096.384288,1,0,1,0,0,0,0.011837237
21928,7096.417632,1,0,1,0,0,0,0.01179051
21930,7096.450976,1,0,1,0,0,0,0.011809689
21932,7096.484288,1,0,1,0,0,0,0.011805156
21934,7096.517632,1,0,1,0,0,0,0.011801669
21936,7096.550944,1,0,1,0,0,0,0.011787023
21938,7096.584288,1,0,1,0,0,0,0.011813176
21940,7096.6176,1,0,1,0,0,0,0.011773424
21942,7096.650944,1,0,1,0,0,0,0.011815269
21944,7096.684288,1,0,1,0,0,0,0.01181492
21946,7096.7176,1,0,1,0,0,0,0.011817709
21948,7096.750944,1,0,1,0,0,0,0.011772726
21950,7096.784288,1,0,1,0,0,0,0.01176889
21952,7096.8176,1,0,1,0,0,0,0.011810038
21954,7096.850944,1,0,1,0,0,0,0.011830612
21956,7096.884288,1,0,1,0,0,0,0.011838981
21958,7096.9176,1,0,1,0,0,0,0.011791208
21960,7096.950944,1,0,1,0,0,0,0.011786326
21962,7096.984256,1,0,1,0,0,0,0.011764357
21964,7097.0176,1,0,1,0,0,0,0.011783885
21966,7097.050944,1,0,1,0,0,0,0.011748665
21968,7097.084256,1,0,1,0,0,0,0.011764706
21970,7097.1176,1,0,1,0,0,0,0.0118069
21972,7097.150944,1,0,1,0,0,0,0.011758778
21974,7097.184256,1,0,1,0,0,0,0.011789813
21976,7097.2176,1,0,1,0,0,0,0.011783885
21978,7097.250944,1,0,1,0,0,0,0.011754245
21980,7097.284256,1,0,1,0,0,0,0.011768193
21982,7097.3176,1,0,1,0,0,0,0.01174727
21984,7097.350944,1,0,1,0,0,0,0.011752501
21986,7097.384256,1,0,1,0,0,0,0.011738553
21988,7097.4176,1,0,1,0,0,0,0.011689036
21990,7097.450912,1,0,1,0,0,0,0.01172844
21992,7097.484256,1,0,1,0,0,0,0.011725302
21994,7097.5176,1,0,1,0,0,0,0.011710656
21996,7097.550912,1,0,1,0,0,0,0.011719025
21998,7097.584256,1,0,1,0,0,0,0.011756337
22000,7097.617568,1,0,1,0,0,0,0.011735414
22002,7097.650912,1,0,1,0,0,0,0.011735414
22004,7097.684256,1,0,1,0,0,0,0.011765403
22006,7097.717568,1,0,1,0,0,0,0.011751455
22008,7097.750912,1,0,1,0,0,0,0.011762614
22010,7097.784256,1,0,1,0,0,0,0.01181492
22012,7097.817568,1,0,1,0,0,0,0.011822243
22014,7097.850912,1,0,1,0,0,0,0.011817709
22016,7097.884224,1,0,1,0,0,0,0.011735763
22018,7097.917568,1,0,1,0,0,0,0.011726348
22020,7097.950912,1,0,1,0,0,0,0.011781444
22022,7097.984224,1,0,1,0,0,0,0.011784234
22024,7098.017568,1,0,1,0,0,0,0.011817361
22026,7098.050912,1,0,1,0,0,0,0.011841422
22028,7098.084224,1,0,1,0,0,0,0.011795043
22030,7098.117568,1,0,1,0,0,0,0.011781793
22032,7098.15088,1,0,1,0,0,0,0.011815966
22034,7098.184224,1,0,1,0,0,0,0.011813525
22036,7098.217568,1,0,1,0,0,0,0.011775516
22038,7098.25088,1,0,1,0,0,0,0.011778305
22040,7098.284224,1,0,1,0,0,0,0.011796787
22042,7098.317536,1,0,1,0,0,0,0.011788069
22044,7098.35088,1,0,1,0,0,0,0.011795741
22046,7098.384224,1,0,1,0,0,0,0.011778654
22048,7098.417536,1,0,1,0,0,0,0.011755988
22050,7098.45088,1,0,1,0,0,0,0.011796787
22052,7098.484224,1,0,1,0,0,0,0.011764008
22054,7098.517536,1,0,1,0,0,0,0.011786674
22056,7098.55088,1,0,1,0,0,0,0.01182015
22058,7098.584192,1,0,1,0,0,0,0.011802366
22060,7098.617536,1,0,1,0,0,0,0.011769239
22062,7098.65088,1,0,1,0,0,0,0.011762265
22064,7098.684192,1,0,1,0,0,0,0.011750758
22066,7098.717536,1,0,1,0,0,0,0.011781793
22068,7098.75088,1,0,1,0,0,0,0.011753199
22070,7098.784192,1,0,1,0,0,0,0.0117797
22072,7098.817536,1,0,1,0,0,0,0.011821545
22074,7098.85088,1,0,1,0,0,0,0.011805505
22076,7098.884192,1,0,1,0,0,0,0.011778654
22078,7098.917536,1,0,1,0,0,0,0.011739599
22080,7098.950848,1,0,1,0,0,0,0.011743783
22082,7098.984192,1,0,1,0,0,0,0.011752152
22084,7099.017536,1,0,1,0,0,0,0.011720769
22086,7099.050848,1,0,1,0,0,0,0.011724256
22088,7099.084192,1,0,1,0,0,0,0.011780746
22090,7099.117504,1,0,1,0,0,0,0.011727394
22092,7099.150848,1,0,1,0,0,0,0.011677878
22094,7099.184192,1,0,1,0,0,0,0.011723907
22096,7099.217504,1,0,1,0,0,0,0.011742389
22098,7099.250848,1,0,1,0,0,0,0.011717979
22100,7099.284192,1,0,1,0,0,0,0.011689734
22102,7099.317504,1,0,1,0,0,0,0.01168799
22104,7099.350848,1,0,1,0,0,0,0.011700544
22106,7099.384192,1,0,1,0,0,0,0.011691826
22108,7099.417504,1,0,1,0,0,0,0.011709261
22110,7099.450848,1,0,1,0,0,0,0.011706123
22112,7099.48416,1,0,1,0,0,0,0.011714841
22114,7099.517504,1,0,1,0,0,0,0.011726348
22116,7099.550848,1,0,1,0,0,0,0.011775865
22118,7099.58416,1,0,1,0,0,0,0.011730184
22120,7099.617504,1,0,1,0,0,0,0.011752501
22122,7099.650848,1,0,1,0,0,0,0.011715189
22124,7099.68416,1,0,1,0,0,0,0.011735414
22126,7099.717504,1,0,1,0,0,0,0.011768542
22128,7099.750816,1,0,1,0,0,0,0.011751106
22130,7099.78416,1,0,1,0,0,0,0.011773772
22132,7099.817472,1,0,1,0,0,0,0.011745178
22134,7099.850816,1,0,1,0,0,0,0.011777259
22136,7099.88416,1,0,1,0,0,0,0.011753547
22138,7099.917472,1,0,1,0,0,0,0.011751455
22140,7099.950816,1,0,1,0,0,0,0.01176087
22142,7099.98416,1,0,1,0,0,0,0.01174483
22144,7100.017472,1,0,1,0,0,0,0.011804807
22146,7100.050816,1,0,1,0,0,0,0.011789115
22148,7100.08416,1,0,1,0,0,0,0.011775865
22150,7100.117472,1,0,1,0,0,0,0.0117933
22152,7100.150816,1,0,1,0,0,0,0.01172844
22154,7100.184128,1,0,1,0,0,0,0.011767147
22156,7100.217472,1,0,1,0,0,0,0.0117797
22158,7100.250816,1,0,1,0,0,0,0.011746922
22160,7100.284128,1,0,1,0,0,0,0.011769588
22162,7100.317472,1,0,1,0,0,0,0.011739948
22164,7100.350816,1,0,1,0,0,0,0.011717979
22166,7100.384128,1,0,1,0,0,0,0.011709959
22168,7100.417472,1,0,1,0,0,0,0.011716235
22170,7100.450816,1,0,1,0,0,0,0.011678924
22172,7100.484128,1,0,1,0,0,0,0.011684503
22174,7100.517472,1,0,1,0,0,0,0.011684852
22176,7100.550784,1,0,1,0,0,0,0.011717979
22178,7100.584128,1,0,1,0,0,0,0.011649632
22180,7100.617472,1,0,1,0,0,0,0.011683457
22182,7100.650784,1,0,1,0,0,0,0.011697405
22184,7100.684128,1,0,1,0,0,0,0.01167718
22186,7100.717472,1,0,1,0,0,0,0.011671601
22188,7100.750784,1,0,1,0,0,0,0.011652771
22190,7100.784128,1,0,1,0,0,0,0.011652073
22192,7100.817472,1,0,1,0,0,0,0.011613715
22194,7100.850784,1,0,1,0,0,0,0.011668114
22196,7100.884128,1,0,1,0,0,0,0.011649284
22198,7100.917472,1,0,1,0,0,0,0.011640566
22200,7100.950784,1,0,1,0,0,0,0.011677878
22202,7100.984128,1,0,1,0,0,0,0.011670206
22204,7101.017472,1,0,1,0,0,0,0.011633592
22206,7101.050784,1,0,1,0,0,0,0.011651376
22208,7101.084096,1,0,1,0,0,0,0.011640566
22210,7101.117472,1,0,1,0,0,0,0.011681365
22212,7101.150784,1,0,1,0,0,0,0.011603254
22214,7101.184096,1,0,1,0,0,0,0.011674391
22216,7101.217472,1,0,1,0,0,0,0.011633243
22218,7101.250784,1,0,1,0,0,0,0.011588957
22220,7101.284096,1,0,1,0,0,0,0.011651027
22222,7101.317472,1,0,1,0,0,0,0.011643704
22224,7101.350752,1,0,1,0,0,0,0.011651376
22226,7101.384096,1,0,1,0,0,0,0.01164475
22228,7101.417472,1,0,1,0,0,0,0.01164754
22230,7101.450752,1,0,1,0,0,0,0.011596977
22232,7101.484096,1,0,1,0,0,0,0.01159628
22234,7101.517472,1,0,1,0,0,0,0.011626269
22236,7101.550752,1,0,1,0,0,0,0.011601511
22238,7101.584096,1,0,1,0,0,0,0.01164754
22240,7101.617408,1,0,1,0,0,0,0.011668463
22242,7101.650752,1,0,1,0,0,0,0.011632197
22244,7101.684096,1,0,1,0,0,0,0.011579193
22246,7101.717472,1,0,1,0,0,0,0.011602208
22248,7101.750752,1,0,1,0,0,0,0.011620341
22250,7101.784064,1,0,1,0,0,0,0.011630453
22252,7101.817408,1,0,1,0,0,0,0.011569778
22254,7101.850752,1,0,1,0,0,0,0.011637079
22256,7101.884064,1,0,1,0,0,0,0.011658001
22258,7101.917408,1,0,1,0,0,0,0.011621038
22260,7101.950752,1,0,1,0,0,0,0.011658001
22262,7101.984064,1,0,1,0,0,0,0.011624525
22264,7102.017408,1,0,1,0,0,0,0.011658699
22266,7102.050752,1,0,1,0,0,0,0.011660791
22268,7102.084064,1,0,1,0,0,0,0.011668114
22270,7102.117408,1,0,1,0,0,0,0.011706472
22272,7102.15072,1,0,1,0,0,0,0.011689385
22274,7102.184064,1,0,1,0,0,0,0.011694964
22276,7102.217408,1,0,1,0,0,0,0.011735066
22278,7102.25072,1,0,1,0,0,0,0.01165556
22280,7102.284064,1,0,1,0,0,0,0.011704728
22282,7102.317408,1,0,1,0,0,0,0.011655909
22284,7102.35072,1,0,1,0,0,0,0.011696708
22286,7102.384064,1,0,1,0,0,0,0.011672647
22288,7102.417376,1,0,1,0,0,0,0.011695313
22290,7102.45072,1,0,1,0,0,0,0.011730184
22292,7102.484064,1,0,1,0,0,0,0.011714492
22294,7102.517376,1,0,1,0,0,0,0.011736461
22296,7102.55072,1,0,1,0,0,0,0.01173925
22298,7102.584064,1,0,1,0,0,0,0.011748665
22300,7102.617376,1,0,1,0,0,0,0.011733671
22302,7102.65072,1,0,1,0,0,0,0.011729486
22304,7102.684032,1,0,1,0,0,0,0.011776213
22306,7102.717376,1,0,1,0,0,0,0.011773075
22308,7102.75072,1,0,1,0,0,0,0.011792603
22310,7102.784032,1,0,1,0,0,0,0.011749711
22312,7102.817376,1,0,1,0,0,0,0.011806202
22314,7102.85072,1,0,1,0,0,0,0.011737158
22316,7102.884032,1,0,1,0,0,0,0.01172321
22318,7102.917376,1,0,1,0,0,0,0.01176087
22320,7102.950688,1,0,1,0,0,0,0.01175006
22322,7102.984032,1,0,1,0,0,0,0.011744132
22324,7103.017376,1,0,1,0,0,0,0.011719723
22326,7103.050688,1,0,1,0,0,0,0.011795392
22328,7103.084032,1,0,1,0,0,0,0.011747968
22330,7103.117344,1,0,1,0,0,0,0.011746224
22332,7103.150688,1,0,1,0,0,0,0.011694267
22334,7103.184032,1,0,1,0,0,0,0.011740645
22336,7103.217344,1,0,1,0,0,0,0.011721117
22338,7103.250688,1,0,1,0,0,0,0.011735066
22340,7103.284032,1,0,1,0,0,0,0.011673344
22342,7103.317344,1,0,1,0,0,0,0.011678924
22344,7103.350688,1,0,1,0,0,0,0.011678575
22346,7103.384,1,0,1,0,0,0,0.011651027
22348,7103.417344,1,0,1,0,0,0,0.011655212
22350,7103.450688,1,0,1,0,0,0,0.01169078
22352,7103.484,1,0,1,0,0,0,0.011715538
22354,7103.517344,1,0,1,0,0,0,0.011721117
22356,7103.550688,1,0,1,0,0,0,0.011714143
22358,7103.584,1,0,1,0,0,0,0.011755988
22360,7103.617344,1,0,1,0,0,0,0.011724256
22362,7103.650688,1,0,1,0,0,0,0.011725999
22364,7103.684,1,0,1,0,0,0,0.011753199
22366,7103.717344,1,0,1,0,0,0,0.011701938
22368,7103.750656,1,0,1,0,0,0,0.011767844
22370,7103.784,1,0,1,0,0,0,0.011731579
22372,7103.817344,1,0,1,0,0,0,0.011738204
22374,7103.850656,1,0,1,0,0,0,0.01170682
22376,7103.884,1,0,1,0,0,0,0.011736112
22378,7103.917344,1,0,1,0,0,0,0.01172844
22380,7103.950656,1,0,1,0,0,0,0.011754942
22382,7103.984,1,0,1,0,0,0,0.011796787
22384,7104.017312,1,0,1,0,0,0,0.011812479
22386,7104.050656,1,0,1,0,0,0,0.011783885
22388,7104.084,1,0,1,0,0,0,0.011753896
22390,7104.117312,1,0,1,0,0,0,0.011722861
22392,7104.150656,1,0,1,0,0,0,0.011772726
22394,7104.184,1,0,1,0,0,0,0.011806551
22396,7104.217312,1,0,1,0,0,0,0.01180411
22398,7104.250656,1,0,1,0,0,0,0.011803412
22400,7104.283968,1,0,1,0,0,0,0.011818756
22402,7104.317312,1,0,1,0,0,0,0.011787372
22404,7104.350656,1,0,1,0,0,0,0.011747968
22406,7104.383968,1,0,1,0,0,0,0.011737158
22408,7104.417312,1,0,1,0,0,0,0.011738553
22410,7104.450624,1,0,1,0,0,0,0.011750758
22412,7104.483968,1,0,1,0,0,0,0.011729835
22414,7104.517312,1,0,1,0,0,0,0.011756337
22416,7104.550624,1,0,1,0,0,0,0.01173123
22418,7104.583968,1,0,1,0,0,0,0.011716933
22420,7104.617312,1,0,1,0,0,0,0.011776213
22422,7104.650624,1,0,1,0,0,0,0.011753199
22424,7104.683968,1,0,1,0,0,0,0.011779003
22426,7104.71728,1,0,1,0,0,0,0.011764706
22428,7104.750624,1,0,1,0,0,0,0.011743086
22430,7104.783968,1,0,1,0,0,0,0.011717282
22432,7104.81728,1,0,1,0,0,0,0.011735763
22434,7104.850624,1,0,1,0,0,0,0.011662883
22436,7104.883968,1,0,1,0,0,0,0.01169078
22438,7104.91728,1,0,1,0,0,0,0.011645099
22440,7104.950624,1,0,1,0,0,0,0.011696708
22442,7104.983936,1,0,1,0,0,0,0.011672647
22444,7105.01728,1,0,1,0,0,0,0.011695662
22446,7105.050624,1,0,1,0,0,0,0.011732973
22448,7105.083936,1,0,1,0,0,0,0.011737158
22450,7105.11728,1,0,1,0,0,0,0.011730533
22452,7105.150624,1,0,1,0,0,0,0.011753896
22454,7105.183936,1,0,1,0,0,0,0.011746573
22456,7105.21728,1,0,1,0,0,0,0.011773424
22458,7105.250624,1,0,1,0,0,0,0.011728789
22460,7105.283936,1,0,1,0,0,0,0.011752501
22462,7105.31728,1,0,1,0,0,0,0.011699149
22464,7105.350592,1,0,1,0,0,0,0.011702985
22466,7105.383936,1,0,1,0,0,0,0.011712051
22468,7105.41728,1,0,1,0,0,0,0.011716235
22470,7105.450592,1,0,1,0,0,0,0.01174483
22472,7105.483936,1,0,1,0,0,0,0.011704379
22474,7105.51728,1,0,1,0,0,0,0.011738204
22476,7105.550592,1,0,1,0,0,0,0.011745527
22478,7105.583936,1,0,1,0,0,0,0.011696708
22480,7105.617248,1,0,1,0,0,0,0.011790162
22482,7105.650592,1,0,1,0,0,0,0.011772377
22484,7105.683936,1,0,1,0,0,0,0.011764357
22486,7105.717248,1,0,1,0,0,0,0.011739948
22488,7105.750592,1,0,1,0,0,0,0.011715887
22490,7105.783936,1,0,1,0,0,0,0.01172321
22492,7105.817248,1,0,1,0,0,0,0.011704728
22494,7105.850592,1,0,1,0,0,0,0.011744481
22496,7105.883904,1,0,1,0,0,0,0.011740645
22498,7105.917248,1,0,1,0,0,0,0.011750409
22500,7105.950592,1,0,1,0,0,0,0.011802366
22502,7105.983904,1,0,1,0,0,0,0.01170961
22504,7106.017248,1,0,1,0,0,0,0.011710656
22506,7106.05056,1,0,1,0,0,0,0.011743435
22508,7106.083904,1,0,1,0,0,0,0.011674042
22510,7106.117248,1,0,1,0,0,0,0.011684852
22512,7106.15056,1,0,1,0,0,0,0.011671601
22514,7106.183904,1,0,1,0,0,0,0.011674042
22516,7106.217248,1,0,1,0,0,0,0.011669509
22518,7106.25056,1,0,1,0,0,0,0.011649284
22520,7106.283904,1,0,1,0,0,0,0.011695313
22522,7106.317216,1,0,1,0,0,0,0.011658699
22524,7106.35056,1,0,1,0,0,0,0.01168799
22526,7106.383904,1,0,1,0,0,0,0.011672996
22528,7106.417216,1,0,1,0,0,0,0.011649284
22530,7106.45056,1,0,1,0,0,0,0.01165556
22532,7106.483904,1,0,1,0,0,0,0.011621038
22534,7106.517216,1,0,1,0,0,0,0.011608485
22536,7106.55056,1,0,1,0,0,0,0.011590003
22538,7106.583904,1,0,1,0,0,0,0.011624874
22540,7106.617216,1,0,1,0,0,0,0.011649981
22542,7106.65056,1,0,1,0,0,0,0.011636033
22544,7106.683872,1,0,1,0,0,0,0.011678226
22546,7106.717216,1,0,1,0,0,0,0.011668811
22548,7106.75056,1,0,1,0,0,0,0.011625223
22550,7106.783872,1,0,1,0,0,0,0.011637428
22552,7106.817216,1,0,1,0,0,0,0.01159907
22554,7106.85056,1,0,1,0,0,0,0.011637428
22556,7106.883872,1,0,1,0,0,0,0.011581983
22558,7106.917216,1,0,1,0,0,0,0.011631848
22560,7106.950528,1,0,1,0,0,0,0.011648586
22562,7106.983872,1,0,1,0,0,0,0.011642658
22564,7107.017216,1,0,1,0,0,0,0.011605346
22566,7107.050528,1,0,1,0,0,0,0.011653119
22568,7107.083872,1,0,1,0,0,0,0.011626966
22570,7107.117216,1,0,1,0,0,0,0.011612669
22572,7107.150528,1,0,1,0,0,0,0.011610577
22574,7107.183872,1,0,1,0,0,0,0.011570476
22576,7107.217184,1,0,1,0,0,0,0.011624177
22578,7107.250528,1,0,1,0,0,0,0.011579193
22580,7107.283872,1,0,1,0,0,0,0.011607439
22582,7107.317184,1,0,1,0,0,0,0.01158826
22584,7107.350528,1,0,1,0,0,0,0.011612321
22586,7107.38384,1,0,1,0,0,0,0.011648237
22588,7107.417184,1,0,1,0,0,0,0.011576752
22590,7107.450528,1,0,1,0,0,0,0.011626966
22592,7107.48384,1,0,1,0,0,0,0.011601859
22594,7107.517184,1,0,1,0,0,0,0.011652422
22596,7107.550528,1,0,1,0,0,0,0.01159349
22598,7107.58384,1,0,1,0,0,0,0.0116179
22600,7107.617184,1,0,1,0,0,0,0.011635335
22602,7107.650496,1,0,1,0,0,0,0.01166916
22604,7107.68384,1,0,1,0,0,0,0.011668811
22606,7107.717184,1,0,1,0,0,0,0.011619992
22608,7107.750496,1,0,1,0,0,0,0.011641263
22610,7107.78384,1,0,1,0,0,0,0.011618597
22612,7107.817184,1,0,1,0,0,0,0.011591747
22614,7107.850496,1,0,1,0,0,0,0.011656955
22616,7107.88384,1,0,1,0,0,0,0.011599418
22618,7107.917152,1,0,1,0,0,0,0.011646145
22620,7107.950496,1,0,1,0,0,0,0.011620341
22622,7107.98384,1,0,1,0,0,0,0.011619992
22624,7108.017152,1,0,1,0,0,0,0.011641612
22626,7108.050496,1,0,1,0,0,0,0.011619295
22628,7108.08384,1,0,1,0,0,0,0.011668463
22630,7108.117152,1,0,1,0,0,0,0.011688688
22632,7108.150496,1,0,1,0,0,0,0.011676134
22634,7108.18384,1,0,1,0,0,0,0.011679272
22636,7108.217152,1,0,1,0,0,0,0.011718328
22638,7108.250496,1,0,1,0,0,0,0.011707169
22640,7108.283808,1,0,1,0,0,0,0.011694267
22642,7108.317152,1,0,1,0,0,0,0.011718676
22644,7108.350496,1,0,1,0,0,0,0.011714492
22646,7108.383808,1,0,1,0,0,0,0.011761916
22648,7108.417152,1,0,1,0,0,0,0.011734717
22650,7108.450496,1,0,1,0,0,0,0.01173925
22652,7108.483808,1,0,1,0,0,0,0.011740645
22654,7108.517152,1,0,1,0,0,0,0.011766449
22656,7108.550464,1,0,1,0,0,0,0.011753547
22658,7108.583808,1,0,1,0,0,0,0.011739599
22660,7108.617152,1,0,1,0,0,0,0.011755988
22662,7108.650464,1,0,1,0,0,0,0.011738902
22664,7108.683808,1,0,1,0,0,0,0.011734717
22666,7108.717152,1,0,1,0,0,0,0.01175006
22668,7108.750464,1,0,1,0,0,0,0.011748317
22670,7108.783808,1,0,1,0,0,0,0.011722861
22672,7108.81712,1,0,1,0,0,0,0.011729835
22674,7108.850464,1,0,1,0,0,0,0.011733671
22676,7108.883808,1,0,1,0,0,0,0.011753547
22678,7108.91712,1,0,1,0,0,0,0.011772029
22680,7108.950464,1,0,1,0,0,0,0.011740994
22682,7108.983776,1,0,1,0,0,0,0.011755988
22684,7109.01712,1,0,1,0,0,0,0.01172321
22686,7109.050464,1,0,1,0,0,0,0.011750409
22688,7109.083808,1,0,1,0,0,0,0.011755988
22690,7109.11712,1,0,1,0,0,0,0.011754245
22692,7109.150464,1,0,1,0,0,0,0.01170682
22694,7109.183776,1,0,1,0,0,0,0.011744132
22696,7109.21712,1,0,1,0,0,0,0.011734368
22698,7109.250432,1,0,1,0,0,0,0.011737158
22700,7109.283776,1,0,1,0,0,0,0.011770285
22702,7109.31712,1,0,1,0,0,0,0.011753896
22704,7109.350432,1,0,1,0,0,0,0.011716584
22706,7109.383776,1,0,1,0,0,0,0.011708913
22708,7109.41712,1,0,1,0,0,0,0.011749711
22710,7109.450432,1,0,1,0,0,0,0.011736809
22712,7109.483776,1,0,1,0,0,0,0.011776562
22714,7109.517088,1,0,1,0,0,0,0.01174727
22716,7109.550432,1,0,1,0,0,0,0.011729835
22718,7109.583776,1,0,1,0,0,0,0.011674739
22720,7109.617088,1,0,1,0,0,0,0.011700544
22722,7109.650432,1,0,1,0,0,0,0.0116988
22724,7109.683776,1,0,1,0,0,0,0.01170682
22726,7109.717088,1,0,1,0,0,0,0.011757732
22728,7109.750432,1,0,1,0,0,0,0.011715887
22730,7109.783744,1,0,1,0,0,0,0.011745178
22732,7109.817088,1,0,1,0,0,0,0.011758429
22734,7109.850432,1,0,1,0,0,0,0.011747968
22736,7109.883744,1,0,1,0,0,0,0.011729138
22738,7109.917088,1,0,1,0,0,0,0.011776911
22740,7109.950432,1,0,1,0,0,0,0.011709959
22742,7109.983744,1,0,1,0,0,0,0.011778305
22744,7110.017088,1,0,1,0,0,0,0.011766798
22746,7110.050432,1,0,1,0,0,0,0.011747619
22748,7110.083744,1,0,1,0,0,0,0.011751455
22750,7110.117088,1,0,1,0,0,0,0.01173925
22752,7110.1504,1,0,1,0,0,0,0.011789813
22754,7110.183744,1,0,1,0,0,0,0.011769937
22756,7110.217088,1,0,1,0,0,0,0.011790859
22758,7110.2504,1,0,1,0,0,0,0.011724256
22760,7110.283744,1,0,1,0,0,0,0.011750758
22762,7110.317088,1,0,1,0,0,0,0.011813525
22764,7110.3504,1,0,1,0,0,0,0.011738553
22766,7110.383744,1,0,1,0,0,0,0.011738902
22768,7110.417056,1,0,1,0,0,0,0.011700195
22770,7110.4504,1,0,1,0,0,0,0.011713446
22772,7110.483712,1,0,1,0,0,0,0.011731927
22774,7110.517056,1,0,1,0,0,0,0.011715887
22776,7110.5504,1,0,1,0,0,0,0.011750409
22778,7110.583712,1,0,1,0,0,0,0.011719374
22780,7110.617056,1,0,1,0,0,0,0.011741691
22782,7110.6504,1,0,1,0,0,0,0.011765055
22784,7110.683712,1,0,1,0,0,0,0.011709261
22786,7110.717056,1,0,1,0,0,0,0.011722512
22788,7110.7504,1,0,1,0,0,0,0.01168799
22790,7110.783712,1,0,1,0,0,0,0.011715887
22792,7110.817056,1,0,1,0,0,0,0.011683457
22794,7110.850368,1,0,1,0,0,0,0.011701241
22796,7110.883712,1,0,1,0,0,0,0.011707518
22798,7110.917056,1,0,1,0,0,0,0.011723907
22800,7110.950368,1,0,1,0,0,0,0.011721466
22802,7110.983712,1,0,1,0,0,0,0.011680667
22804,7111.017056,1,0,1,0,0,0,0.011705077
22806,7111.050368,1,0,1,0,0,0,0.011736112
22808,7111.083712,1,0,1,0,0,0,0.011714841
22810,7111.117056,1,0,1,0,0,0,0.011713446
22812,7111.150368,1,0,1,0,0,0,0.01167718
22814,7111.183712,1,0,1,0,0,0,0.011659396
22816,7111.217024,1,0,1,0,0,0,0.011663929
22818,7111.250368,1,0,1,0,0,0,0.011724256
22820,7111.283712,1,0,1,0,0,0,0.011646145
22822,7111.317024,1,0,1,0,0,0,0.011686247
22824,7111.350368,1,0,1,0,0,0,0.011722861
22826,7111.38368,1,0,1,0,0,0,0.011721815
22828,7111.417024,1,0,1,0,0,0,0.01170961
22830,7111.450368,1,0,1,0,0,0,0.011693569
22832,7111.48368,1,0,1,0,0,0,0.011727743
22834,7111.517024,1,0,1,0,0,0,0.01173402
22836,7111.550368,1,0,1,0,0,0,0.01174727
22838,7111.58368,1,0,1,0,0,0,0.011675437
22840,7111.617024,1,0,1,0,0,0,0.011724604
22842,7111.650368,1,0,1,0,0,0,0.011734368
22844,7111.68368,1,0,1,0,0,0,0.011700544
22846,7111.717024,1,0,1,0,0,0,0.011729486
22848,7111.750336,1,0,1,0,0,0,0.01173402
22850,7111.78368,1,0,1,0,0,0,0.011732625
22852,7111.817024,1,0,1,0,0,0,0.011680319
22854,7111.850336,1,0,1,0,0,0,0.011690431
22856,7111.88368,1,0,1,0,0,0,0.011706123
22858,7111.917024,1,0,1,0,0,0,0.011728789
22860,7111.950336,1,0,1,0,0,0,0.011703682
22862,7111.98368,1,0,1,0,0,0,0.011714841
22864,7112.016992,1,0,1,0,0,0,0.011668463
22866,7112.050336,1,0,1,0,0,0,0.011706472
22868,7112.08368,1,0,1,0,0,0,0.011716235
22870,7112.116992,1,0,1,0,0,0,0.011680319
22872,7112.150336,1,0,1,0,0,0,0.01168799
22874,7112.183648,1,0,1,0,0,0,0.011655909
22876,7112.216992,1,0,1,0,0,0,0.011664975
22878,7112.250336,1,0,1,0,0,0,0.011675088
22880,7112.283648,1,0,1,0,0,0,0.011645797
22882,7112.316992,1,0,1,0,0,0,0.011649632
22884,7112.350336,1,0,1,0,0,0,0.011629756
22886,7112.383648,1,0,1,0,0,0,0.011643007
22888,7112.416992,1,0,1,0,0,0,0.011622084
22890,7112.450304,1,0,1,0,0,0,0.011662883
22892,7112.483648,1,0,1,0,0,0,0.011662883
22894,7112.516992,1,0,1,0,0,0,0.01158826
22896,7112.550304,1,0,1,0,0,0,0.01164754
22898,7112.583648,1,0,1,0,0,0,0.01167195
22900,7112.616992,1,0,1,0,0,0,0.01165033
22902,7112.650304,1,0,1,0,0,0,0.011662186
22904,7112.683648,1,0,1,0,0,0,0.0116852
22906,7112.716992,1,0,1,0,0,0,0.011674739
22908,7112.750304,1,0,1,0,0,0,0.011652771
22910,7112.783648,1,0,1,0,0,0,0.011697057
22912,7112.81696,1,0,1,0,0,0,0.0116988
22914,7112.850304,1,0,1,0,0,0,0.011655909
22916,7112.883648,1,0,1,0,0,0,0.011678226
22918,7112.91696,1,0,1,0,0,0,0.011671601
22920,7112.950304,1,0,1,0,0,0,0.011731927
22922,7112.983648,1,0,1,0,0,0,0.011691129
22924,7113.01696,1,0,1,0,0,0,0.011703682
22926,7113.050304,1,0,1,0,0,0,0.011704728
22928,7113.083616,1,0,1,0,0,0,0.011724604
22930,7113.11696,1,0,1,0,0,0,0.011714143
22932,7113.150304,1,0,1,0,0,0,0.011700195
22934,7113.183616,1,0,1,0,0,0,0.011678924
22936,7113.21696,1,0,1,0,0,0,0.011710656
22938,7113.250304,1,0,1,0,0,0,0.011713795
22940,7113.283616,1,0,1,0,0,0,0.011675437
22942,7113.31696,1,0,1,0,0,0,0.011704379
22944,7113.350272,1,0,1,0,0,0,0.01170159
22946,7113.383616,1,0,1,0,0,0,0.011670555
22948,7113.41696,1,0,1,0,0,0,0.011659745
22950,7113.450272,1,0,1,0,0,0,0.011646843
22952,7113.483616,1,0,1,0,0,0,0.011676832
22954,7113.51696,1,0,1,0,0,0,0.011640566
22956,7113.550272,1,0,1,0,0,0,0.011649981
22958,7113.583616,1,0,1,0,0,0,0.011644402
22960,7113.616928,1,0,1,0,0,0,0.011661837
22962,7113.650272,1,0,1,0,0,0,0.011608833
22964,7113.683616,1,0,1,0,0,0,0.011621038
22966,7113.716928,1,0,1,0,0,0,0.011598024
22968,7113.750272,1,0,1,0,0,0,0.01159628
22970,7113.783584,1,0,1,0,0,0,0.01162592
22972,7113.816928,1,0,1,0,0,0,0.011590701
22974,7113.850272,1,0,1,0,0,0,0.011618946
22976,7113.883584,1,0,1,0,0,0,0.011608833
22978,7113.916928,1,0,1,0,0,0,0.011627315
22980,7113.950272,1,0,1,0,0,0,0.01163673
22982,7113.983584,1,0,1,0,0,0,0.011597326
22984,7114.016928,1,0,1,0,0,0,0.011581634
22986,7114.05024,1,0,1,0,0,0,0.011550251
22988,7114.083584,1,0,1,0,0,0,0.011638474
22990,7114.116928,1,0,1,0,0,0,0.011588957
22992,7114.15024,1,0,1,0,0,0,0.011589306
22994,7114.183584,1,0,1,0,0,0,0.011607439
22996,7114.216928,1,0,1,0,0,0,0.011581983
22998,7114.25024,1,0,1,0,0,0,0.011619295
23000,7114.283584,1,0,1,0,0,0,0.011576404
23002,7114.316928,1,0,1,0,0,0,0.011562107
23004,7114.35024,1,0,1,0,0,0,0.011627315
23006,7114.383584,1,0,1,0,0,0,0.011622084
23008,7114.416896,1,0,1,0,0,0,0.011643356
23010,7114.45024,1,0,1,0,0,0,0.011588957
23012,7114.483584,1,0,1,0,0,0,0.011611274
23014,7114.516896,1,0,1,0,0,0,0.011606393
23016,7114.55024,1,0,1,0,0,0,0.011624874
23018,7114.583552,1,0,1,0,0,0,0.011613018
23020,7114.616896,1,0,1,0,0,0,0.01158268
23022,7114.65024,1,0,1,0,0,0,0.011571522
23024,7114.683552,1,0,1,0,0,0,0.011543974
23026,7114.716896,1,0,1,0,0,0,0.011586167
23028,7114.75024,1,0,1,0,0,0,0.011589655
23030,7114.783552,1,0,1,0,0,0,0.011586516
23032,7114.816896,1,0,1,0,0,0,0.011558271
23034,7114.85024,1,0,1,0,0,0,0.011524097
23036,7114.883552,1,0,1,0,0,0,0.011605695
23038,7114.916896,1,0,1,0,0,0,0.011546415
23040,7114.950208,1,0,1,0,0,0,0.011588957
23042,7114.983552,1,0,1,0,0,0,0.011588957
23044,7115.016896,1,0,1,0,0,0,0.011568383
23046,7115.050208,1,0,1,0,0,0,0.011582332
23048,7115.083552,1,0,1,0,0,0,0.011555481
23050,7115.116896,1,0,1,0,0,0,0.011546066
23052,7115.150208,1,0,1,0,0,0,0.01154781
23054,7115.183552,1,0,1,0,0,0,0.011590003
23056,7115.216864,1,0,1,0,0,0,0.011565942
23058,7115.250208,1,0,1,0,0,0,0.01155304
23060,7115.28352,1,0,1,0,0,0,0.011581983
23062,7115.316864,1,0,1,0,0,0,0.011572917
23064,7115.350208,1,0,1,0,0,0,0.011566989
23066,7115.38352,1,0,1,0,0,0,0.011603603
23068,7115.416864,1,0,1,0,0,0,0.011618597
23070,7115.450208,1,0,1,0,0,0,0.01159907
23072,7115.48352,1,0,1,0,0,0,0.011658001
23074,7115.516864,1,0,1,0,0,0,0.011638474
23076,7115.550208,1,0,1,0,0,0,0.011630802
23078,7115.58352,1,0,1,0,0,0,0.01167718
23080,7115.616864,1,0,1,0,0,0,0.011621387
23082,7115.650176,1,0,1,0,0,0,0.011671252
23084,7115.68352,1,0,1,0,0,0,0.011648586
23086,7115.716864,1,0,1,0,0,0,0.011653468
23088,7115.750176,1,0,1,0,0,0,0.01163394
23090,7115.78352,1,0,1,0,0,0,0.011665324
23092,7115.816864,1,0,1,0,0,0,0.011737507
23094,7115.850176,1,0,1,0,0,0,0.011649632
23096,7115.88352,1,0,1,0,0,0,0.01166114
23098,7115.916864,1,0,1,0,0,0,0.011691129
23100,7115.950176,1,0,1,0,0,0,0.011702636
23102,7115.98352,1,0,1,0,0,0,0.011715538
23104,7116.016832,1,0,1,0,0,0,0.011666022
23106,7116.050176,1,0,1,0,0,0,0.011706123
23108,7116.08352,1,0,1,0,0,0,0.011727743
23110,7116.116832,1,0,1,0,0,0,0.011708564
23112,7116.150176,1,0,1,0,0,0,0.011668114
23114,7116.18352,1,0,1,0,0,0,0.011671252
23116,7116.216832,1,0,1,0,0,0,0.011651725
23118,7116.250176,1,0,1,0,0,0,0.01162069
23120,7116.283488,1,0,1,0,0,0,0.011683457
23122,7116.316832,1,0,1,0,0,0,0.011628012
23124,7116.350176,1,0,1,0,0,0,0.011649284
23126,7116.383488,1,0,1,0,0,0,0.011686944
23128,7116.416832,1,0,1,0,0,0,0.011651376
23130,7116.450176,1,0,1,0,0,0,0.011678924
23132,7116.483488,1,0,1,0,0,0,0.011664975
23134,7116.516832,1,0,1,0,0,0,0.011668811
23136,7116.550144,1,0,1,0,0,0,0.011674042
23138,7116.583488,1,0,1,0,0,0,0.011705426
23140,7116.616832,1,0,1,0,0,0,0.011657304
23142,7116.650144,1,0,1,0,0,0,0.011649632
23144,7116.683488,1,0,1,0,0,0,0.011639171
23146,7116.716832,1,0,1,0,0,0,0.011704379
23148,7116.750144,1,0,1,0,0,0,0.011666719
23150,7116.783488,1,0,1,0,0,0,0.011658699
23152,7116.8168,1,0,1,0,0,0,0.011662534
23154,7116.850144,1,0,1,0,0,0,0.011651725
23156,7116.883488,1,0,1,0,0,0,0.011636381
23158,7116.9168,1,0,1,0,0,0,0.011630802
23160,7116.950144,1,0,1,0,0,0,0.011669509
23162,7116.983488,1,0,1,0,0,0,0.011654863
23164,7117.0168,1,0,1,0,0,0,0.011672996
23166,7117.050144,1,0,1,0,0,0,0.011664278
23168,7117.083488,1,0,1,0,0,0,0.011649284
23170,7117.1168,1,0,1,0,0,0,0.011682411
23172,7117.150144,1,0,1,0,0,0,0.011715538
23174,7117.183488,1,0,1,0,0,0,0.01172042
23176,7117.2168,1,0,1,0,0,0,0.011669509
23178,7117.250112,1,0,1,0,0,0,0.011698103
23180,7117.283488,1,0,1,0,0,0,0.011649981
23182,7117.3168,1,0,1,0,0,0,0.011671252
23184,7117.350112,1,0,1,0,0,0,0.011670555
23186,7117.383488,1,0,1,0,0,0,0.011708215
23188,7117.4168,1,0,1,0,0,0,0.01165556
23190,7117.450112,1,0,1,0,0,0,0.011663581
23192,7117.483488,1,0,1,0,0,0,0.011630453
23194,7117.5168,1,0,1,0,0,0,0.011682411
23196,7117.550112,1,0,1,0,0,0,0.011698451
23198,7117.583488,1,0,1,0,0,0,0.011681713
23200,7117.616768,1,0,1,0,0,0,0.011631848
23202,7117.650112,1,0,1,0,0,0,0.011649284
23204,7117.683488,1,0,1,0,0,0,0.01163394
23206,7117.716768,1,0,1,0,0,0,0.011645099
23208,7117.750112,1,0,1,0,0,0,0.011668114
23210,7117.783488,1,0,1,0,0,0,0.01167718
23212,7117.816768,1,0,1,0,0,0,0.011703682
23214,7117.850112,1,0,1,0,0,0,0.011651376
23216,7117.883488,1,0,1,0,0,0,0.011684503
23218,7117.916768,1,0,1,0,0,0,0.011671252
23220,7117.950112,1,0,1,0,0,0,0.01163952
23222,7117.983488,1,0,1,0,0,0,0.011601859
23224,7118.016768,1,0,1,0,0,0,0.011606044
23226,7118.050112,1,0,1,0,0,0,0.011584424
23228,7118.083488,1,0,1,0,0,0,0.011606741
23230,7118.116768,1,0,1,0,0,0,0.011631151
23232,7118.15008,1,0,1,0,0,0,0.011608136
23234,7118.183488,1,0,1,0,0,0,0.011623479
23236,7118.216768,1,0,1,0,0,0,0.011600116
23238,7118.25008,1,0,1,0,0,0,0.011608485
23240,7118.283424,1,0,1,0,0,0,0.011662534
23242,7118.316768,1,0,1,0,0,0,0.011659396
23244,7118.35008,1,0,1,0,0,0,0.011653119
23246,7118.383424,1,0,1,0,0,0,0.011670903
23248,7118.416736,1,0,1,0,0,0,0.01166114
23250,7118.45008,1,0,1,0,0,0,0.011688688
23252,7118.483424,1,0,1,0,0,0,0.011662883
23254,7118.516736,1,0,1,0,0,0,0.011704728
23256,7118.55008,1,0,1,0,0,0,0.011661837
23258,7118.583392,1,0,1,0,0,0,0.011589655
23260,7118.616736,1,0,1,0,0,0,0.011613715
23262,7118.65008,1,0,1,0,0,0,0.011625571
23264,7118.683392,1,0,1,0,0,0,0.01166114
23266,7118.716736,1,0,1,0,0,0,0.011599418
23268,7118.75008,1,0,1,0,0,0,0.011581634
23270,7118.783392,1,0,1,0,0,0,0.011636381
23272,7118.816736,1,0,1,0,0,0,0.011603603
23274,7118.850048,1,0,1,0,0,0,0.011664975
23276,7118.883392,1,0,1,0,0,0,0.011630105
23278,7118.916736,1,0,1,0,0,0,0.01159628
23280,7118.950048,1,0,1,0,0,0,0.011592444
23282,7118.983392,1,0,1,0,0,0,0.011619643
23284,7119.016736,1,0,1,0,0,0,0.011579891
23286,7119.050048,1,0,1,0,0,0,0.011582332
23288,7119.083392,1,0,1,0,0,0,0.011658001
23290,7119.116736,1,0,1,0,0,0,0.011541184
23292,7119.150048,1,0,1,0,0,0,0.011630453
23294,7119.183392,1,0,1,0,0,0,0.011639171
23296,7119.216704,1,0,1,0,0,0,0.011530025
23298,7119.250048,1,0,1,0,0,0,0.01156106
23300,7119.283392,1,0,1,0,0,0,0.011540835
23302,7119.316704,1,0,1,0,0,0,0.011593142
23304,7119.350048,1,0,1,0,0,0,0.01157745
23306,7119.383392,1,0,1,0,0,0,0.011544671
23308,7119.416704,1,0,1,0,0,0,0.011577101
23310,7119.450048,1,0,1,0,0,0,0.011570824
23312,7119.48336,1,0,1,0,0,0,0.01162592
23314,7119.516704,1,0,1,0,0,0,0.011535256
23316,7119.550048,1,0,1,0,0,0,0.011598024
23318,7119.58336,1,0,1,0,0,0,0.011570476
23320,7119.616704,1,0,1,0,0,0,0.011603254
23322,7119.650048,1,0,1,0,0,0,0.011576055
23324,7119.68336,1,0,1,0,0,0,0.011575358
23326,7119.716704,1,0,1,0,0,0,0.011565245
23328,7119.750016,1,0,1,0,0,0,0.011599418
23330,7119.78336,1,0,1,0,0,0,0.01158268
23332,7119.816704,1,0,1,0,0,0,0.011548507
23334,7119.850016,1,0,1,0,0,0,0.011584424
23336,7119.88336,1,0,1,0,0,0,0.011551994
23338,7119.916672,1,0,1,0,0,0,0.01157745
23340,7119.950016,1,0,1,0,0,0,0.011602208
23342,7119.98336,1,0,1,0,0,0,0.011585819
23344,7120.016672,1,0,1,0,0,0,0.011557225
23346,7120.050016,1,0,1,0,0,0,0.011562804
23348,7120.08336,1,0,1,0,0,0,0.011588608
23350,7120.116672,1,0,1,0,0,0,0.011587562
23352,7120.150016,1,0,1,0,0,0,0.011554784
23354,7120.183328,1,0,1,0,0,0,0.011534907
23356,7120.216672,1,0,1,0,0,0,0.011552692
23358,7120.250016,1,0,1,0,0,0,0.011579891
23360,7120.283328,1,0,1,0,0,0,0.011600464
23362,7120.316672,1,0,1,0,0,0,0.011562804
23364,7120.350016,1,0,1,0,0,0,0.011544323
23366,7120.383328,1,0,1,0,0,0,0.01154502
23368,7120.416672,1,0,1,0,0,0,0.011559317
23370,7120.449984,1,0,1,0,0,0,0.011550251
23372,7120.483328,1,0,1,0,0,0,0.01154223
23374,7120.516672,1,0,1,0,0,0,0.011538046
23376,7120.549984,1,0,1,0,0,0,0.01157187
23378,7120.583328,1,0,1,0,0,0,0.011559317
23380,7120.616672,1,0,1,0,0,0,0.011611274
23382,7120.649984,1,0,1,0,0,0,0.011608136
23384,7120.683328,1,0,1,0,0,0,0.011552692
23386,7120.716672,1,0,1,0,0,0,0.011613018
23388,7120.749984,1,0,1,0,0,0,0.011587214
23390,7120.783328,1,0,1,0,0,0,0.011614762
23392,7120.81664,1,0,1,0,0,0,0.011562107
23394,7120.849984,1,0,1,0,0,0,0.011624525
23396,7120.883328,1,0,1,0,0,0,0.011672647
23398,7120.91664,1,0,1,0,0,0,0.01162871
23400,7120.949984,1,0,1,0,0,0,0.011686944
23402,7120.983328,1,0,1,0,0,0,0.011663232
23404,7121.01664,1,0,1,0,0,0,0.011678575
23406,7121.049984,1,0,1,0,0,0,0.011630453
23408,7121.083296,1,0,1,0,0,0,0.011648586
23410,7121.11664,1,0,1,0,0,0,0.011674739
23412,7121.149984,1,0,1,0,0,0,0.011658699
23414,7121.183296,1,0,1,0,0,0,0.011699149
23416,7121.21664,1,0,1,0,0,0,0.01168799
23418,7121.249984,1,0,1,0,0,0,0.011660442
23420,7121.283296,1,0,1,0,0,0,0.011690082
23422,7121.31664,1,0,1,0,0,0,0.01169078
23424,7121.349952,1,0,1,0,0,0,0.011689036
23426,7121.383296,1,0,1,0,0,0,0.011648935
23428,7121.41664,1,0,1,0,0,0,0.011685549
23430,7121.449952,1,0,1,0,0,0,0.011688688
23432,7121.483296,1,0,1,0,0,0,0.01167997
23434,7121.51664,1,0,1,0,0,0,0.011675785
23436,7121.549952,1,0,1,0,0,0,0.011659745
23438,7121.583296,1,0,1,0,0,0,0.011639868
23440,7121.616608,1,0,1,0,0,0,0.011654863
23442,7121.649952,1,0,1,0,0,0,0.011627315
23444,7121.683296,1,0,1,0,0,0,0.011649284
23446,7121.716608,1,0,1,0,0,0,0.011630105
23448,7121.749952,1,0,1,0,0,0,0.011694964
23450,7121.783264,1,0,1,0,0,0,0.011622433
23452,7121.816608,1,0,1,0,0,0,0.011632197
23454,7121.849952,1,0,1,0,0,0,0.011648237
23456,7121.883264,1,0,1,0,0,0,0.011653119
23458,7121.916608,1,0,1,0,0,0,0.011686595
23460,7121.949952,1,0,1,0,0,0,0.011609182
23462,7121.983264,1,0,1,0,0,0,0.011649981
23464,7122.016608,1,0,1,0,0,0,0.011633243
23466,7122.049952,1,0,1,0,0,0,0.011595583
23468,7122.083264,1,0,1,0,0,0,0.011603603
23470,7122.116608,1,0,1,0,0,0,0.011586516
23472,7122.14992,1,0,1,0,0,0,0.011613018
23474,7122.183264,1,0,1,0,0,0,0.011637776
23476,7122.216608,1,0,1,0,0,0,0.011578496
23478,7122.24992,1,0,1,0,0,0,0.011571173
23480,7122.283264,1,0,1,0,0,0,0.011597675
23482,7122.316608,1,0,1,0,0,0,0.01157187
23484,7122.34992,1,0,1,0,0,0,0.011621387
23486,7122.383264,1,0,1,0,0,0,0.011556179
23488,7122.416576,1,0,1,0,0,0,0.01163673
23490,7122.44992,1,0,1,0,0,0,0.011616505
23492,7122.483264,1,0,1,0,0,0,0.011634289
23494,7122.516576,1,0,1,0,0,0,0.011654514
23496,7122.54992,1,0,1,0,0,0,0.011622782
23498,7122.583264,1,0,1,0,0,0,0.011666719
23500,7122.616576,1,0,1,0,0,0,0.011710307
23502,7122.64992,1,0,1,0,0,0,0.011721117
23504,7122.683232,1,0,1,0,0,0,0.011649284
23506,7122.716576,1,0,1,0,0,0,0.011670903
23508,7122.74992,1,0,1,0,0,0,0.011610577
23510,7122.783232,1,0,1,0,0,0,0.011621736
23512,7122.816576,1,0,1,0,0,0,0.01162069
23514,7122.84992,1,0,1,0,0,0,0.011623479
23516,7122.883232,1,0,1,0,0,0,0.011643007
23518,7122.916576,1,0,1,0,0,0,0.011602557
23520,7122.949888,1,0,1,0,0,0,0.011579542
23522,7122.983232,1,0,1,0,0,0,0.01161511
23524,7123.016576,1,0,1,0,0,0,0.011592793
23526,7123.049888,1,0,1,0,0,0,0.011613715
23528,7123.083232,1,0,1,0,0,0,0.011592793
23530,7123.116576,1,0,1,0,0,0,0.01163952
23532,7123.149888,1,0,1,0,0,0,0.011628361
23534,7123.183232,1,0,1,0,0,0,0.011589655
23536,7123.216544,1,0,1,0,0,0,0.011589306
23538,7123.249888,1,0,1,0,0,0,0.011569778
23540,7123.283232,1,0,1,0,0,0,0.011649284
23542,7123.316544,1,0,1,0,0,0,0.01161511
23544,7123.349888,1,0,1,0,0,0,0.011625571
23546,7123.3832,1,0,1,0,0,0,0.011691129
23548,7123.416544,1,0,1,0,0,0,0.011667416
23550,7123.449888,1,0,1,0,0,0,0.01167718
23552,7123.4832,1,0,1,0,0,0,0.011634289
23554,7123.516544,1,0,1,0,0,0,0.011694267
23556,7123.549888,1,0,1,0,0,0,0.011677529
23558,7123.5832,1,0,1,0,0,0,0.011645099
23560,7123.616544,1,0,1,0,0,0,0.011581634
23562,7123.649856,1,0,1,0,0,0,0.011604649
23564,7123.6832,1,0,1,0,0,0,0.011601511
23566,7123.716544,1,0,1,0,0,0,0.011608485
23568,7123.749856,1,0,1,0,0,0,0.011627315
23570,7123.7832,1,0,1,0,0,0,0.011602208
23572,7123.816544,1,0,1,0,0,0,0.011617551
23574,7123.849856,1,0,1,0,0,0,0.011553389
23576,7123.8832,1,0,1,0,0,0,0.011570824
23578,7123.916544,1,0,1,0,0,0,0.011576404
23580,7123.949856,1,0,1,0,0,0,0.011595931
23582,7123.9832,1,0,1,0,0,0,0.011584075
23584,7124.016512,1,0,1,0,0,0,0.011562455
23586,7124.049856,1,0,1,0,0,0,0.011547112
23588,7124.0832,1,0,1,0,0,0,0.011559666
23590,7124.116512,1,0,1,0,0,0,0.011562107
23592,7124.149856,1,0,1,0,0,0,0.011581983
23594,7124.1832,1,0,1,0,0,0,0.01159628
23596,7124.216512,1,0,1,0,0,0,0.011564896
23598,7124.249856,1,0,1,0,0,0,0.011550599
23600,7124.283168,1,0,1,0,0,0,0.011559666
23602,7124.316512,1,0,1,0,0,0,0.011569778
23604,7124.349856,1,0,1,0,0,0,0.011563501
23606,7124.383168,1,0,1,0,0,0,0.011565245
23608,7124.416512,1,0,1,0,0,0,0.011513636
23610,7124.449856,1,0,1,0,0,0,0.011534559
23612,7124.483168,1,0,1,0,0,0,0.011547461
23614,7124.516512,1,0,1,0,0,0,0.011538743
23616,7124.549824,1,0,1,0,0,0,0.011553738
23618,7124.583168,1,0,1,0,0,0,0.011587214
23620,7124.616512,1,0,1,0,0,0,0.01152061
23622,7124.649824,1,0,1,0,0,0,0.011543276
23624,7124.683168,1,0,1,0,0,0,0.011507359
23626,7124.716512,1,0,1,0,0,0,0.01155862
23628,7124.749824,1,0,1,0,0,0,0.011541184
23630,7124.783168,1,0,1,0,0,0,0.011528979
23632,7124.81648,1,0,1,0,0,0,0.011586167
23634,7124.849824,1,0,1,0,0,0,0.011592444
23636,7124.883168,1,0,1,0,0,0,0.011527236
23638,7124.91648,1,0,1,0,0,0,0.011493411
23640,7124.949824,1,0,1,0,0,0,0.011564199
23642,7124.983136,1,0,1,0,0,0,0.011532815
23644,7125.01648,1,0,1,0,0,0,0.011518867
23646,7125.049824,1,0,1,0,0,0,0.01149376
23648,7125.083136,1,0,1,0,0,0,0.011540487
23650,7125.11648,1,0,1,0,0,0,0.011489227
23652,7125.149824,1,0,1,0,0,0,0.011479114
23654,7125.183136,1,0,1,0,0,0,0.01152619
23656,7125.21648,1,0,1,0,0,0,0.011495155
23658,7125.249792,1,0,1,0,0,0,0.011517821
23660,7125.283136,1,0,1,0,0,0,0.01147214
23662,7125.31648,1,0,1,0,0,0,0.011474581
23664,7125.349792,1,0,1,0,0,0,0.011501431
23666,7125.383136,1,0,1,0,0,0,0.011531769
23668,7125.41648,1,0,1,0,0,0,0.011500734
23670,7125.449792,1,0,1,0,0,0,0.011528282
23672,7125.483136,1,0,1,0,0,0,0.011493411
23674,7125.516448,1,0,1,0,0,0,0.011505965
23676,7125.549792,1,0,1,0,0,0,0.011514334
23678,7125.583136,1,0,1,0,0,0,0.011561758
23680,7125.616448,1,0,1,0,0,0,0.01159628
23682,7125.649792,1,0,1,0,0,0,0.011635335
23684,7125.683136,1,0,1,0,0,0,0.011608136
23686,7125.716448,1,0,1,0,0,0,0.011643007
23688,7125.749792,1,0,1,0,0,0,0.011627664
23690,7125.783136,1,0,1,0,0,0,0.011592444
23692,7125.816448,1,0,1,0,0,0,0.011552692
23694,7125.849792,1,0,1,0,0,0,0.011589655
23696,7125.883104,1,0,1,0,0,0,0.011564896
23698,7125.916448,1,0,1,0,0,0,0.01156106
23700,7125.949792,1,0,1,0,0,0,0.0116043
23702,7125.983104,1,0,1,0,0,0,0.011565245
23704,7126.016448,1,0,1,0,0,0,0.011562455
23706,7126.04976,1,0,1,0,0,0,0.011575358
23708,7126.083104,1,0,1,0,0,0,0.011567686
23710,7126.116448,1,0,1,0,0,0,0.011509103
23712,7126.14976,1,0,1,0,0,0,0.011491668
23714,7126.183104,1,0,1,0,0,0,0.011520262
23716,7126.216448,1,0,1,0,0,0,0.011563501
23718,7126.24976,1,0,1,0,0,0,0.011563153
23720,7126.283104,1,0,1,0,0,0,0.01159349
23722,7126.316448,1,0,1,0,0,0,0.011542928
23724,7126.34976,1,0,1,0,0,0,0.011556876
23726,7126.383104,1,0,1,0,0,0,0.01158547
23728,7126.416416,1,0,1,0,0,0,0.011578147
23730,7126.44976,1,0,1,0,0,0,0.011611274
23732,7126.483104,1,0,1,0,0,0,0.011610926
23734,7126.516416,1,0,1,0,0,0,0.011589655
23736,7126.54976,1,0,1,0,0,0,0.011597675
23738,7126.583104,1,0,1,0,0,0,0.011593839
23740,7126.616416,1,0,1,0,0,0,0.011616156
23742,7126.64976,1,0,1,0,0,0,0.011574311
23744,7126.683072,1,0,1,0,0,0,0.011564548
23746,7126.716416,1,0,1,0,0,0,0.011578147
23748,7126.74976,1,0,1,0,0,0,0.01158547
23750,7126.783072,1,0,1,0,0,0,0.011593142
23752,7126.816416,1,0,1,0,0,0,0.011532466
23754,7126.849728,1,0,1,0,0,0,0.011533861
23756,7126.883072,1,0,1,0,0,0,0.011583727
23758,7126.916416,1,0,1,0,0,0,0.011571522
23760,7126.949728,1,0,1,0,0,0,0.011575009
23762,7126.983072,1,0,1,0,0,0,0.011602557
23764,7127.016416,1,0,1,0,0,0,0.011541882
23766,7127.049728,1,0,1,0,0,0,0.011551645
23768,7127.083072,1,0,1,0,0,0,0.011535605
23770,7127.116416,1,0,1,0,0,0,0.011548507
23772,7127.149728,1,0,1,0,0,0,0.011575358
23774,7127.183072,1,0,1,0,0,0,0.011556527
23776,7127.216384,1,0,1,0,0,0,0.011587911
23778,7127.249728,1,0,1,0,0,0,0.011540835
23780,7127.283072,1,0,1,0,0,0,0.011542928
23782,7127.316384,1,0,1,0,0,0,0.011554086
23784,7127.349728,1,0,1,0,0,0,0.011558271
23786,7127.383072,1,0,1,0,0,0,0.011569429
23788,7127.416384,1,0,1,0,0,0,0.011575358
23790,7127.449728,1,0,1,0,0,0,0.01158268
23792,7127.48304,1,0,1,0,0,0,0.011628012
23794,7127.516384,1,0,1,0,0,0,0.011595234
23796,7127.549728,1,0,1,0,0,0,0.011671601
23798,7127.58304,1,0,1,0,0,0,0.011588608
23800,7127.616384,1,0,1,0,0,0,0.011591049
23802,7127.649728,1,0,1,0,0,0,0.011543276
23804,7127.68304,1,0,1,0,0,0,0.011553738
23806,7127.716384,1,0,1,0,0,0,0.011552343
23808,7127.749696,1,0,1,0,0,0,0.011571522
23810,7127.78304,1,0,1,0,0,0,0.011569778
23812,7127.816384,1,0,1,0,0,0,0.011554086
23814,7127.849696,1,0,1,0,0,0,0.011576404
23816,7127.88304,1,0,1,0,0,0,0.011569081
23818,7127.916384,1,0,1,0,0,0,0.011576752
23820,7127.949696,1,0,1,0,0,0,0.011581286
23822,7127.98304,1,0,1,0,0,0,0.011572917
23824,7128.016352,1,0,1,0,0,0,0.011530025
23826,7128.049696,1,0,1,0,0,0,0.011571522
23828,7128.08304,1,0,1,0,0,0,0.011551645
23830,7128.116352,1,0,1,0,0,0,0.011525841
23832,7128.149696,1,0,1,0,0,0,0.011560363
23834,7128.183008,1,0,1,0,0,0,0.011540138
23836,7128.216352,1,0,1,0,0,0,0.011556876
23838,7128.249696,1,0,1,0,0,0,0.011527585
23840,7128.283008,1,0,1,0,0,0,0.01155304
23842,7128.316352,1,0,1,0,0,0,0.011546415
23844,7128.349696,1,0,1,0,0,0,0.011576752
23846,7128.383008,1,0,1,0,0,0,0.011598372
23848,7128.416352,1,0,1,0,0,0,0.011546415
23850,7128.449664,1,0,1,0,0,0,0.011564199
23852,7128.483008,1,0,1,0,0,0,0.011562804
23854,7128.516352,1,0,1,0,0,0,0.011555481
23856,7128.549664,1,0,1,0,0,0,0.011516426
23858,7128.583008,1,0,1,0,0,0,0.011545717
23860,7128.616352,1,0,1,0,0,0,0.011534559
23862,7128.649664,1,0,1,0,0,0,0.011545369
23864,7128.683008,1,0,1,0,0,0,0.011555481
23866,7128.716352,1,0,1,0,0,0,0.011610228
23868,7128.749664,1,0,1,0,0,0,0.011583378
23870,7128.783008,1,0,1,0,0,0,0.011569081
23872,7128.81632,1,0,1,0,0,0,0.011551645
23874,7128.849664,1,0,1,0,0,0,0.011599418
23876,7128.883008,1,0,1,0,0,0,0.01157745
23878,7128.91632,1,0,1,0,0,0,0.011580937
23880,7128.949664,1,0,1,0,0,0,0.011601162
23882,7128.983008,1,0,1,0,0,0,0.011532118
23884,7129.01632,1,0,1,0,0,0,0.011563501
23886,7129.049664,1,0,1,0,0,0,0.011583727
23888,7129.082976,1,0,1,0,0,0,0.011558271
23890,7129.11632,1,0,1,0,0,0,0.01157187
23892,7129.149664,1,0,1,0,0,0,0.011557225
23894,7129.182976,1,0,1,0,0,0,0.011599767
23896,7129.21632,1,0,1,0,0,0,0.011579193
23898,7129.249632,1,0,1,0,0,0,0.01163673
23900,7129.282976,1,0,1,0,0,0,0.011641961
23902,7129.31632,1,0,1,0,0,0,0.011620341
23904,7129.349632,1,0,1,0,0,0,0.011632197
23906,7129.382976,1,0,1,0,0,0,0.011683457
23908,7129.41632,1,0,1,0,0,0,0.011624525
23910,7129.449632,1,0,1,0,0,0,0.011657653
23912,7129.482976,1,0,1,0,0,0,0.011581983
23914,7129.51632,1,0,1,0,0,0,0.011582332
23916,7129.549632,1,0,1,0,0,0,0.011563501
23918,7129.582976,1,0,1,0,0,0,0.011543276
23920,7129.616288,1,0,1,0,0,0,0.011571522
23922,7129.649632,1,0,1,0,0,0,0.011539441
23924,7129.682976,1,0,1,0,0,0,0.011557573
23926,7129.716288,1,0,1,0,0,0,0.011600116
23928,7129.749632,1,0,1,0,0,0,0.011581983
23930,7129.782944,1,0,1,0,0,0,0.011581634
23932,7129.816288,1,0,1,0,0,0,0.01156385
23934,7129.849632,1,0,1,0,0,0,0.011550251
23936,7129.882944,1,0,1,0,0,0,0.011569081
23938,7129.916288,1,0,1,0,0,0,0.011521657
23940,7129.9496,1,0,1,0,0,0,0.011543276
23942,7129.982944,1,0,1,0,0,0,0.011549902
23944,7130.016288,1,0,1,0,0,0,0.011538046
23946,7130.0496,1,0,1,0,0,0,0.011538046
23948,7130.082944,1,0,1,0,0,0,0.011520262
23950,7130.116288,1,0,1,0,0,0,0.011569081
23952,7130.1496,1,0,1,0,0,0,0.011570824
23954,7130.182944,1,0,1,0,0,0,0.011508754
23956,7130.216288,1,0,1,0,0,0,0.011541533
23958,7130.2496,1,0,1,0,0,0,0.011551994
23960,7130.282944,1,0,1,0,0,0,0.011600116
23962,7130.316256,1,0,1,0,0,0,0.011518867
23964,7130.3496,1,0,1,0,0,0,0.011536651
23966,7130.382944,1,0,1,0,0,0,0.011518518
23968,7130.416256,1,0,1,0,0,0,0.011542579
23970,7130.4496,1,0,1,0,0,0,0.011513985
23972,7130.482944,1,0,1,0,0,0,0.011475976
23974,7130.516256,1,0,1,0,0,0,0.011539092
23976,7130.5496,1,0,1,0,0,0,0.011518867
23978,7130.582944,1,0,1,0,0,0,0.011547461
23980,7130.616256,1,0,1,0,0,0,0.011539441
23982,7130.6496,1,0,1,0,0,0,0.011519564
23984,7130.682944,1,0,1,0,0,0,0.01152619
23986,7130.716256,1,0,1,0,0,0,0.011531769
23988,7130.7496,1,0,1,0,0,0,0.011541882
23990,7130.782944,1,0,1,0,0,0,0.011518169
23992,7130.816256,1,0,1,0,0,0,0.011495852
23994,7130.8496,1,0,1,0,0,0,0.011524097
23996,7130.882912,1,0,1,0,0,0,0.011587911
23998,7130.916256,1,0,1,0,0,0,0.011594536
24000,7130.949568,1,0,1,0,0,0,0.01157466
24002,7130.982912,1,0,1,0,0,0,0.011577101
24004,7131.016256,1,0,1,0,0,0,0.011528979
24006,7131.049568,1,0,1,0,0,0,0.011542928
24008,7131.082912,1,0,1,0,0,0,0.011546763
24010,7131.116256,1,0,1,0,0,0,0.011553389
24012,7131.149568,1,0,1,0,0,0,0.011521657
24014,7131.182912,1,0,1,0,0,0,0.011553389
24016,7131.216224,1,0,1,0,0,0,0.01156106
24018,7131.249568,1,0,1,0,0,0,0.011579193
24020,7131.282912,1,0,1,0,0,0,0.011585121
24022,7131.316224,1,0,1,0,0,0,0.011541882
24024,7131.349568,1,0,1,0,0,0,0.011592444
24026,7131.382912,1,0,1,0,0,0,0.011554086
24028,7131.416224,1,0,1,0,0,0,0.011564199
24030,7131.449568,1,0,1,0,0,0,0.011522703
24032,7131.48288,1,0,1,0,0,0,0.011536651
24034,7131.516224,1,0,1,0,0,0,0.011532815
24036,7131.549568,1,0,1,0,0,0,0.011555481
24038,7131.58288,1,0,1,0,0,0,0.011572219
24040,7131.616224,1,0,1,0,0,0,0.011571522
24042,7131.649536,1,0,1,0,0,0,0.011564896
24044,7131.68288,1,0,1,0,0,0,0.01159349
24046,7131.716224,1,0,1,0,0,0,0.01157745
24048,7131.749536,1,0,1,0,0,0,0.011530374
24050,7131.78288,1,0,1,0,0,0,0.011548507
24052,7131.816224,1,0,1,0,0,0,0.011514682
24054,7131.849536,1,0,1,0,0,0,0.011602905
24056,7131.88288,1,0,1,0,0,0,0.011528282
24058,7131.916224,1,0,1,0,0,0,0.011559666
24060,7131.949536,1,0,1,0,0,0,0.011531072
24062,7131.98288,1,0,1,0,0,0,0.011541882
24064,7132.016192,1,0,1,0,0,0,0.011532118
24066,7132.049536,1,0,1,0,0,0,0.011552692
24068,7132.08288,1,0,1,0,0,0,0.011540835
24070,7132.116192,1,0,1,0,0,0,0.011510847
24072,7132.149536,1,0,1,0,0,0,0.011516077
24074,7132.18288,1,0,1,0,0,0,0.01149097
24076,7132.216192,1,0,1,0,0,0,0.011522354
24078,7132.249536,1,0,1,0,0,0,0.011504919
24080,7132.282848,1,0,1,0,0,0,0.011521657
24082,7132.316192,1,0,1,0,0,0,0.011500037
24084,7132.349536,1,0,1,0,0,0,0.011546066
24086,7132.382848,1,0,1,0,0,0,0.011516775
24088,7132.416192,1,0,1,0,0,0,0.011518867
24090,7132.449504,1,0,1,0,0,0,0.011530374
24092,7132.482848,1,0,1,0,0,0,0.011526887
24094,7132.516192,1,0,1,0,0,0,0.011505267
24096,7132.549504,1,0,1,0,0,0,0.011536302
24098,7132.582848,1,0,1,0,0,0,0.011518518
24100,7132.616192,1,0,1,0,0,0,0.011547112
24102,7132.649504,1,0,1,0,0,0,0.011544323
24104,7132.682848,1,0,1,0,0,0,0.011541882
24106,7132.716192,1,0,1,0,0,0,0.011486437
24108,7132.749504,1,0,1,0,0,0,0.011491668
24110,7132.782848,1,0,1,0,0,0,0.011532815
24112,7132.81616,1,0,1,0,0,0,0.01157187
24114,7132.849504,1,0,1,0,0,0,0.011600464
24116,7132.882848,1,0,1,0,0,0,0.011594885
24118,7132.91616,1,0,1,0,0,0,0.01157187
24120,7132.949504,1,0,1,0,0,0,0.011596977
24122,7132.982848,1,0,1,0,0,0,0.011583029
24124,7133.01616,1,0,1,0,0,0,0.011583029
24126,7133.049504,1,0,1,0,0,0,0.011577101
24128,7133.082816,1,0,1,0,0,0,0.011578147
24130,7133.11616,1,0,1,0,0,0,0.011585819
24132,7133.149472,1,0,1,0,0,0,0.011608833
24134,7133.182816,1,0,1,0,0,0,0.011542928
24136,7133.21616,1,0,1,0,0,0,0.011575358
24138,7133.249472,1,0,1,0,0,0,0.011575358
24140,7133.282816,1,0,1,0,0,0,0.01158826
24142,7133.31616,1,0,1,0,0,0,0.011543276
24144,7133.349472,1,0,1,0,0,0,0.011578496
24146,7133.382816,1,0,1,0,0,0,0.011605346
24148,7133.41616,1,0,1,0,0,0,0.011576752
24150,7133.449472,1,0,1,0,0,0,0.011594188
24152,7133.482816,1,0,1,0,0,0,0.011602208
24154,7133.51616,1,0,1,0,0,0,0.01159907
24156,7133.549472,1,0,1,0,0,0,0.011620341
24158,7133.582816,1,0,1,0,0,0,0.011632197
24160,7133.616128,1,0,1,0,0,0,0.011623479
24162,7133.649472,1,0,1,0,0,0,0.011601511
24164,7133.682816,1,0,1,0,0,0,0.011591747
24166,7133.716128,1,0,1,0,0,0,0.011604998
24168,7133.749472,1,0,1,0,0,0,0.011624177
24170,7133.782816,1,0,1,0,0,0,0.011643704
24172,7133.816128,1,0,1,0,0,0,0.011605695
24174,7133.849472,1,0,1,0,0,0,0.011601162
24176,7133.882784,1,0,1,0,0,0,0.011620341
24178,7133.916128,1,0,1,0,0,0,0.011626966
24180,7133.949472,1,0,1,0,0,0,0.011621387
24182,7133.982784,1,0,1,0,0,0,0.011646494
24184,7134.016128,1,0,1,0,0,0,0.011642309
24186,7134.049472,1,0,1,0,0,0,0.011634289
24188,7134.082784,1,0,1,0,0,0,0.011653119
24190,7134.116128,1,0,1,0,0,0,0.011625223
24192,7134.149472,1,0,1,0,0,0,0.011631499
24194,7134.182784,1,0,1,0,0,0,0.01165835
24196,7134.216128,1,0,1,0,0,0,0.011647889
24198,7134.249472,1,0,1,0,0,0,0.011648586
24200,7134.282784,1,0,1,0,0,0,0.011662534
24202,7134.316128,1,0,1,0,0,0,0.011630105
24204,7134.349472,1,0,1,0,0,0,0.011608136
24206,7134.382784,1,0,1,0,0,0,0.011649981
24208,7134.416096,1,0,1,0,0,0,0.011638125
24210,7134.449472,1,0,1,0,0,0,0.011627315
24212,7134.482784,1,0,1,0,0,0,0.011656258
24214,7134.516096,1,0,1,0,0,0,0.011670206
24216,7134.549472,1,0,1,0,0,0,0.011619643
24218,7134.582752,1,0,1,0,0,0,0.011649284
24220,7134.616096,1,0,1,0,0,0,0.011670555
24222,7134.649472,1,0,1,0,0,0,0.01165033
24224,7134.682752,1,0,1,0,0,0,0.011703682
24226,7134.716096,1,0,1,0,0,0,0.011638474
24228,7134.749472,1,0,1,0,0,0,0.011659396
24230,7134.782752,1,0,1,0,0,0,0.011677878
24232,7134.816096,1,0,1,0,0,0,0.011653119
24234,7134.849472,1,0,1,0,0,0,0.011642658
24236,7134.882752,1,0,1,0,0,0,0.01164475
24238,7134.916096,1,0,1,0,0,0,0.011640566
24240,7134.949408,1,0,1,0,0,0,0.011639171
24242,7134.982752,1,0,1,0,0,0,0.011668811
24244,7135.016096,1,0,1,0,0,0,0.011698451
24246,7135.049408,1,0,1,0,0,0,0.011631151
24248,7135.082752,1,0,1,0,0,0,0.011659047
24250,7135.116096,1,0,1,0,0,0,0.011653119
24252,7135.149408,1,0,1,0,0,0,0.011665324
24254,7135.182752,1,0,1,0,0,0,0.011640915
24256,7135.216064,1,0,1,0,0,0,0.011652422
24258,7135.249408,1,0,1,0,0,0,0.011652771
24260,7135.282752,1,0,1,0,0,0,0.011632546
24262,7135.316064,1,0,1,0,0,0,0.011686247
24264,7135.349408,1,0,1,0,0,0,0.01166637
24266,7135.382752,1,0,1,0,0,0,0.011643007
24268,7135.416064,1,0,1,0,0,0,0.011681713
24270,7135.449408,1,0,1,0,0,0,0.011698103
24272,7135.48272,1,0,1,0,0,0,0.011634289
24274,7135.516064,1,0,1,0,0,0,0.011664975
24276,7135.549408,1,0,1,0,0,0,0.011638125
24278,7135.58272,1,0,1,0,0,0,0.011637079
24280,7135.616064,1,0,1,0,0,0,0.01162871
24282,7135.649408,1,0,1,0,0,0,0.011621736
24284,7135.68272,1,0,1,0,0,0,0.011586167
24286,7135.716064,1,0,1,0,0,0,0.011639171
24288,7135.749376,1,0,1,0,0,0,0.011607439
24290,7135.78272,1,0,1,0,0,0,0.011619992
24292,7135.816064,1,0,1,0,0,0,0.011643704
24294,7135.849376,1,0,1,0,0,0,0.011631499
24296,7135.88272,1,0,1,0,0,0,0.011644402
24298,7135.916032,1,0,1,0,0,0,0.011634638
24300,7135.949376,1,0,1,0,0,0,0.011641263
24302,7135.98272,1,0,1,0,0,0,0.011643704
24304,7136.016032,1,0,1,0,0,0,0.011667765
24306,7136.049376,1,0,1,0,0,0,0.011637428
24308,7136.08272,1,0,1,0,0,0,0.011604998
24310,7136.116032,1,0,1,0,0,0,0.011585121
24312,7136.149376,1,0,1,0,0,0,0.011649284
24314,7136.182688,1,0,1,0,0,0,0.011648586
24316,7136.216032,1,0,1,0,0,0,0.011600813
24318,7136.249376,1,0,1,0,0,0,0.011620341
24320,7136.282688,1,0,1,0,0,0,0.011637776
24322,7136.316032,1,0,1,0,0,0,0.011636381
24324,7136.349376,1,0,1,0,0,0,0.011657653
24326,7136.382688,1,0,1,0,0,0,0.01165033
24328,7136.416032,1,0,1,0,0,0,0.011593839
24330,7136.449376,1,0,1,0,0,0,0.011659396
24332,7136.482688,1,0,1,0,0,0,0.011641612
24334,7136.516032,1,0,1,0,0,0,0.011637079
24336,7136.549344,1,0,1,0,0,0,0.011642309
24338,7136.582688,1,0,1,0,0,0,0.011640566
24340,7136.616032,1,0,1,0,0,0,0.011652422
24342,7136.649344,1,0,1,0,0,0,0.011647889
24344,7136.682688,1,0,1,0,0,0,0.01162871
24346,7136.716032,1,0,1,0,0,0,0.011642309
24348,7136.749344,1,0,1,0,0,0,0.011624525
24350,7136.782688,1,0,1,0,0,0,0.011628012
24352,7136.816,1,0,1,0,0,0,0.011618946
24354,7136.849344,1,0,1,0,0,0,0.01163952
24356,7136.882688,1,0,1,0,0,0,0.01166637
24358,7136.916,1,0,1,0,0,0,0.011668114
24360,7136.949344,1,0,1,0,0,0,0.011665324
24362,7136.982688,1,0,1,0,0,0,0.011629756
24364,7137.016,1,0,1,0,0,0,0.011672298
24366,7137.049344,1,0,1,0,0,0,0.011631499
24368,7137.082656,1,0,1,0,0,0,0.011643007
24370,7137.116,1,0,1,0,0,0,0.011674739
24372,7137.149344,1,0,1,0,0,0,0.011670206
24374,7137.182656,1,0,1,0,0,0,0.011656955
24376,7137.216,1,0,1,0,0,0,0.011666022
24378,7137.249344,1,0,1,0,0,0,0.011656606
24380,7137.282656,1,0,1,0,0,0,0.011659396
24382,7137.316,1,0,1,0,0,0,0.011694616
24384,7137.349312,1,0,1,0,0,0,0.011666719
24386,7137.382656,1,0,1,0,0,0,0.011628012
24388,7137.416,1,0,1,0,0,0,0.011665324
24390,7137.449312,1,0,1,0,0,0,0.01165835
24392,7137.482656,1,0,1,0,0,0,0.011678226
24394,7137.515968,1,0,1,0,0,0,0.011637079
24396,7137.549312,1,0,1,0,0,0,0.011608833
24398,7137.582656,1,0,1,0,0,0,0.01162069
24400,7137.615968,1,0,1,0,0,0,0.01162069
24402,7137.649312,1,0,1,0,0,0,0.011639868
24404,7137.682656,1,0,1,0,0,0,0.011639868
24406,7137.715968,1,0,1,0,0,0,0.011652422
24408,7137.749312,1,0,1,0,0,0,0.011642309
24410,7137.782624,1,0,1,0,0,0,0.011652771
24412,7137.815968,1,0,1,0,0,0,0.011630105
24414,7137.849312,1,0,1,0,0,0,0.011630105
24416,7137.882624,1,0,1,0,0,0,0.01164754
24418,7137.915968,1,0,1,0,0,0,0.011634289
24420,7137.949312,1,0,1,0,0,0,0.011601162
24422,7137.982624,1,0,1,0,0,0,0.011564896
24424,7138.015968,1,0,1,0,0,0,0.011603952
24426,7138.049312,1,0,1,0,0,0,0.011629756
24428,7138.082624,1,0,1,0,0,0,0.011612669
24430,7138.115968,1,0,1,0,0,0,0.011626966
24432,7138.14928,1,0,1,0,0,0,0.01163673
24434,7138.182624,1,0,1,0,0,0,0.011636033
24436,7138.215968,1,0,1,0,0,0,0.011643704
24438,7138.24928,1,0,1,0,0,0,0.011638125
24440,7138.282624,1,0,1,0,0,0,0.011646494
24442,7138.315968,1,0,1,0,0,0,0.011610577
24444,7138.34928,1,0,1,0,0,0,0.01155304
24446,7138.382624,1,0,1,0,0,0,0.011622084
24448,7138.415936,1,0,1,0,0,0,0.011599767
24450,7138.44928,1,0,1,0,0,0,0.011630453
24452,7138.482624,1,0,1,0,0,0,0.01158268
24454,7138.515936,1,0,1,0,0,0,0.011638822
24456,7138.54928,1,0,1,0,0,0,0.011621038
24458,7138.582624,1,0,1,0,0,0,0.011583029
24460,7138.615936,1,0,1,0,0,0,0.011629407
24462,7138.64928,1,0,1,0,0,0,0.011550251
24464,7138.682592,1,0,1,0,0,0,0.011602905
24466,7138.715936,1,0,1,0,0,0,0.011618946
24468,7138.74928,1,0,1,0,0,0,0.01159349
24470,7138.782592,1,0,1,0,0,0,0.011622433
24472,7138.815936,1,0,1,0,0,0,0.011603603
24474,7138.849248,1,0,1,0,0,0,0.011618946
24476,7138.882592,1,0,1,0,0,0,0.011609531
24478,7138.915936,1,0,1,0,0,0,0.011634638
24480,7138.949248,1,0,1,0,0,0,0.011637428
24482,7138.982592,1,0,1,0,0,0,0.011622084
24484,7139.015936,1,0,1,0,0,0,0.011640566
24486,7139.049248,1,0,1,0,0,0,0.011656955
24488,7139.082592,1,0,1,0,0,0,0.011619992
24490,7139.115904,1,0,1,0,0,0,0.011709261
24492,7139.149248,1,0,1,0,0,0,0.011666719
24494,7139.182592,1,0,1,0,0,0,0.011693221
24496,7139.215904,1,0,1,0,0,0,0.011661837
24498,7139.249248,1,0,1,0,0,0,0.011665673
24500,7139.282592,1,0,1,0,0,0,0.011678226
24502,7139.315904,1,0,1,0,0,0,0.011640566
24504,7139.349248,1,0,1,0,0,0,0.011600116
24506,7139.382592,1,0,1,0,0,0,0.011620341
24508,7139.415904,1,0,1,0,0,0,0.011618946
24510,7139.449248,1,0,1,0,0,0,0.011650678
24512,7139.48256,1,0,1,0,0,0,0.011633592
24514,7139.515904,1,0,1,0,0,0,0.011691477
24516,7139.549248,1,0,1,0,0,0,0.011619643
24518,7139.58256,1,0,1,0,0,0,0.011640566
24520,7139.615904,1,0,1,0,0,0,0.011611623
24522,7139.649248,1,0,1,0,0,0,0.011659047
24524,7139.68256,1,0,1,0,0,0,0.011605346
24526,7139.715904,1,0,1,0,0,0,0.011581634
24528,7139.749216,1,0,1,0,0,0,0.011597675
24530,7139.78256,1,0,1,0,0,0,0.011626618
24532,7139.815904,1,0,1,0,0,0,0.011598721
24534,7139.849216,1,0,1,0,0,0,0.011578845
24536,7139.88256,1,0,1,0,0,0,0.011609182
24538,7139.915904,1,0,1,0,0,0,0.011594536
24540,7139.949216,1,0,1,0,0,0,0.01160709
24542,7139.98256,1,0,1,0,0,0,0.011595583
24544,7140.015872,1,0,1,0,0,0,0.01157466
24546,7140.049216,1,0,1,0,0,0,0.011562107
24548,7140.08256,1,0,1,0,0,0,0.011556179
24550,7140.115872,1,0,1,0,0,0,0.011550251
24552,7140.149216,1,0,1,0,0,0,0.011602557
24554,7140.182528,1,0,1,0,0,0,0.011551994
24556,7140.215872,1,0,1,0,0,0,0.01158547
24558,7140.249216,1,0,1,0,0,0,0.011556179
24560,7140.282528,1,0,1,0,0,0,0.011576752
24562,7140.315872,1,0,1,0,0,0,0.011592444
24564,7140.349216,1,0,1,0,0,0,0.01157187
24566,7140.382528,1,0,1,0,0,0,0.01154781
24568,7140.415872,1,0,1,0,0,0,0.011576055
24570,7140.449216,1,0,1,0,0,0,0.011596629
24572,7140.482528,1,0,1,0,0,0,0.011591398
24574,7140.515872,1,0,1,0,0,0,0.011563501
24576,7140.549184,1,0,1,0,0,0,0.011611972
24578,7140.582528,1,0,1,0,0,0,0.011611972
24580,7140.615872,1,0,1,0,0,0,0.011557225
24582,7140.649184,1,0,1,0,0,0,0.011590701
24584,7140.682528,1,0,1,0,0,0,0.011554435
24586,7140.715872,1,0,1,0,0,0,0.011608136
24588,7140.749184,1,0,1,0,0,0,0.011564548
24590,7140.782528,1,0,1,0,0,0,0.011575706
24592,7140.81584,1,0,1,0,0,0,0.011601511
24594,7140.849184,1,0,1,0,0,0,0.01159349
24596,7140.882528,1,0,1,0,0,0,0.011560712
24598,7140.91584,1,0,1,0,0,0,0.011568035
24600,7140.949184,1,0,1,0,0,0,0.011587911
24602,7140.982528,1,0,1,0,0,0,0.011581983
24604,7141.01584,1,0,1,0,0,0,0.011604649
24606,7141.049184,1,0,1,0,0,0,0.011598372
24608,7141.082496,1,0,1,0,0,0,0.011589306
24610,7141.11584,1,0,1,0,0,0,0.011619992
24612,7141.149184,1,0,1,0,0,0,0.011616156
24614,7141.182496,1,0,1,0,0,0,0.011625223
24616,7141.21584,1,0,1,0,0,0,0.011546066
24618,7141.249152,1,0,1,0,0,0,0.01156106
24620,7141.282496,1,0,1,0,0,0,0.011569778
24622,7141.31584,1,0,1,0,0,0,0.011557573
24624,7141.349152,1,0,1,0,0,0,0.011598372
24626,7141.382496,1,0,1,0,0,0,0.011590352
24628,7141.41584,1,0,1,0,0,0,0.011567337
24630,7141.449152,1,0,1,0,0,0,0.01160988
24632,7141.482496,1,0,1,0,0,0,0.0116043
24634,7141.515808,1,0,1,0,0,0,0.011568383
24636,7141.549152,1,0,1,0,0,0,0.011541184
24638,7141.582496,1,0,1,0,0,0,0.011637776
24640,7141.615808,1,0,1,0,0,0,0.011574311
24642,7141.649152,1,0,1,0,0,0,0.011582332
24644,7141.682496,1,0,1,0,0,0,0.011634638
24646,7141.715808,1,0,1,0,0,0,0.011596629
24648,7141.749152,1,0,1,0,0,0,0.011623479
24650,7141.782496,1,0,1,0,0,0,0.011630105
24652,7141.815808,1,0,1,0,0,0,0.011588608
24654,7141.849152,1,0,1,0,0,0,0.011616854
24656,7141.882464,1,0,1,0,0,0,0.011541533
24658,7141.915808,1,0,1,0,0,0,0.011560712
24660,7141.949152,1,0,1,0,0,0,0.011576752
24662,7141.982464,1,0,1,0,0,0,0.011622084
24664,7142.015808,1,0,1,0,0,0,0.011591747
24666,7142.049152,1,0,1,0,0,0,0.011569778
24668,7142.082464,1,0,1,0,0,0,0.011598721
24670,7142.115808,1,0,1,0,0,0,0.01162871
24672,7142.14912,1,0,1,0,0,0,0.011666719
24674,7142.182464,1,0,1,0,0,0,0.0116852
24676,7142.215808,1,0,1,0,0,0,0.011619295
24678,7142.24912,1,0,1,0,0,0,0.011663232
24680,7142.282464,1,0,1,0,0,0,0.011654514
24682,7142.315808,1,0,1,0,0,0,0.011639868
24684,7142.34912,1,0,1,0,0,0,0.011604998
24686,7142.382464,1,0,1,0,0,0,0.011649632
24688,7142.415776,1,0,1,0,0,0,0.011656606
24690,7142.44912,1,0,1,0,0,0,0.011634289
24692,7142.482464,1,0,1,0,0,0,0.011663929
24694,7142.515776,1,0,1,0,0,0,0.011600464
24696,7142.54912,1,0,1,0,0,0,0.011608136
24698,7142.582464,1,0,1,0,0,0,0.011632546
24700,7142.615776,1,0,1,0,0,0,0.011619643
24702,7142.64912,1,0,1,0,0,0,0.011599418
24704,7142.682432,1,0,1,0,0,0,0.011643007
24706,7142.715776,1,0,1,0,0,0,0.011594885
24708,7142.74912,1,0,1,0,0,0,0.011617202
24710,7142.782432,1,0,1,0,0,0,0.011617551
24712,7142.815776,1,0,1,0,0,0,0.011626269
24714,7142.849088,1,0,1,0,0,0,0.011590352
24716,7142.882432,1,0,1,0,0,0,0.011621038
24718,7142.915776,1,0,1,0,0,0,0.011629059
24720,7142.949088,1,0,1,0,0,0,0.011635684
24722,7142.982432,1,0,1,0,0,0,0.011584773
24724,7143.015776,1,0,1,0,0,0,0.011588957
24726,7143.049088,1,0,1,0,0,0,0.011627664
24728,7143.082432,1,0,1,0,0,0,0.011594885
24730,7143.115744,1,0,1,0,0,0,0.011657304
24732,7143.149088,1,0,1,0,0,0,0.01165033
24734,7143.182432,1,0,1,0,0,0,0.011600813
24736,7143.215744,1,0,1,0,0,0,0.011642658
24738,7143.249088,1,0,1,0,0,0,0.011572568
24740,7143.282432,1,0,1,0,0,0,0.011614762
24742,7143.315744,1,0,1,0,0,0,0.011608485
24744,7143.349088,1,0,1,0,0,0,0.011612669
24746,7143.382432,1,0,1,0,0,0,0.011630453
24748,7143.415744,1,0,1,0,0,0,0.011608485
24750,7143.449088,1,0,1,0,0,0,0.011613367
24752,7143.4824,1,0,1,0,0,0,0.011601511
24754,7143.515744,1,0,1,0,0,0,0.011587214
24756,7143.549088,1,0,1,0,0,0,0.01162592
24758,7143.5824,1,0,1,0,0,0,0.011603254
24760,7143.615744,1,0,1,0,0,0,0.011601511
24762,7143.649088,1,0,1,0,0,0,0.011611972
24764,7143.6824,1,0,1,0,0,0,0.011614413
24766,7143.715744,1,0,1,0,0,0,0.011614762
24768,7143.749056,1,0,1,0,0,0,0.011576404
24770,7143.7824,1,0,1,0,0,0,0.011622433
24772,7143.815744,1,0,1,0,0,0,0.011619643
24774,7143.849056,1,0,1,0,0,0,0.011631499
24776,7143.8824,1,0,1,0,0,0,0.011586865
24778,7143.915712,1,0,1,0,0,0,0.011628361
24780,7143.949056,1,0,1,0,0,0,0.011606393
24782,7143.9824,1,0,1,0,0,0,0.011582332
24784,7144.015712,1,0,1,0,0,0,0.01163673
24786,7144.049056,1,0,1,0,0,0,0.011601511
24788,7144.0824,1,0,1,0,0,0,0.011613367
24790,7144.115712,1,0,1,0,0,0,0.01158547
24792,7144.149056,1,0,1,0,0,0,0.011557225
24794,7144.182368,1,0,1,0,0,0,0.011678924
24796,7144.215712,1,0,1,0,0,0,0.011598721
24798,7144.249056,1,0,1,0,0,0,0.011578496
24800,7144.282368,1,0,1,0,0,0,0.011575706
24802,7144.315712,1,0,1,0,0,0,0.011593839
24804,7144.349056,1,0,1,0,0,0,0.011595583
24806,7144.382368,1,0,1,0,0,0,0.011560014
24808,7144.415712,1,0,1,0,0,0,0.011582332
24810,7144.449024,1,0,1,0,0,0,0.011593839
24812,7144.482368,1,0,1,0,0,0,0.011573963
24814,7144.515712,1,0,1,0,0,0,0.011618946
24816,7144.549024,1,0,1,0,0,0,0.011557225
24818,7144.582368,1,0,1,0,0,0,0.011537
24820,7144.615712,1,0,1,0,0,0,0.011554086
24822,7144.649024,1,0,1,0,0,0,0.01158547
24824,7144.682368,1,0,1,0,0,0,0.011569429
24826,7144.71568,1,0,1,0,0,0,0.011569081
24828,7144.749024,1,0,1,0,0,0,0.011557922
24830,7144.782368,1,0,1,0,0,0,0.011581634
24832,7144.81568,1,0,1,0,0,0,0.011556527
24834,7144.849024,1,0,1,0,0,0,0.011556876
24836,7144.882368,1,0,1,0,0,0,0.011613715
24838,7144.91568,1,0,1,0,0,0,0.011598372
24840,7144.949024,1,0,1,0,0,0,0.011559666
24842,7144.982368,1,0,1,0,0,0,0.011539441
24844,7145.01568,1,0,1,0,0,0,0.011542579
24846,7145.049024,1,0,1,0,0,0,0.011551994
24848,7145.082336,1,0,1,0,0,0,0.011564548
24850,7145.11568,1,0,1,0,0,0,0.011536651
24852,7145.149024,1,0,1,0,0,0,0.011586167
24854,7145.182336,1,0,1,0,0,0,0.011573614
24856,7145.21568,1,0,1,0,0,0,0.011524097
24858,7145.249024,1,0,1,0,0,0,0.01153421
24860,7145.282336,1,0,1,0,0,0,0.011556876
24862,7145.31568,1,0,1,0,0,0,0.011516426
24864,7145.348992,1,0,1,0,0,0,0.011519913
24866,7145.382336,1,0,1,0,0,0,0.011576752
24868,7145.41568,1,0,1,0,0,0,0.011573265
24870,7145.448992,1,0,1,0,0,0,0.011515728
24872,7145.482336,1,0,1,0,0,0,0.011525144
24874,7145.51568,1,0,1,0,0,0,0.01157466
24876,7145.548992,1,0,1,0,0,0,0.011578496
24878,7145.582336,1,0,1,0,0,0,0.011587911
24880,7145.615648,1,0,1,0,0,0,0.011584424
24882,7145.648992,1,0,1,0,0,0,0.011579193
24884,7145.682336,1,0,1,0,0,0,0.011576055
24886,7145.715648,1,0,1,0,0,0,0.011591049
24888,7145.748992,1,0,1,0,0,0,0.011571173
24890,7145.782336,1,0,1,0,0,0,0.01159628
24892,7145.815648,1,0,1,0,0,0,0.01156664
24894,7145.848992,1,0,1,0,0,0,0.011598372
24896,7145.882304,1,0,1,0,0,0,0.011562107
24898,7145.915648,1,0,1,0,0,0,0.011552692
24900,7145.948992,1,0,1,0,0,0,0.011554086
24902,7145.982304,1,0,1,0,0,0,0.011558968
24904,7146.015648,1,0,1,0,0,0,0.011489575
24906,7146.04896,1,0,1,0,0,0,0.011503175
24908,7146.082304,1,0,1,0,0,0,0.01151259
24910,7146.115648,1,0,1,0,0,0,0.011493062
24912,7146.14896,1,0,1,0,0,0,0.011480509
24914,7146.182304,1,0,1,0,0,0,0.011511893
24916,7146.215648,1,0,1,0,0,0,0.011491668
24918,7146.24896,1,0,1,0,0,0,0.01150178
24920,7146.282304,1,0,1,0,0,0,0.011501083
24922,7146.315616,1,0,1,0,0,0,0.011463771
24924,7146.34896,1,0,1,0,0,0,0.011474232
24926,7146.382304,1,0,1,0,0,0,0.011438315
24928,7146.415616,1,0,1,0,0,0,0.011504221
24930,7146.44896,1,0,1,0,0,0,0.01149097
24932,7146.482304,1,0,1,0,0,0,0.011477371
24934,7146.515616,1,0,1,0,0,0,0.01146412
24936,7146.54896,1,0,1,0,0,0,0.011479463
24938,7146.582272,1,0,1,0,0,0,0.011472489
24940,7146.615616,1,0,1,0,0,0,0.011493411
24942,7146.64896,1,0,1,0,0,0,0.011420531
24944,7146.682272,1,0,1,0,0,0,0.011479812
24946,7146.715616,1,0,1,0,0,0,0.011501083
24948,7146.74896,1,0,1,0,0,0,0.011459238
24950,7146.782272,1,0,1,0,0,0,0.011459587
24952,7146.815616,1,0,1,0,0,0,0.011451915
24954,7146.84896,1,0,1,0,0,0,0.011501083
24956,7146.882272,1,0,1,0,0,0,0.011491668
24958,7146.915616,1,0,1,0,0,0,0.011461679
24960,7146.948928,1,0,1,0,0,0,0.011481206
24962,7146.982272,1,0,1,0,0,0,0.011503872
24964,7147.015616,1,0,1,0,0,0,0.011468653
24966,7147.048928,1,0,1,0,0,0,0.011500037
24968,7147.082272,1,0,1,0,0,0,0.0115234
24970,7147.115584,1,0,1,0,0,0,0.011444592
24972,7147.148928,1,0,1,0,0,0,0.01150178
24974,7147.182272,1,0,1,0,0,0,0.011497944
24976,7147.215584,1,0,1,0,0,0,0.011473535
24978,7147.248928,1,0,1,0,0,0,0.011437967
24980,7147.282272,1,0,1,0,0,0,0.011407629
24982,7147.315584,1,0,1,0,0,0,0.011395424
24984,7147.348928,1,0,1,0,0,0,0.011305109
24986,7147.382272,1,0,1,0,0,0,0.011332657
24988,7147.415584,1,0,1,0,0,0,0.011339631
24990,7147.448928,1,0,1,0,0,0,0.011321847
24992,7147.48224,1,0,1,0,0,0,0.011339631
24994,7147.515584,1,0,1,0,0,0,0.011356369
24996,7147.548928,1,0,1,0,0,0,0.011398563
24998,7147.58224,1,0,1,0,0,0,0.011417393
25000,7147.615584,1,0,1,0,0,0,0.011449474
25002,7147.648896,1,0,1,0,0,0,0.011518867
25004,7147.68224,1,0,1,0,0,0,0.011501083
25006,7147.715584,1,0,1,0,0,0,0.01147493
25008,7147.748896,1,0,1,0,0,0,0.01150457
25010,7147.78224,1,0,1,0,0,0,0.011509452
25012,7147.815552,1,0,1,0,0,0,0.011532815
25014,7147.848896,1,0,1,0,0,0,0.011565245
25016,7147.88224,1,0,1,0,0,0,0.011528979
25018,7147.915552,1,0,1,0,0,0,0.011557922
25020,7147.948896,1,0,1,0,0,0,0.011580239
25022,7147.98224,1,0,1,0,0,0,0.011541882
25024,7148.015552,1,0,1,0,0,0,0.011584773
25026,7148.048896,1,0,1,0,0,0,0.011557573
25028,7148.08224,1,0,1,0,0,0,0.011581634
25030,7148.115552,1,0,1,0,0,0,0.011551994
25032,7148.148896,1,0,1,0,0,0,0.011557573
25034,7148.182208,1,0,1,0,0,0,0.011497247
25036,7148.215552,1,0,1,0,0,0,0.011536302
25038,7148.248896,1,0,1,0,0,0,0.011529328
25040,7148.282208,1,0,1,0,0,0,0.011507011
25042,7148.315552,1,0,1,0,0,0,0.011519913
25044,7148.348896,1,0,1,0,0,0,0.011478765
25046,7148.382208,1,0,1,0,0,0,0.011513636
25048,7148.415552,1,0,1,0,0,0,0.01150178
25050,7148.448896,1,0,1,0,0,0,0.011540138
25052,7148.482208,1,0,1,0,0,0,0.011539441
25054,7148.515552,1,0,1,0,0,0,0.011530374
25056,7148.548864,1,0,1,0,0,0,0.011528282
25058,7148.582208,1,0,1,0,0,0,0.011542928
25060,7148.615552,1,0,1,0,0,0,0.011542928
25062,7148.648864,1,0,1,0,0,0,0.011572568
25064,7148.682208,1,0,1,0,0,0,0.01155304
25066,7148.71552,1,0,1,0,0,0,0.011560014
25068,7148.748864,1,0,1,0,0,0,0.011515031
25070,7148.782208,1,0,1,0,0,0,0.011541882
25072,7148.81552,1,0,1,0,0,0,0.011550251
25074,7148.848864,1,0,1,0,0,0,0.011568732
25076,7148.882208,1,0,1,0,0,0,0.011502478
25078,7148.91552,1,0,1,0,0,0,0.011516077
25080,7148.948864,1,0,1,0,0,0,0.011536302
25082,7148.982208,1,0,1,0,0,0,0.011510847
25084,7149.01552,1,0,1,0,0,0,0.011546066
25086,7149.048864,1,0,1,0,0,0,0.011533513
25088,7149.082176,1,0,1,0,0,0,0.011517123
25090,7149.11552,1,0,1,0,0,0,0.011551645
25092,7149.148864,1,0,1,0,0,0,0.011556179
25094,7149.182176,1,0,1,0,0,0,0.011620341
25096,7149.21552,1,0,1,0,0,0,0.011571173
25098,7149.248864,1,0,1,0,0,0,0.011554086
25100,7149.282176,1,0,1,0,0,0,0.011517123
25102,7149.31552,1,0,1,0,0,0,0.01153421
25104,7149.348832,1,0,1,0,0,0,0.011549553
25106,7149.382176,1,0,1,0,0,0,0.011580937
25108,7149.41552,1,0,1,0,0,0,0.011556527
25110,7149.448832,1,0,1,0,0,0,0.011552343
25112,7149.482176,1,0,1,0,0,0,0.011554435
25114,7149.515488,1,0,1,0,0,0,0.011564199
25116,7149.548832,1,0,1,0,0,0,0.01153142
25118,7149.582176,1,0,1,0,0,0,0.011545717
25120,7149.615488,1,0,1,0,0,0,0.011554435
25122,7149.648832,1,0,1,0,0,0,0.011543625
25124,7149.682176,1,0,1,0,0,0,0.011543625
25126,7149.715488,1,0,1,0,0,0,0.011552692
25128,7149.748832,1,0,1,0,0,0,0.01153142
25130,7149.782144,1,0,1,0,0,0,0.011545717
25132,7149.815488,1,0,1,0,0,0,0.011556527
25134,7149.848832,1,0,1,0,0,0,0.011552343
25136,7149.882144,1,0,1,0,0,0,0.011576055
25138,7149.915488,1,0,1,0,0,0,0.011600813
25140,7149.948832,1,0,1,0,0,0,0.011581634
25142,7149.982144,1,0,1,0,0,0,0.011571522
25144,7150.015488,1,0,1,0,0,0,0.011559666
25146,7150.048832,1,0,1,0,0,0,0.011575358
25148,7150.082144,1,0,1,0,0,0,0.011543625
25150,7150.115488,1,0,1,0,0,0,0.01157187
25152,7150.1488,1,0,1,0,0,0,0.011551297
25154,7150.182144,1,0,1,0,0,0,0.011606741
25156,7150.215488,1,0,1,0,0,0,0.011585819
25158,7150.2488,1,0,1,0,0,0,0.011561409
25160,7150.282144,1,0,1,0,0,0,0.011571173
25162,7150.315488,1,0,1,0,0,0,0.011573265
25164,7150.3488,1,0,1,0,0,0,0.011557225
25166,7150.382144,1,0,1,0,0,0,0.011572917
25168,7150.415488,1,0,1,0,0,0,0.011594885
25170,7150.4488,1,0,1,0,0,0,0.011564896
25172,7150.482144,1,0,1,0,0,0,0.011572219
25174,7150.515488,1,0,1,0,0,0,0.011583727
25176,7150.5488,1,0,1,0,0,0,0.011587911
25178,7150.582144,1,0,1,0,0,0,0.011597326
25180,7150.615488,1,0,1,0,0,0,0.011561758
25182,7150.6488,1,0,1,0,0,0,0.011549204
25184,7150.682112,1,0,1,0,0,0,0.011551645
25186,7150.715488,1,0,1,0,0,0,0.011602208
25188,7150.7488,1,0,1,0,0,0,0.011567337
25190,7150.782112,1,0,1,0,0,0,0.011610926
25192,7150.815488,1,0,1,0,0,0,0.011581634
25194,7150.8488,1,0,1,0,0,0,0.011559666
25196,7150.882112,1,0,1,0,0,0,0.01157745
25198,7150.915488,1,0,1,0,0,0,0.011581983
25200,7150.948768,1,0,1,0,0,0,0.011551645
25202,7150.982112,1,0,1,0,0,0,0.011579193
25204,7151.015488,1,0,1,0,0,0,0.011614413
25206,7151.048768,1,0,1,0,0,0,0.011610228
25208,7151.082112,1,0,1,0,0,0,0.011588608
25210,7151.115488,1,0,1,0,0,0,0.01158547
25212,7151.148768,1,0,1,0,0,0,0.011587562
25214,7151.182112,1,0,1,0,0,0,0.011604649
25216,7151.215488,1,0,1,0,0,0,0.011614762
25218,7151.248768,1,0,1,0,0,0,0.011590003
25220,7151.282112,1,0,1,0,0,0,0.011565245
25222,7151.315488,1,0,1,0,0,0,0.011598721
25224,7151.348768,1,0,1,0,0,0,0.011625571
25226,7151.38208,1,0,1,0,0,0,0.011585121
25228,7151.415488,1,0,1,0,0,0,0.011604649
25230,7151.448768,1,0,1,0,0,0,0.011613367
25232,7151.48208,1,0,1,0,0,0,0.011584075
25234,7151.515488,1,0,1,0,0,0,0.011606393
25236,7151.548768,1,0,1,0,0,0,0.011619295
25238,7151.58208,1,0,1,0,0,0,0.011599767
25240,7151.615488,1,0,1,0,0,0,0.011601859
25242,7151.648736,1,0,1,0,0,0,0.011649981
25244,7151.68208,1,0,1,0,0,0,0.011601511
25246,7151.715424,1,0,1,0,0,0,0.01160988
25248,7151.748736,1,0,1,0,0,0,0.011619992
25250,7151.78208,1,0,1,0,0,0,0.011548158
25252,7151.815424,1,0,1,0,0,0,0.011563153
25254,7151.848736,1,0,1,0,0,0,0.011554435
25256,7151.88208,1,0,1,0,0,0,0.01159907
25258,7151.915424,1,0,1,0,0,0,0.011612669
25260,7151.948736,1,0,1,0,0,0,0.011619295
25262,7151.98208,1,0,1,0,0,0,0.011603254
25264,7152.015392,1,0,1,0,0,0,0.011599418
25266,7152.048736,1,0,1,0,0,0,0.011577798
25268,7152.08208,1,0,1,0,0,0,0.011599767
25270,7152.115392,1,0,1,0,0,0,0.011539789
25272,7152.148736,1,0,1,0,0,0,0.011567686
25274,7152.18208,1,0,1,0,0,0,0.011518169
25276,7152.215392,1,0,1,0,0,0,0.011544671
25278,7152.248736,1,0,1,0,0,0,0.01155304
25280,7152.282048,1,0,1,0,0,0,0.011536302
25282,7152.315392,1,0,1,0,0,0,0.011517123
25284,7152.348736,1,0,1,0,0,0,0.011503524
25286,7152.382048,1,0,1,0,0,0,0.011511544
25288,7152.415392,1,0,1,0,0,0,0.011523749
25290,7152.448736,1,0,1,0,0,0,0.011502129
25292,7152.482048,1,0,1,0,0,0,0.011520262
25294,7152.515392,1,0,1,0,0,0,0.011487483
25296,7152.548704,1,0,1,0,0,0,0.011516426
25298,7152.582048,1,0,1,0,0,0,0.011549204
25300,7152.615392,1,0,1,0,0,0,0.011537
25302,7152.648704,1,0,1,0,0,0,0.011519564
25304,7152.682048,1,0,1,0,0,0,0.011535954
25306,7152.715392,1,0,1,0,0,0,0.011503175
25308,7152.748704,1,0,1,0,0,0,0.011466909
25310,7152.782048,1,0,1,0,0,0,0.011500734
25312,7152.81536,1,0,1,0,0,0,0.011469699
25314,7152.848704,1,0,1,0,0,0,0.011513288
25316,7152.882048,1,0,1,0,0,0,0.011497247
25318,7152.91536,1,0,1,0,0,0,0.011473186
25320,7152.948704,1,0,1,0,0,0,0.011454356
25322,7152.982016,1,0,1,0,0,0,0.011449125
25324,7153.01536,1,0,1,0,0,0,0.011438664
25326,7153.048704,1,0,1,0,0,0,0.01145331
25328,7153.082016,1,0,1,0,0,0,0.011429946
25330,7153.11536,1,0,1,0,0,0,0.011464817
25332,7153.148704,1,0,1,0,0,0,0.01143971
25334,7153.182016,1,0,1,0,0,0,0.011422275
25336,7153.21536,1,0,1,0,0,0,0.011461679
25338,7153.248672,1,0,1,0,0,0,0.011457146
25340,7153.282016,1,0,1,0,0,0,0.01148295
25342,7153.31536,1,0,1,0,0,0,0.011429249
25344,7153.348672,1,0,1,0,0,0,0.01147214
25346,7153.382016,1,0,1,0,0,0,0.011448428
25348,7153.41536,1,0,1,0,0,0,0.01145331
25350,7153.448672,1,0,1,0,0,0,0.011449474
25352,7153.482016,1,0,1,0,0,0,0.011439361
25354,7153.51536,1,0,1,0,0,0,0.011487483
25356,7153.548672,1,0,1,0,0,0,0.011447382
25358,7153.582016,1,0,1,0,0,0,0.011443197
25360,7153.615328,1,0,1,0,0,0,0.011392983
25362,7153.648672,1,0,1,0,0,0,0.011416695
25364,7153.682016,1,0,1,0,0,0,0.011415998
25366,7153.715328,1,0,1,0,0,0,0.011437967
25368,7153.748672,1,0,1,0,0,0,0.01148295
25370,7153.782016,1,0,1,0,0,0,0.011447382
25372,7153.815328,1,0,1,0,0,0,0.011483299
25374,7153.848672,1,0,1,0,0,0,0.011523051
25376,7153.881984,1,0,1,0,0,0,0.011500037
25378,7153.915328,1,0,1,0,0,0,0.011499339
25380,7153.948672,1,0,1,0,0,0,0.01151538
25382,7153.981984,1,0,1,0,0,0,0.011457843
25384,7154.015328,1,0,1,0,0,0,0.011487832
25386,7154.048672,1,0,1,0,0,0,0.011479463
25388,7154.081984,1,0,1,0,0,0,0.011431341
25390,7154.115328,1,0,1,0,0,0,0.01139124
25392,7154.14864,1,0,1,0,0,0,0.011471094
25394,7154.181984,1,0,1,0,0,0,0.011420183
25396,7154.215328,1,0,1,0,0,0,0.011427854
25398,7154.24864,1,0,1,0,0,0,0.011405188
25400,7154.281984,1,0,1,0,0,0,0.011382173
25402,7154.315328,1,0,1,0,0,0,0.011355672
25404,7154.34864,1,0,1,0,0,0,0.011375897
25406,7154.381984,1,0,1,0,0,0,0.011409373
25408,7154.415296,1,0,1,0,0,0,0.011422275
25410,7154.44864,1,0,1,0,0,0,0.011435177
25412,7154.481984,1,0,1,0,0,0,0.011426808
25414,7154.515296,1,0,1,0,0,0,0.011375897
25416,7154.54864,1,0,1,0,0,0,0.011445289
25418,7154.581984,1,0,1,0,0,0,0.011442849
25420,7154.615296,1,0,1,0,0,0,0.011485042
25422,7154.64864,1,0,1,0,0,0,0.011415998
25424,7154.681952,1,0,1,0,0,0,0.011471791
25426,7154.715296,1,0,1,0,0,0,0.011492016
25428,7154.74864,1,0,1,0,0,0,0.011475278
25430,7154.781952,1,0,1,0,0,0,0.011480858
25432,7154.815296,1,0,1,0,0,0,0.011492714
25434,7154.848608,1,0,1,0,0,0,0.011478068
25436,7154.881952,1,0,1,0,0,0,0.011521657
25438,7154.915296,1,0,1,0,0,0,0.011512241
25440,7154.948608,1,0,1,0,0,0,0.011481555
25442,7154.981952,1,0,1,0,0,0,0.011538046
25444,7155.015296,1,0,1,0,0,0,0.011511195
25446,7155.048608,1,0,1,0,0,0,0.011492016
25448,7155.081952,1,0,1,0,0,0,0.011478765
25450,7155.115264,1,0,1,0,0,0,0.011498293
25452,7155.148608,1,0,1,0,0,0,0.011445638
25454,7155.181952,1,0,1,0,0,0,0.01150457
25456,7155.215264,1,0,1,0,0,0,0.011530723
25458,7155.248608,1,0,1,0,0,0,0.011514334
25460,7155.281952,1,0,1,0,0,0,0.011507011
25462,7155.315264,1,0,1,0,0,0,0.011497596
25464,7155.348608,1,0,1,0,0,0,0.011453658
25466,7155.381952,1,0,1,0,0,0,0.011518867
25468,7155.415264,1,0,1,0,0,0,0.011508406
25470,7155.448608,1,0,1,0,0,0,0.011515728
25472,7155.481952,1,0,1,0,0,0,0.011507708
25474,7155.515264,1,0,1,0,0,0,0.01150457
25476,7155.548608,1,0,1,0,0,0,0.011489227
25478,7155.58192,1,0,1,0,0,0,0.011508057
25480,7155.615264,1,0,1,0,0,0,0.011485391
25482,7155.648608,1,0,1,0,0,0,0.011447382
25484,7155.68192,1,0,1,0,0,0,0.011475627
25486,7155.715264,1,0,1,0,0,0,0.01144773
25488,7155.748576,1,0,1,0,0,0,0.01145331
25490,7155.78192,1,0,1,0,0,0,0.011467607
25492,7155.815264,1,0,1,0,0,0,0.011488878
25494,7155.848576,1,0,1,0,0,0,0.011513636
25496,7155.88192,1,0,1,0,0,0,0.011458192
25498,7155.915264,1,0,1,0,0,0,0.01148016
25500,7155.948576,1,0,1,0,0,0,0.011461679
25502,7155.98192,1,0,1,0,0,0,0.011463074
25504,7156.015232,1,0,1,0,0,0,0.011449474
25506,7156.048576,1,0,1,0,0,0,0.01146412
25508,7156.08192,1,0,1,0,0,0,0.011474232
25510,7156.115232,1,0,1,0,0,0,0.011435526
25512,7156.148576,1,0,1,0,0,0,0.011448777
25514,7156.18192,1,0,1,0,0,0,0.01143169
25516,7156.215232,1,0,1,0,0,0,0.011437618
25518,7156.248576,1,0,1,0,0,0,0.011473535
25520,7156.281888,1,0,1,0,0,0,0.011493062
25522,7156.315232,1,0,1,0,0,0,0.011474581
25524,7156.348576,1,0,1,0,0,0,0.011505616
25526,7156.381888,1,0,1,0,0,0,0.011451566
25528,7156.415232,1,0,1,0,0,0,0.011443546
25530,7156.448544,1,0,1,0,0,0,0.011426808
25532,7156.481888,1,0,1,0,0,0,0.011439361
25534,7156.515232,1,0,1,0,0,0,0.011429249
25536,7156.548544,1,0,1,0,0,0,0.011460284
25538,7156.581888,1,0,1,0,0,0,0.011456797
25540,7156.615232,1,0,1,0,0,0,0.011452264
25542,7156.648544,1,0,1,0,0,0,0.01149376
25544,7156.681888,1,0,1,0,0,0,0.011468304
25546,7156.7152,1,0,1,0,0,0,0.011442849
25548,7156.748544,1,0,1,0,0,0,0.011395773
25550,7156.781888,1,0,1,0,0,0,0.011485391
25552,7156.8152,1,0,1,0,0,0,0.011468653
25554,7156.848544,1,0,1,0,0,0,0.011433782
25556,7156.881888,1,0,1,0,0,0,0.01143971
25558,7156.9152,1,0,1,0,0,0,0.011428552
25560,7156.948544,1,0,1,0,0,0,0.011465515
25562,7156.981856,1,0,1,0,0,0,0.011477371
25564,7157.0152,1,0,1,0,0,0,0.011427157
25566,7157.048544,1,0,1,0,0,0,0.011469002
25568,7157.081856,1,0,1,0,0,0,0.011430992
25570,7157.1152,1,0,1,0,0,0,0.011474581
25572,7157.148544,1,0,1,0,0,0,0.011470396
25574,7157.181856,1,0,1,0,0,0,0.011488878
25576,7157.2152,1,0,1,0,0,0,0.011493411
25578,7157.248544,1,0,1,0,0,0,0.011499688
25580,7157.281856,1,0,1,0,0,0,0.011455751
25582,7157.3152,1,0,1,0,0,0,0.011410419
25584,7157.348512,1,0,1,0,0,0,0.011438664
25586,7157.381856,1,0,1,0,0,0,0.011445638
25588,7157.4152,1,0,1,0,0,0,0.011428552
25590,7157.448512,1,0,1,0,0,0,0.011444243
25592,7157.481856,1,0,1,0,0,0,0.011379732
25594,7157.5152,1,0,1,0,0,0,0.011426111
25596,7157.548512,1,0,1,0,0,0,0.011382871
25598,7157.581856,1,0,1,0,0,0,0.011355672
25600,7157.615168,1,0,1,0,0,0,0.011394727
25602,7157.648512,1,0,1,0,0,0,0.011405537
25604,7157.681856,1,0,1,0,0,0,0.011398911
25606,7157.715168,1,0,1,0,0,0,0.01140728
25608,7157.748512,1,0,1,0,0,0,0.011370317
25610,7157.781856,1,0,1,0,0,0,0.011412162
25612,7157.815168,1,0,1,0,0,0,0.011392286
25614,7157.848512,1,0,1,0,0,0,0.011406932
25616,7157.881824,1,0,1,0,0,0,0.011352184
25618,7157.915168,1,0,1,0,0,0,0.011362646
25620,7157.948512,1,0,1,0,0,0,0.011393681
25622,7157.981824,1,0,1,0,0,0,0.011353231
25624,7158.015168,1,0,1,0,0,0,0.011366133
25626,7158.048512,1,0,1,0,0,0,0.011371712
25628,7158.081824,1,0,1,0,0,0,0.011342421
25630,7158.115168,1,0,1,0,0,0,0.011357415
25632,7158.14848,1,0,1,0,0,0,0.011395773
25634,7158.181824,1,0,1,0,0,0,0.011361251
25636,7158.215168,1,0,1,0,0,0,0.011389148
25638,7158.24848,1,0,1,0,0,0,0.011360902
25640,7158.281824,1,0,1,0,0,0,0.011364041
25642,7158.315136,1,0,1,0,0,0,0.01138043
25644,7158.34848,1,0,1,0,0,0,0.011360553
25646,7158.381824,1,0,1,0,0,0,0.01135079
25648,7158.415136,1,0,1,0,0,0,0.011371712
25650,7158.44848,1,0,1,0,0,0,0.011328472
25652,7158.481824,1,0,1,0,0,0,0.01135079
25654,7158.515136,1,0,1,0,0,0,0.011371712
25656,7158.54848,1,0,1,0,0,0,0.011362646
25658,7158.581792,1,0,1,0,0,0,0.011351138
25660,7158.615136,1,0,1,0,0,0,0.011341375
25662,7158.64848,1,0,1,0,0,0,0.011372061
25664,7158.681792,1,0,1,0,0,0,0.011402747
25666,7158.715136,1,0,1,0,0,0,0.011379384
25668,7158.74848,1,0,1,0,0,0,0.011410419
25670,7158.781792,1,0,1,0,0,0,0.011395076
25672,7158.815136,1,0,1,0,0,0,0.011373107
25674,7158.84848,1,0,1,0,0,0,0.011343815
25676,7158.881792,1,0,1,0,0,0,0.011334052
25678,7158.915136,1,0,1,0,0,0,0.011352184
25680,7158.948448,1,0,1,0,0,0,0.01139124
25682,7158.981792,1,0,1,0,0,0,0.011391937
25684,7159.015136,1,0,1,0,0,0,0.011387404
25686,7159.048448,1,0,1,0,0,0,0.011407978
25688,7159.081792,1,0,1,0,0,0,0.011377989
25690,7159.115136,1,0,1,0,0,0,0.011386707
25692,7159.148448,1,0,1,0,0,0,0.011381476
25694,7159.181792,1,0,1,0,0,0,0.01140728
25696,7159.215104,1,0,1,0,0,0,0.011352184
25698,7159.248448,1,0,1,0,0,0,0.011374153
25700,7159.281792,1,0,1,0,0,0,0.011339631
25702,7159.315104,1,0,1,0,0,0,0.011401352
25704,7159.348448,1,0,1,0,0,0,0.011410419
25706,7159.38176,1,0,1,0,0,0,0.01138566
25708,7159.415104,1,0,1,0,0,0,0.011404142
25710,7159.448448,1,0,1,0,0,0,0.011381825
25712,7159.48176,1,0,1,0,0,0,0.01133998
25714,7159.515104,1,0,1,0,0,0,0.0113616
25716,7159.548448,1,0,1,0,0,0,0.011401352
25718,7159.58176,1,0,1,0,0,0,0.01137485
25720,7159.615104,1,0,1,0,0,0,0.011401701
25722,7159.648448,1,0,1,0,0,0,0.011428203
25724,7159.68176,1,0,1,0,0,0,0.011409024
25726,7159.715104,1,0,1,0,0,0,0.011368922
25728,7159.748416,1,0,1,0,0,0,0.011405537
25730,7159.78176,1,0,1,0,0,0,0.011431341
25732,7159.815104,1,0,1,0,0,0,0.011454356
25734,7159.848416,1,0,1,0,0,0,0.011409373
25736,7159.88176,1,0,1,0,0,0,0.011439361
25738,7159.915072,1,0,1,0,0,0,0.011459935
25740,7159.948416,1,0,1,0,0,0,0.011491668
25742,7159.98176,1,0,1,0,0,0,0.011485042
25744,7160.015072,1,0,1,0,0,0,0.011508406
25746,7160.048416,1,0,1,0,0,0,0.011517472
25748,7160.08176,1,0,1,0,0,0,0.011522354
25750,7160.115072,1,0,1,0,0,0,0.011464817
25752,7160.148416,1,0,1,0,0,0,0.011475976
25754,7160.181728,1,0,1,0,0,0,0.011513985
25756,7160.215072,1,0,1,0,0,0,0.01149655
25758,7160.248416,1,0,1,0,0,0,0.011491668
25760,7160.281728,1,0,1,0,0,0,0.011477719
25762,7160.315072,1,0,1,0,0,0,0.011486786
25764,7160.348416,1,0,1,0,0,0,0.011501083
25766,7160.381728,1,0,1,0,0,0,0.011474232
25768,7160.415072,1,0,1,0,0,0,0.011478765
25770,7160.448416,1,0,1,0,0,0,0.011492016
25772,7160.481728,1,0,1,0,0,0,0.01146935
25774,7160.515072,1,0,1,0,0,0,0.011455053
25776,7160.548384,1,0,1,0,0,0,0.011466909
25778,7160.581728,1,0,1,0,0,0,0.011460981
25780,7160.615072,1,0,1,0,0,0,0.011463771
25782,7160.648384,1,0,1,0,0,0,0.011453658
25784,7160.681728,1,0,1,0,0,0,0.011464817
25786,7160.715072,1,0,1,0,0,0,0.011455402
25788,7160.748384,1,0,1,0,0,0,0.011452264
25790,7160.781728,1,0,1,0,0,0,0.011467607
25792,7160.81504,1,0,1,0,0,0,0.011413906
25794,7160.848384,1,0,1,0,0,0,0.011449125
25796,7160.881728,1,0,1,0,0,0,0.011417393
25798,7160.91504,1,0,1,0,0,0,0.011442849
25800,7160.948384,1,0,1,0,0,0,0.011477719
25802,7160.981728,1,0,1,0,0,0,0.011411465
25804,7161.01504,1,0,1,0,0,0,0.011454356
25806,7161.048384,1,0,1,0,0,0,0.011478068
25808,7161.081696,1,0,1,0,0,0,0.011493062
25810,7161.11504,1,0,1,0,0,0,0.011483299
25812,7161.148384,1,0,1,0,0,0,0.011483299
25814,7161.181696,1,0,1,0,0,0,0.011516077
25816,7161.21504,1,0,1,0,0,0,0.011498293
25818,7161.248384,1,0,1,0,0,0,0.01148295
25820,7161.281696,1,0,1,0,0,0,0.011565942
25822,7161.31504,1,0,1,0,0,0,0.0115234
25824,7161.348352,1,0,1,0,0,0,0.011502129
25826,7161.381696,1,0,1,0,0,0,0.011491319
25828,7161.41504,1,0,1,0,0,0,0.011466909
25830,7161.448352,1,0,1,0,0,0,0.011524795
25832,7161.481696,1,0,1,0,0,0,0.01153142
25834,7161.51504,1,0,1,0,0,0,0.01151259
25836,7161.548352,1,0,1,0,0,0,0.011517472
25838,7161.581696,1,0,1,0,0,0,0.011479463
25840,7161.615008,1,0,1,0,0,0,0.011499688
25842,7161.648352,1,0,1,0,0,0,0.011481904
25844,7161.681696,1,0,1,0,0,0,0.011452612
25846,7161.715008,1,0,1,0,0,0,0.011473535
25848,7161.748352,1,0,1,0,0,0,0.011498293
25850,7161.781664,1,0,1,0,0,0,0.011508406
25852,7161.815008,1,0,1,0,0,0,0.011512241
25854,7161.848352,1,0,1,0,0,0,0.011492016
25856,7161.881664,1,0,1,0,0,0,0.011517472
25858,7161.915008,1,0,1,0,0,0,0.011525144
25860,7161.948352,1,0,1,0,0,0,0.011457494
25862,7161.981664,1,0,1,0,0,0,0.011466212
25864,7162.015008,1,0,1,0,0,0,0.011485042
25866,7162.04832,1,0,1,0,0,0,0.011499688
25868,7162.081664,1,0,1,0,0,0,0.011466561
25870,7162.115008,1,0,1,0,0,0,0.011486088
25872,7162.14832,1,0,1,0,0,0,0.011448428
25874,7162.181664,1,0,1,0,0,0,0.011513288
25876,7162.215008,1,0,1,0,0,0,0.011496898
25878,7162.24832,1,0,1,0,0,0,0.011494806
25880,7162.281664,1,0,1,0,0,0,0.011482253
25882,7162.315008,1,0,1,0,0,0,0.011486088
25884,7162.34832,1,0,1,0,0,0,0.011459587
25886,7162.381664,1,0,1,0,0,0,0.011463074
25888,7162.414976,1,0,1,0,0,0,0.011432736
25890,7162.44832,1,0,1,0,0,0,0.011442151
25892,7162.481664,1,0,1,0,0,0,0.011456448
25894,7162.514976,1,0,1,0,0,0,0.011434828
25896,7162.54832,1,0,1,0,0,0,0.011453658
25898,7162.581632,1,0,1,0,0,0,0.011460981
25900,7162.614976,1,0,1,0,0,0,0.011442151
25902,7162.64832,1,0,1,0,0,0,0.011409373
25904,7162.681632,1,0,1,0,0,0,0.011438315
25906,7162.714976,1,0,1,0,0,0,0.011469699
25908,7162.74832,1,0,1,0,0,0,0.011438664
25910,7162.781632,1,0,1,0,0,0,0.011473186
25912,7162.814976,1,0,1,0,0,0,0.011435177
25914,7162.84832,1,0,1,0,0,0,0.01146133
25916,7162.881632,1,0,1,0,0,0,0.011475627
25918,7162.914976,1,0,1,0,0,0,0.011430295
25920,7162.948288,1,0,1,0,0,0,0.011461679
25922,7162.981632,1,0,1,0,0,0,0.01143448
25924,7163.014976,1,0,1,0,0,0,0.011452961
25926,7163.048288,1,0,1,0,0,0,0.011457146
25928,7163.081632,1,0,1,0,0,0,0.011497944
25930,7163.114976,1,0,1,0,0,0,0.011449823
25932,7163.148288,1,0,1,0,0,0,0.011469002
25934,7163.181632,1,0,1,0,0,0,0.0115098
25936,7163.214944,1,0,1,0,0,0,0.011459238
25938,7163.248288,1,0,1,0,0,0,0.011501431
25940,7163.2816,1,0,1,0,0,0,0.011485391
25942,7163.314944,1,0,1,0,0,0,0.011469699
25944,7163.348288,1,0,1,0,0,0,0.011503175
25946,7163.3816,1,0,1,0,0,0,0.011471443
25948,7163.414944,1,0,1,0,0,0,0.011439361
25950,7163.448288,1,0,1,0,0,0,0.011465863
25952,7163.4816,1,0,1,0,0,0,0.011473186
25954,7163.514944,1,0,1,0,0,0,0.011498642
25956,7163.548288,1,0,1,0,0,0,0.011483299
25958,7163.5816,1,0,1,0,0,0,0.011492016
25960,7163.614944,1,0,1,0,0,0,0.011522005
25962,7163.648256,1,0,1,0,0,0,0.011470396
25964,7163.6816,1,0,1,0,0,0,0.011484693
25966,7163.714944,1,0,1,0,0,0,0.011503175
25968,7163.748256,1,0,1,0,0,0,0.011479812
25970,7163.7816,1,0,1,0,0,0,0.011518169
25972,7163.814944,1,0,1,0,0,0,0.011474232
25974,7163.848256,1,0,1,0,0,0,0.011486437
25976,7163.8816,1,0,1,0,0,0,0.011493062
25978,7163.914944,1,0,1,0,0,0,0.011434828
25980,7163.948256,1,0,1,0,0,0,0.011484345
25982,7163.9816,1,0,1,0,0,0,0.011469002
25984,7164.014944,1,0,1,0,0,0,0.011533861
25986,7164.048256,1,0,1,0,0,0,0.011489575
25988,7164.0816,1,0,1,0,0,0,0.011481904
25990,7164.114912,1,0,1,0,0,0,0.011475627
25992,7164.148256,1,0,1,0,0,0,0.011456797
25994,7164.1816,1,0,1,0,0,0,0.011471443
25996,7164.214912,1,0,1,0,0,0,0.011450171
25998,7164.248256,1,0,1,0,0,0,0.011456448
26000,7164.281568,1,0,1,0,0,0,0.011435874
26002,7164.314912,1,0,1,0,0,0,0.011470048
26004,7164.348256,1,0,1,0,0,0,0.011424367
26006,7164.381568,1,0,1,0,0,0,0.011440408
26008,7164.414912,1,0,1,0,0,0,0.011458192
26010,7164.448256,1,0,1,0,0,0,0.011472837
26012,7164.481568,1,0,1,0,0,0,0.011497944
26014,7164.514912,1,0,1,0,0,0,0.011516077
26016,7164.548224,1,0,1,0,0,0,0.011491319
26018,7164.581568,1,0,1,0,0,0,0.011459935
26020,7164.614912,1,0,1,0,0,0,0.011455751
26022,7164.648224,1,0,1,0,0,0,0.011444592
26024,7164.681568,1,0,1,0,0,0,0.011480509
26026,7164.714912,1,0,1,0,0,0,0.011457494
26028,7164.748224,1,0,1,0,0,0,0.011460981
26030,7164.781568,1,0,1,0,0,0,0.011475278
26032,7164.81488,1,0,1,0,0,0,0.011446336
26034,7164.848224,1,0,1,0,0,0,0.011483996
26036,7164.881568,1,0,1,0,0,0,0.011502826
26038,7164.91488,1,0,1,0,0,0,0.011489924
26040,7164.948224,1,0,1,0,0,0,0.011544671
26042,7164.981568,1,0,1,0,0,0,0.011560712
26044,7165.01488,1,0,1,0,0,0,0.011545369
26046,7165.048224,1,0,1,0,0,0,0.011520262
26048,7165.081536,1,0,1,0,0,0,0.011566291
26050,7165.11488,1,0,1,0,0,0,0.011518518
26052,7165.148224,1,0,1,0,0,0,0.011500385
26054,7165.181536,1,0,1,0,0,0,0.011486437
26056,7165.21488,1,0,1,0,0,0,0.011521308
26058,7165.248192,1,0,1,0,0,0,0.01148016
26060,7165.281536,1,0,1,0,0,0,0.011541882
26062,7165.31488,1,0,1,0,0,0,0.011481904
26064,7165.348192,1,0,1,0,0,0,0.011564199
26066,7165.381536,1,0,1,0,0,0,0.011509103
26068,7165.41488,1,0,1,0,0,0,0.011492016
26070,7165.448192,1,0,1,0,0,0,0.011486786
26072,7165.481536,1,0,1,0,0,0,0.011516426
26074,7165.514848,1,0,1,0,0,0,0.011508406
26076,7165.548192,1,0,1,0,0,0,0.011512939
26078,7165.581536,1,0,1,0,0,0,0.011513636
26080,7165.614848,1,0,1,0,0,0,0.011492714
26082,7165.648192,1,0,1,0,0,0,0.011517123
26084,7165.681536,1,0,1,0,0,0,0.011523051
26086,7165.714848,1,0,1,0,0,0,0.011537
26088,7165.748192,1,0,1,0,0,0,0.01151259
26090,7165.781504,1,0,1,0,0,0,0.01149097
26092,7165.814848,1,0,1,0,0,0,0.011532118
26094,7165.848192,1,0,1,0,0,0,0.011492365
26096,7165.881504,1,0,1,0,0,0,0.011510149
26098,7165.914848,1,0,1,0,0,0,0.011479114
26100,7165.948192,1,0,1,0,0,0,0.011486088
26102,7165.981504,1,0,1,0,0,0,0.011507011
26104,7166.014848,1,0,1,0,0,0,0.011475627
26106,7166.048192,1,0,1,0,0,0,0.011504221
26108,7166.081504,1,0,1,0,0,0,0.011543625
26110,7166.114848,1,0,1,0,0,0,0.01147214
26112,7166.14816,1,0,1,0,0,0,0.011481555
26114,7166.181504,1,0,1,0,0,0,0.011482601
26116,7166.214848,1,0,1,0,0,0,0.011425413
26118,7166.24816,1,0,1,0,0,0,0.011466909
26120,7166.281504,1,0,1,0,0,0,0.01143971
26122,7166.314848,1,0,1,0,0,0,0.011507359
26124,7166.34816,1,0,1,0,0,0,0.011422623
26126,7166.381504,1,0,1,0,0,0,0.011476673
26128,7166.414816,1,0,1,0,0,0,0.011467258
26130,7166.44816,1,0,1,0,0,0,0.011456797
26132,7166.481472,1,0,1,0,0,0,0.011435177
26134,7166.514816,1,0,1,0,0,0,0.011424367
26136,7166.54816,1,0,1,0,0,0,0.011456448
26138,7166.581472,1,0,1,0,0,0,0.011422275
26140,7166.614816,1,0,1,0,0,0,0.011425064
26142,7166.64816,1,0,1,0,0,0,0.011460284
26144,7166.681472,1,0,1,0,0,0,0.011426808
26146,7166.714816,1,0,1,0,0,0,0.011432387
26148,7166.74816,1,0,1,0,0,0,0.011425064
26150,7166.781472,1,0,1,0,0,0,0.011430992
26152,7166.814816,1,0,1,0,0,0,0.011427854
26154,7166.848128,1,0,1,0,0,0,0.011392983
26156,7166.881472,1,0,1,0,0,0,0.011432387
26158,7166.914816,1,0,1,0,0,0,0.01145052
26160,7166.948128,1,0,1,0,0,0,0.011413208
26162,7166.981472,1,0,1,0,0,0,0.01143169
26164,7167.014816,1,0,1,0,0,0,0.011437967
26166,7167.048128,1,0,1,0,0,0,0.011432039
26168,7167.081472,1,0,1,0,0,0,0.011387753
26170,7167.114816,1,0,1,0,0,0,0.01143971
26172,7167.148128,1,0,1,0,0,0,0.011403096
26174,7167.181472,1,0,1,0,0,0,0.011392983
26176,7167.214784,1,0,1,0,0,0,0.011439013
26178,7167.248128,1,0,1,0,0,0,0.011424716
26180,7167.281472,1,0,1,0,0,0,0.01145854
26182,7167.314784,1,0,1,0,0,0,0.011456797
26184,7167.348128,1,0,1,0,0,0,0.011471791
26186,7167.381472,1,0,1,0,0,0,0.011457146
26188,7167.414784,1,0,1,0,0,0,0.01143971
26190,7167.448128,1,0,1,0,0,0,0.011440756
26192,7167.481472,1,0,1,0,0,0,0.011397517
26194,7167.514784,1,0,1,0,0,0,0.011418439
26196,7167.548128,1,0,1,0,0,0,0.011389845
26198,7167.581472,1,0,1,0,0,0,0.01136962
26200,7167.614784,1,0,1,0,0,0,0.011410767
26202,7167.648128,1,0,1,0,0,0,0.011403793
26204,7167.681472,1,0,1,0,0,0,0.011350092
26206,7167.714784,1,0,1,0,0,0,0.011366482
26208,7167.748096,1,0,1,0,0,0,0.011402398
26210,7167.781472,1,0,1,0,0,0,0.011398214
26212,7167.814784,1,0,1,0,0,0,0.011368922
26214,7167.848096,1,0,1,0,0,0,0.011392983
26216,7167.881472,1,0,1,0,0,0,0.01136683
26218,7167.914784,1,0,1,0,0,0,0.011386009
26220,7167.948096,1,0,1,0,0,0,0.01137241
26222,7167.981472,1,0,1,0,0,0,0.011391937
26224,7168.014752,1,0,1,0,0,0,0.011319057
26226,7168.048096,1,0,1,0,0,0,0.011338585
26228,7168.081472,1,0,1,0,0,0,0.011382871
26230,7168.114752,1,0,1,0,0,0,0.011345559
26232,7168.148096,1,0,1,0,0,0,0.011360902
26234,7168.181472,1,0,1,0,0,0,0.011410419
26236,7168.214752,1,0,1,0,0,0,0.011388101
26238,7168.248096,1,0,1,0,0,0,0.011341723
26240,7168.281472,1,0,1,0,0,0,0.01134521
26242,7168.314752,1,0,1,0,0,0,0.011368574
26244,7168.348096,1,0,1,0,0,0,0.011343815
26246,7168.381408,1,0,1,0,0,0,0.011356369
26248,7168.414752,1,0,1,0,0,0,0.011354974
26250,7168.448064,1,0,1,0,0,0,0.011364389
26252,7168.481408,1,0,1,0,0,0,0.011376943
26254,7168.514752,1,0,1,0,0,0,0.011365784
26256,7168.548064,1,0,1,0,0,0,0.011374153
26258,7168.581408,1,0,1,0,0,0,0.011384963
26260,7168.614752,1,0,1,0,0,0,0.011381825
26262,7168.648064,1,0,1,0,0,0,0.011368574
26264,7168.681408,1,0,1,0,0,0,0.011397517
26266,7168.71472,1,0,1,0,0,0,0.011341026
26268,7168.748064,1,0,1,0,0,0,0.011366133
26270,7168.781408,1,0,1,0,0,0,0.011386009
26272,7168.81472,1,0,1,0,0,0,0.011382173
26274,7168.848064,1,0,1,0,0,0,0.011389496
26276,7168.881408,1,0,1,0,0,0,0.011351138
26278,7168.91472,1,0,1,0,0,0,0.011325683
26280,7168.948064,1,0,1,0,0,0,0.01135079
26282,7168.981408,1,0,1,0,0,0,0.011348697
26284,7169.01472,1,0,1,0,0,0,0.011362646
26286,7169.048064,1,0,1,0,0,0,0.011384963
26288,7169.081376,1,0,1,0,0,0,0.01137241
26290,7169.11472,1,0,1,0,0,0,0.011360205
26292,7169.148064,1,0,1,0,0,0,0.011369271
26294,7169.181376,1,0,1,0,0,0,0.011362297
26296,7169.21472,1,0,1,0,0,0,0.011401352
26298,7169.248064,1,0,1,0,0,0,0.011421577
26300,7169.281376,1,0,1,0,0,0,0.011395773
26302,7169.31472,1,0,1,0,0,0,0.011394029
26304,7169.348032,1,0,1,0,0,0,0.01139647
26306,7169.381376,1,0,1,0,0,0,0.011386707
26308,7169.41472,1,0,1,0,0,0,0.011394727
26310,7169.448032,1,0,1,0,0,0,0.011415998
26312,7169.481376,1,0,1,0,0,0,0.011419834
26314,7169.51472,1,0,1,0,0,0,0.011466909
26316,7169.548032,1,0,1,0,0,0,0.011467955
26318,7169.581376,1,0,1,0,0,0,0.011497596
26320,7169.614688,1,0,1,0,0,0,0.011443546
26322,7169.648032,1,0,1,0,0,0,0.01145331
26324,7169.681376,1,0,1,0,0,0,0.011435177
26326,7169.714688,1,0,1,0,0,0,0.011457146
26328,7169.748032,1,0,1,0,0,0,0.011440059
26330,7169.781376,1,0,1,0,0,0,0.011441454
26332,7169.814688,1,0,1,0,0,0,0.011498293
26334,7169.848032,1,0,1,0,0,0,0.011554435
26336,7169.881344,1,0,1,0,0,0,0.011502129
26338,7169.914688,1,0,1,0,0,0,0.011454705
26340,7169.948032,1,0,1,0,0,0,0.011449125
26342,7169.981344,1,0,1,0,0,0,0.011457843
26344,7170.014688,1,0,1,0,0,0,0.011497247
26346,7170.048,1,0,1,0,0,0,0.011475278
26348,7170.081344,1,0,1,0,0,0,0.011391937
26350,7170.114688,1,0,1,0,0,0,0.011405537
26352,7170.148,1,0,1,0,0,0,0.011412511
26354,7170.181344,1,0,1,0,0,0,0.011404491
26356,7170.214688,1,0,1,0,0,0,0.01137485
26358,7170.248,1,0,1,0,0,0,0.011432387
26360,7170.281344,1,0,1,0,0,0,0.011409024
26362,7170.314656,1,0,1,0,0,0,0.011408326
26364,7170.348,1,0,1,0,0,0,0.011452264
26366,7170.381344,1,0,1,0,0,0,0.011423321
26368,7170.414656,1,0,1,0,0,0,0.011495852
26370,7170.448,1,0,1,0,0,0,0.011455751
26372,7170.481344,1,0,1,0,0,0,0.011479812
26374,7170.514656,1,0,1,0,0,0,0.011474581
26376,7170.548,1,0,1,0,0,0,0.011493062
26378,7170.581344,1,0,1,0,0,0,0.01146412
26380,7170.614656,1,0,1,0,0,0,0.011476324
26382,7170.648,1,0,1,0,0,0,0.011448777
26384,7170.681312,1,0,1,0,0,0,0.011473535
26386,7170.714656,1,0,1,0,0,0,0.011459238
26388,7170.748,1,0,1,0,0,0,0.011466561
26390,7170.781312,1,0,1,0,0,0,0.011479463
26392,7170.814656,1,0,1,0,0,0,0.011501431
26394,7170.848,1,0,1,0,0,0,0.011467955
26396,7170.881312,1,0,1,0,0,0,0.011497944
26398,7170.914656,1,0,1,0,0,0,0.011468653
26400,7170.947968,1,0,1,0,0,0,0.011455402
26402,7170.981312,1,0,1,0,0,0,0.011508406
26404,7171.014656,1,0,1,0,0,0,0.011473535
26406,7171.047968,1,0,1,0,0,0,0.011490622
26408,7171.081312,1,0,1,0,0,0,0.011478765
26410,7171.114656,1,0,1,0,0,0,0.011478068
26412,7171.147968,1,0,1,0,0,0,0.011484345
26414,7171.181312,1,0,1,0,0,0,0.011455053
26416,7171.214624,1,0,1,0,0,0,0.011493062
26418,7171.247968,1,0,1,0,0,0,0.011462027
26420,7171.281312,1,0,1,0,0,0,0.011464468
26422,7171.314624,1,0,1,0,0,0,0.011482253
26424,7171.347968,1,0,1,0,0,0,0.011508754
26426,7171.38128,1,0,1,0,0,0,0.011508754
26428,7171.414624,1,0,1,0,0,0,0.011488529
26430,7171.447968,1,0,1,0,0,0,0.011492714
26432,7171.48128,1,0,1,0,0,0,0.011474232
26434,7171.514624,1,0,1,0,0,0,0.011486437
26436,7171.547968,1,0,1,0,0,0,0.011494109
26438,7171.58128,1,0,1,0,0,0,0.01153421
26440,7171.614624,1,0,1,0,0,0,0.01149899
26442,7171.647936,1,0,1,0,0,0,0.011527236
26444,7171.68128,1,0,1,0,0,0,0.011527585
26446,7171.714624,1,0,1,0,0,0,0.011486437
26448,7171.747936,1,0,1,0,0,0,0.011481206
26450,7171.78128,1,0,1,0,0,0,0.011459587
26452,7171.814624,1,0,1,0,0,0,0.011469699
26454,7171.847936,1,0,1,0,0,0,0.011465863
26456,7171.88128,1,0,1,0,0,0,0.011465863
26458,7171.914624,1,0,1,0,0,0,0.011507011
26460,7171.947936,1,0,1,0,0,0,0.011442151
26462,7171.98128,1,0,1,0,0,0,0.011458889
26464,7172.014592,1,0,1,0,0,0,0.01145854
26466,7172.047936,1,0,1,0,0,0,0.011509452
26468,7172.08128,1,0,1,0,0,0,0.01143448
26470,7172.114592,1,0,1,0,0,0,0.011457843
26472,7172.147936,1,0,1,0,0,0,0.011455402
26474,7172.18128,1,0,1,0,0,0,0.011400306
26476,7172.214592,1,0,1,0,0,0,0.011395076
26478,7172.247936,1,0,1,0,0,0,0.011400655
26480,7172.281248,1,0,1,0,0,0,0.011449125
26482,7172.314592,1,0,1,0,0,0,0.011440408
26484,7172.347936,1,0,1,0,0,0,0.011425064
26486,7172.381248,1,0,1,0,0,0,0.011437618
26488,7172.414592,1,0,1,0,0,0,0.011434131
26490,7172.447936,1,0,1,0,0,0,0.011453658
26492,7172.481248,1,0,1,0,0,0,0.011430992
26494,7172.514592,1,0,1,0,0,0,0.011441454
26496,7172.547904,1,0,1,0,0,0,0.011436223
26498,7172.581248,1,0,1,0,0,0,0.0114425
26500,7172.614592,1,0,1,0,0,0,0.011418439
26502,7172.647904,1,0,1,0,0,0,0.011421577
26504,7172.681248,1,0,1,0,0,0,0.011446336
26506,7172.714592,1,0,1,0,0,0,0.011452612
26508,7172.747904,1,0,1,0,0,0,0.011411814
26510,7172.781248,1,0,1,0,0,0,0.011425413
26512,7172.81456,1,0,1,0,0,0,0.011449125
26514,7172.847904,1,0,1,0,0,0,0.011483996
26516,7172.881248,1,0,1,0,0,0,0.011442849
26518,7172.91456,1,0,1,0,0,0,0.011405885
26520,7172.947904,1,0,1,0,0,0,0.01146935
26522,7172.981216,1,0,1,0,0,0,0.01143169
26524,7173.01456,1,0,1,0,0,0,0.011411116
26526,7173.047904,1,0,1,0,0,0,0.011419834
26528,7173.081216,1,0,1,0,0,0,0.011467258
26530,7173.11456,1,0,1,0,0,0,0.011419136
26532,7173.147904,1,0,1,0,0,0,0.011449125
26534,7173.181216,1,0,1,0,0,0,0.011423321
26536,7173.21456,1,0,1,0,0,0,0.011415998
26538,7173.247872,1,0,1,0,0,0,0.01137764
26540,7173.281216,1,0,1,0,0,0,0.011433085
26542,7173.31456,1,0,1,0,0,0,0.011407629
26544,7173.347872,1,0,1,0,0,0,0.011363692
26546,7173.381216,1,0,1,0,0,0,0.011390542
26548,7173.41456,1,0,1,0,0,0,0.011377291
26550,7173.447872,1,0,1,0,0,0,0.01138566
26552,7173.481216,1,0,1,0,0,0,0.011414952
26554,7173.51456,1,0,1,0,0,0,0.011413557
26556,7173.547872,1,0,1,0,0,0,0.011423321
26558,7173.581216,1,0,1,0,0,0,0.011394378
26560,7173.614528,1,0,1,0,0,0,0.011412511
26562,7173.647872,1,0,1,0,0,0,0.011400306
26564,7173.681216,1,0,1,0,0,0,0.011402747
26566,7173.714528,1,0,1,0,0,0,0.011437269
26568,7173.747872,1,0,1,0,0,0,0.011416347
26570,7173.781216,1,0,1,0,0,0,0.011438664
26572,7173.814528,1,0,1,0,0,0,0.011482253
26574,7173.847872,1,0,1,0,0,0,0.011448428
26576,7173.881184,1,0,1,0,0,0,0.011420531
26578,7173.914528,1,0,1,0,0,0,0.011373107
26580,7173.947872,1,0,1,0,0,0,0.011418788
26582,7173.981184,1,0,1,0,0,0,0.011409024
26584,7174.014528,1,0,1,0,0,0,0.011449823
26586,7174.047872,1,0,1,0,0,0,0.011425762
26588,7174.081184,1,0,1,0,0,0,0.011390542
26590,7174.114528,1,0,1,0,0,0,0.011411465
26592,7174.14784,1,0,1,0,0,0,0.011375548
26594,7174.181184,1,0,1,0,0,0,0.011394727
26596,7174.214528,1,0,1,0,0,0,0.011384614
26598,7174.24784,1,0,1,0,0,0,0.011395424
26600,7174.281184,1,0,1,0,0,0,0.011405188
26602,7174.314528,1,0,1,0,0,0,0.011401701
26604,7174.34784,1,0,1,0,0,0,0.011405885
26606,7174.381184,1,0,1,0,0,0,0.011384963
26608,7174.414496,1,0,1,0,0,0,0.011374502
26610,7174.44784,1,0,1,0,0,0,0.011366482
26612,7174.481184,1,0,1,0,0,0,0.011386358
26614,7174.514496,1,0,1,0,0,0,0.011409721
26616,7174.54784,1,0,1,0,0,0,0.011435177
26618,7174.581184,1,0,1,0,0,0,0.011387055
26620,7174.614496,1,0,1,0,0,0,0.011439361
26622,7174.64784,1,0,1,0,0,0,0.011408326
26624,7174.681152,1,0,1,0,0,0,0.011427854
26626,7174.714496,1,0,1,0,0,0,0.011378338
26628,7174.74784,1,0,1,0,0,0,0.011368922
26630,7174.781152,1,0,1,0,0,0,0.011374502
26632,7174.814496,1,0,1,0,0,0,0.011357415
26634,7174.847808,1,0,1,0,0,0,0.011343118
26636,7174.881152,1,0,1,0,0,0,0.011316268
26638,7174.914496,1,0,1,0,0,0,0.011364738
26640,7174.947808,1,0,1,0,0,0,0.011324288
26642,7174.981152,1,0,1,0,0,0,0.011353928
26644,7175.014496,1,0,1,0,0,0,0.011318709
26646,7175.047808,1,0,1,0,0,0,0.011377989
26648,7175.081152,1,0,1,0,0,0,0.011327775
26650,7175.114464,1,0,1,0,0,0,0.011348349
26652,7175.147808,1,0,1,0,0,0,0.011344513
26654,7175.181152,1,0,1,0,0,0,0.011369969
26656,7175.214464,1,0,1,0,0,0,0.011375199
26658,7175.247808,1,0,1,0,0,0,0.011411465
26660,7175.281152,1,0,1,0,0,0,0.011421577
26662,7175.314464,1,0,1,0,0,0,0.011393332
26664,7175.347808,1,0,1,0,0,0,0.011431341
26666,7175.381152,1,0,1,0,0,0,0.011425413
26668,7175.414464,1,0,1,0,0,0,0.011417044
26670,7175.447808,1,0,1,0,0,0,0.011430992
26672,7175.48112,1,0,1,0,0,0,0.011426808
26674,7175.514464,1,0,1,0,0,0,0.011405537
26676,7175.547808,1,0,1,0,0,0,0.011406583
26678,7175.58112,1,0,1,0,0,0,0.011415301
26680,7175.614464,1,0,1,0,0,0,0.01138043
26682,7175.647808,1,0,1,0,0,0,0.011408675
26684,7175.68112,1,0,1,0,0,0,0.011445638
26686,7175.714464,1,0,1,0,0,0,0.01142088
26688,7175.747776,1,0,1,0,0,0,0.011441105
26690,7175.78112,1,0,1,0,0,0,0.011396819
26692,7175.814464,1,0,1,0,0,0,0.011389845
26694,7175.847776,1,0,1,0,0,0,0.01138043
26696,7175.88112,1,0,1,0,0,0,0.011398563
26698,7175.914464,1,0,1,0,0,0,0.011361948
26700,7175.947776,1,0,1,0,0,0,0.011353231
26702,7175.98112,1,0,1,0,0,0,0.011352184
26704,7176.014432,1,0,1,0,0,0,0.011379732
26706,7176.047776,1,0,1,0,0,0,0.01133719
26708,7176.08112,1,0,1,0,0,0,0.011323242
26710,7176.114432,1,0,1,0,0,0,0.011414603
26712,7176.147776,1,0,1,0,0,0,0.011418439
26714,7176.181088,1,0,1,0,0,0,0.011439361
26716,7176.214432,1,0,1,0,0,0,0.011411465
26718,7176.247776,1,0,1,0,0,0,0.011372061
26720,7176.281088,1,0,1,0,0,0,0.011402747
26722,7176.314432,1,0,1,0,0,0,0.011388799
26724,7176.347776,1,0,1,0,0,0,0.0113616
26726,7176.381088,1,0,1,0,0,0,0.011353231
26728,7176.414432,1,0,1,0,0,0,0.011336841
26730,7176.447744,1,0,1,0,0,0,0.011262915
26732,7176.481088,1,0,1,0,0,0,0.011289417
26734,7176.514432,1,0,1,0,0,0,0.011317314
26736,7176.547744,1,0,1,0,0,0,0.011268843
26738,7176.581088,1,0,1,0,0,0,0.011308247
26740,7176.614432,1,0,1,0,0,0,0.011333354
26742,7176.647744,1,0,1,0,0,0,0.011333354
26744,7176.681088,1,0,1,0,0,0,0.011379035
26746,7176.714432,1,0,1,0,0,0,0.011348
26748,7176.747744,1,0,1,0,0,0,0.011346256
26750,7176.781088,1,0,1,0,0,0,0.011391588
26752,7176.8144,1,0,1,0,0,0,0.011315221
26754,7176.847744,1,0,1,0,0,0,0.011311037
26756,7176.881088,1,0,1,0,0,0,0.011340328
26758,7176.9144,1,0,1,0,0,0,0.011317662
26760,7176.947744,1,0,1,0,0,0,0.011342072
26762,7176.981088,1,0,1,0,0,0,0.011343118
26764,7177.0144,1,0,1,0,0,0,0.011320103
26766,7177.047744,1,0,1,0,0,0,0.011281397
26768,7177.081056,1,0,1,0,0,0,0.011325683
26770,7177.1144,1,0,1,0,0,0,0.011290463
26772,7177.147744,1,0,1,0,0,0,0.011333703
26774,7177.181056,1,0,1,0,0,0,0.011348349
26776,7177.2144,1,0,1,0,0,0,0.0113616
26778,7177.247712,1,0,1,0,0,0,0.011348697
26780,7177.281056,1,0,1,0,0,0,0.011323939
26782,7177.3144,1,0,1,0,0,0,0.011400306
26784,7177.347712,1,0,1,0,0,0,0.011359507
26786,7177.381056,1,0,1,0,0,0,0.01140728
26788,7177.4144,1,0,1,0,0,0,0.011386009
26790,7177.447712,1,0,1,0,0,0,0.011368922
26792,7177.481056,1,0,1,0,0,0,0.011392286
26794,7177.5144,1,0,1,0,0,0,0.011411465
26796,7177.547712,1,0,1,0,0,0,0.011396819
26798,7177.581056,1,0,1,0,0,0,0.011351138
26800,7177.614368,1,0,1,0,0,0,0.011347651
26802,7177.647712,1,0,1,0,0,0,0.011397517
26804,7177.681056,1,0,1,0,0,0,0.01135602
26806,7177.714368,1,0,1,0,0,0,0.011385312
26808,7177.747712,1,0,1,0,0,0,0.011388101
26810,7177.781024,1,0,1,0,0,0,0.011370317
26812,7177.814368,1,0,1,0,0,0,0.011344862
26814,7177.847712,1,0,1,0,0,0,0.01137241
26816,7177.881024,1,0,1,0,0,0,0.011315919
26818,7177.914368,1,0,1,0,0,0,0.011331611
26820,7177.94768,1,0,1,0,0,0,0.011353928
26822,7177.981024,1,0,1,0,0,0,0.011352882
26824,7178.014368,1,0,1,0,0,0,0.011294299
26826,7178.04768,1,0,1,0,0,0,0.011332308
26828,7178.081024,1,0,1,0,0,0,0.011299181
26830,7178.114368,1,0,1,0,0,0,0.011333006
26832,7178.14768,1,0,1,0,0,0,0.011323242
26834,7178.181024,1,0,1,0,0,0,0.0113344
26836,7178.214368,1,0,1,0,0,0,0.011341026
26838,7178.24768,1,0,1,0,0,0,0.011345559
26840,7178.281024,1,0,1,0,0,0,0.011352533
26842,7178.314336,1,0,1,0,0,0,0.011308247
26844,7178.34768,1,0,1,0,0,0,0.011281745
26846,7178.381024,1,0,1,0,0,0,0.011336493
26848,7178.414336,1,0,1,0,0,0,0.011328472
26850,7178.44768,1,0,1,0,0,0,0.011350441
26852,7178.481024,1,0,1,0,0,0,0.011381825
26854,7178.514336,1,0,1,0,0,0,0.011307899
26856,7178.54768,1,0,1,0,0,0,0.011299878
26858,7178.581024,1,0,1,0,0,0,0.011376245
26860,7178.614336,1,0,1,0,0,0,0.011365784
26862,7178.64768,1,0,1,0,0,0,0.011341375
26864,7178.680992,1,0,1,0,0,0,0.01136962
26866,7178.714336,1,0,1,0,0,0,0.01135881
26868,7178.74768,1,0,1,0,0,0,0.011390891
26870,7178.780992,1,0,1,0,0,0,0.011407978
26872,7178.814336,1,0,1,0,0,0,0.011386707
26874,7178.84768,1,0,1,0,0,0,0.011400655
26876,7178.880992,1,0,1,0,0,0,0.011422972
26878,7178.914336,1,0,1,0,0,0,0.011344862
26880,7178.947648,1,0,1,0,0,0,0.011375897
26882,7178.980992,1,0,1,0,0,0,0.011341723
26884,7179.014336,1,0,1,0,0,0,0.011349395
26886,7179.047648,1,0,1,0,0,0,0.011380081
26888,7179.080992,1,0,1,0,0,0,0.011365087
26890,7179.114336,1,0,1,0,0,0,0.01139647
26892,7179.147648,1,0,1,0,0,0,0.011394727
26894,7179.180992,1,0,1,0,0,0,0.011375548
26896,7179.214304,1,0,1,0,0,0,0.011384963
26898,7179.247648,1,0,1,0,0,0,0.011374153
26900,7179.280992,1,0,1,0,0,0,0.011398911
26902,7179.314304,1,0,1,0,0,0,0.011367528
26904,7179.347648,1,0,1,0,0,0,0.011366133
26906,7179.380992,1,0,1,0,0,0,0.011378338
26908,7179.414304,1,0,1,0,0,0,0.011388101
26910,7179.447648,1,0,1,0,0,0,0.011395773
26912,7179.48096,1,0,1,0,0,0,0.011383917
26914,7179.514304,1,0,1,0,0,0,0.011374502
26916,7179.547648,1,0,1,0,0,0,0.011397168
26918,7179.58096,1,0,1,0,0,0,0.011389845
26920,7179.614304,1,0,1,0,0,0,0.011414254
26922,7179.647616,1,0,1,0,0,0,0.011398563
26924,7179.68096,1,0,1,0,0,0,0.011399609
26926,7179.714304,1,0,1,0,0,0,0.011368225
26928,7179.747616,1,0,1,0,0,0,0.011386358
26930,7179.78096,1,0,1,0,0,0,0.011435177
26932,7179.814304,1,0,1,0,0,0,0.011406234
26934,7179.847616,1,0,1,0,0,0,0.011381476
26936,7179.88096,1,0,1,0,0,0,0.011384963
26938,7179.914272,1,0,1,0,0,0,0.011393681
26940,7179.947616,1,0,1,0,0,0,0.011316268
26942,7179.98096,1,0,1,0,0,0,0.011324637
26944,7180.014272,1,0,1,0,0,0,0.011401701
26946,7180.047616,1,0,1,0,0,0,0.011400306
26948,7180.08096,1,0,1,0,0,0,0.011403445
26950,7180.114272,1,0,1,0,0,0,0.011360553
26952,7180.147616,1,0,1,0,0,0,0.011436223
26954,7180.180928,1,0,1,0,0,0,0.011354625
26956,7180.214272,1,0,1,0,0,0,0.011354974
26958,7180.247616,1,0,1,0,0,0,0.011356718
26960,7180.280928,1,0,1,0,0,0,0.011353928
26962,7180.314272,1,0,1,0,0,0,0.011390194
26964,7180.347616,1,0,1,0,0,0,0.011402747
26966,7180.380928,1,0,1,0,0,0,0.011329518
26968,7180.414272,1,0,1,0,0,0,0.01136962
26970,7180.447584,1,0,1,0,0,0,0.011357764
26972,7180.480928,1,0,1,0,0,0,0.011323242
26974,7180.514272,1,0,1,0,0,0,0.011378338
26976,7180.547584,1,0,1,0,0,0,0.011375548
26978,7180.580928,1,0,1,0,0,0,0.011365087
26980,7180.614272,1,0,1,0,0,0,0.011404839
26982,7180.647584,1,0,1,0,0,0,0.011396819
26984,7180.680928,1,0,1,0,0,0,0.011384963
26986,7180.714272,1,0,1,0,0,0,0.011377989
26988,7180.747584,1,0,1,0,0,0,0.011366133
26990,7180.780928,1,0,1,0,0,0,0.011321149
26992,7180.81424,1,0,1,0,0,0,0.011327775
26994,7180.847584,1,0,1,0,0,0,0.011404142
26996,7180.880928,1,0,1,0,0,0,0.011365784
26998,7180.91424,1,0,1,0,0,0,0.011363692
27000,7180.947584,1,0,1,0,0,0,0.011350092
27002,7180.980928,1,0,1,0,0,0,0.011339631
27004,7181.01424,1,0,1,0,0,0,0.011376594
27006,7181.047584,1,0,1,0,0,0,0.011362646
27008,7181.080896,1,0,1,0,0,0,0.011323242
27010,7181.11424,1,0,1,0,0,0,0.011326031
27012,7181.147584,1,0,1,0,0,0,0.011353579
27014,7181.180896,1,0,1,0,0,0,0.01135079
27016,7181.21424,1,0,1,0,0,0,0.011334052
27018,7181.247552,1,0,1,0,0,0,0.011368574
27020,7181.280896,1,0,1,0,0,0,0.011324637
27022,7181.31424,1,0,1,0,0,0,0.011359507
27024,7181.347552,1,0,1,0,0,0,0.01137764
27026,7181.380896,1,0,1,0,0,0,0.011343118
27028,7181.41424,1,0,1,0,0,0,0.011330216
27030,7181.447552,1,0,1,0,0,0,0.011327426
27032,7181.480896,1,0,1,0,0,0,0.011391937
27034,7181.514208,1,0,1,0,0,0,0.011386707
27036,7181.547552,1,0,1,0,0,0,0.011379732
27038,7181.580896,1,0,1,0,0,0,0.011363692
27040,7181.614208,1,0,1,0,0,0,0.011358461
27042,7181.647552,1,0,1,0,0,0,0.011336493
27044,7181.680896,1,0,1,0,0,0,0.011368922
27046,7181.714208,1,0,1,0,0,0,0.01136683
27048,7181.747552,1,0,1,0,0,0,0.011397865
27050,7181.780864,1,0,1,0,0,0,0.01137485
27052,7181.814208,1,0,1,0,0,0,0.011409721
27054,7181.847552,1,0,1,0,0,0,0.011365435
27056,7181.880864,1,0,1,0,0,0,0.011386358
27058,7181.914208,1,0,1,0,0,0,0.011368574
27060,7181.947552,1,0,1,0,0,0,0.011356718
27062,7181.980864,1,0,1,0,0,0,0.011334749
27064,7182.014208,1,0,1,0,0,0,0.011381476
27066,7182.04752,1,0,1,0,0,0,0.011377989
27068,7182.080864,1,0,1,0,0,0,0.01133719
27070,7182.114208,1,0,1,0,0,0,0.011401701
27072,7182.14752,1,0,1,0,0,0,0.011352533
27074,7182.180864,1,0,1,0,0,0,0.011349744
27076,7182.214208,1,0,1,0,0,0,0.011391937
27078,7182.24752,1,0,1,0,0,0,0.011355323
27080,7182.280864,1,0,1,0,0,0,0.011390542
27082,7182.314208,1,0,1,0,0,0,0.011388101
27084,7182.34752,1,0,1,0,0,0,0.011393332
27086,7182.380864,1,0,1,0,0,0,0.011420531
27088,7182.414176,1,0,1,0,0,0,0.011395424
27090,7182.44752,1,0,1,0,0,0,0.011408326
27092,7182.480864,1,0,1,0,0,0,0.011391937
27094,7182.514176,1,0,1,0,0,0,0.011376245
27096,7182.54752,1,0,1,0,0,0,0.011353231
27098,7182.580864,1,0,1,0,0,0,0.011431341
27100,7182.614176,1,0,1,0,0,0,0.011365435
27102,7182.64752,1,0,1,0,0,0,0.011400306
27104,7182.680832,1,0,1,0,0,0,0.011367876
27106,7182.714176,1,0,1,0,0,0,0.011387404
27108,7182.74752,1,0,1,0,0,0,0.011405188
27110,7182.780832,1,0,1,0,0,0,0.011376943
27112,7182.814176,1,0,1,0,0,0,0.011364738
27114,7182.84752,1,0,1,0,0,0,0.011373107
27116,7182.880832,1,0,1,0,0,0,0.011363692
27118,7182.914176,1,0,1,0,0,0,0.011360205
27120,7182.947488,1,0,1,0,0,0,0.011421229
27122,7182.980832,1,0,1,0,0,0,0.011344513
27124,7183.014176,1,0,1,0,0,0,0.011316268
27126,7183.047488,1,0,1,0,0,0,0.011332308
27128,7183.080832,1,0,1,0,0,0,0.011339282
27130,7183.114176,1,0,1,0,0,0,0.011267797
27132,7183.147488,1,0,1,0,0,0,0.011352882
27134,7183.180832,1,0,1,0,0,0,0.011295694
27136,7183.214144,1,0,1,0,0,0,0.011335447
27138,7183.247488,1,0,1,0,0,0,0.011337539
27140,7183.280832,1,0,1,0,0,0,0.011331959
27142,7183.314144,1,0,1,0,0,0,0.01135079
27144,7183.347488,1,0,1,0,0,0,0.011309991
27146,7183.380832,1,0,1,0,0,0,0.011326031
27148,7183.414144,1,0,1,0,0,0,0.011300576
27150,7183.447488,1,0,1,0,0,0,0.01129953
27152,7183.4808,1,0,1,0,0,0,0.011301622
27154,7183.514144,1,0,1,0,0,0,0.011372061
27156,7183.547488,1,0,1,0,0,0,0.011367528
27158,7183.5808,1,0,1,0,0,0,0.011392635
27160,7183.614144,1,0,1,0,0,0,0.011375199
27162,7183.647488,1,0,1,0,0,0,0.011352882
27164,7183.6808,1,0,1,0,0,0,0.011405885
27166,7183.714144,1,0,1,0,0,0,0.011392286
27168,7183.747488,1,0,1,0,0,0,0.011380779
27170,7183.7808,1,0,1,0,0,0,0.011382522
27172,7183.814144,1,0,1,0,0,0,0.011369969
27174,7183.847488,1,0,1,0,0,0,0.011360553
27176,7183.8808,1,0,1,0,0,0,0.011369271
27178,7183.914112,1,0,1,0,0,0,0.011357066
27180,7183.947488,1,0,1,0,0,0,0.011327775
27182,7183.9808,1,0,1,0,0,0,0.01137241
27184,7184.014112,1,0,1,0,0,0,0.011348697
27186,7184.047488,1,0,1,0,0,0,0.011313129
27188,7184.0808,1,0,1,0,0,0,0.011346954
27190,7184.114112,1,0,1,0,0,0,0.011351487
27192,7184.147488,1,0,1,0,0,0,0.011345559
27194,7184.1808,1,0,1,0,0,0,0.011368225
27196,7184.214112,1,0,1,0,0,0,0.011358113
27198,7184.247488,1,0,1,0,0,0,0.011325683
27200,7184.280768,1,0,1,0,0,0,0.011329867
27202,7184.314112,1,0,1,0,0,0,0.011368574
27204,7184.347488,1,0,1,0,0,0,0.011327775
27206,7184.380768,1,0,1,0,0,0,0.011383568
27208,7184.414112,1,0,1,0,0,0,0.011348
27210,7184.447488,1,0,1,0,0,0,0.011357415
27212,7184.480768,1,0,1,0,0,0,0.01135881
27214,7184.514112,1,0,1,0,0,0,0.011325683
27216,7184.547488,1,0,1,0,0,0,0.011342072
27218,7184.580768,1,0,1,0,0,0,0.01134521
27220,7184.614112,1,0,1,0,0,0,0.011361948
27222,7184.647488,1,0,1,0,0,0,0.011348
27224,7184.680768,1,0,1,0,0,0,0.011355323
27226,7184.714112,1,0,1,0,0,0,0.01134521
27228,7184.747488,1,0,1,0,0,0,0.011330565
27230,7184.780768,1,0,1,0,0,0,0.011355323
27232,7184.81408,1,0,1,0,0,0,0.011325334
27234,7184.847488,1,0,1,0,0,0,0.011368574
27236,7184.880768,1,0,1,0,0,0,0.0113616
27238,7184.91408,1,0,1,0,0,0,0.011331959
27240,7184.947424,1,0,1,0,0,0,0.011314175
27242,7184.980768,1,0,1,0,0,0,0.011349744
27244,7185.01408,1,0,1,0,0,0,0.011331611
27246,7185.047424,1,0,1,0,0,0,0.011350441
27248,7185.080736,1,0,1,0,0,0,0.011359507
27250,7185.11408,1,0,1,0,0,0,0.011389148
27252,7185.147424,1,0,1,0,0,0,0.011350441
27254,7185.180736,1,0,1,0,0,0,0.011405188
27256,7185.21408,1,0,1,0,0,0,0.011406234
27258,7185.247424,1,0,1,0,0,0,0.011391937
27260,7185.280736,1,0,1,0,0,0,0.011377989
27262,7185.31408,1,0,1,0,0,0,0.011398563
27264,7185.347392,1,0,1,0,0,0,0.011382522
27266,7185.380736,1,0,1,0,0,0,0.011374502
27268,7185.41408,1,0,1,0,0,0,0.011375548
27270,7185.447392,1,0,1,0,0,0,0.01141286
27272,7185.480736,1,0,1,0,0,0,0.011373804
27274,7185.514048,1,0,1,0,0,0,0.011305458
27276,7185.547392,1,0,1,0,0,0,0.011367876
27278,7185.580736,1,0,1,0,0,0,0.011309642
27280,7185.614048,1,0,1,0,0,0,0.011383568
27282,7185.647392,1,0,1,0,0,0,0.011360205
27284,7185.680736,1,0,1,0,0,0,0.011340328
27286,7185.714048,1,0,1,0,0,0,0.011388799
27288,7185.747392,1,0,1,0,0,0,0.011365784
27290,7185.780704,1,0,1,0,0,0,0.011378338
27292,7185.814048,1,0,1,0,0,0,0.011335098
27294,7185.847392,1,0,1,0,0,0,0.011321149
27296,7185.880704,1,0,1,0,0,0,0.011310688
27298,7185.914048,1,0,1,0,0,0,0.011328472
27300,7185.947392,1,0,1,0,0,0,0.011348697
27302,7185.980704,1,0,1,0,0,0,0.011331262
27304,7186.014048,1,0,1,0,0,0,0.01136683
27306,7186.047392,1,0,1,0,0,0,0.011355672
27308,7186.080704,1,0,1,0,0,0,0.011371015
27310,7186.114048,1,0,1,0,0,0,0.011381127
27312,7186.14736,1,0,1,0,0,0,0.01138845
27314,7186.180704,1,0,1,0,0,0,0.011361948
27316,7186.214048,1,0,1,0,0,0,0.011376594
27318,7186.24736,1,0,1,0,0,0,0.011389496
27320,7186.280704,1,0,1,0,0,0,0.011368574
27322,7186.314048,1,0,1,0,0,0,0.011360553
27324,7186.34736,1,0,1,0,0,0,0.011321847
27326,7186.380704,1,0,1,0,0,0,0.011310688
27328,7186.414016,1,0,1,0,0,0,0.011295694
27330,7186.44736,1,0,1,0,0,0,0.011327078
27332,7186.480704,1,0,1,0,0,0,0.011373456
27334,7186.514016,1,0,1,0,0,0,0.011352533
27336,7186.54736,1,0,1,0,0,0,0.011330913
27338,7186.580704,1,0,1,0,0,0,0.011316965
27340,7186.614016,1,0,1,0,0,0,0.011294299
27342,7186.64736,1,0,1,0,0,0,0.011333354
27344,7186.680672,1,0,1,0,0,0,0.011289068
27346,7186.714016,1,0,1,0,0,0,0.011362646
27348,7186.74736,1,0,1,0,0,0,0.011309293
27350,7186.780672,1,0,1,0,0,0,0.011324637
27352,7186.814016,1,0,1,0,0,0,0.011329867
27354,7186.84736,1,0,1,0,0,0,0.011320103
27356,7186.880672,1,0,1,0,0,0,0.011311037
27358,7186.914016,1,0,1,0,0,0,0.011304063
27360,7186.947328,1,0,1,0,0,0,0.011297089
27362,7186.980672,1,0,1,0,0,0,0.011297437
27364,7187.014016,1,0,1,0,0,0,0.011294648
27366,7187.047328,1,0,1,0,0,0,0.011273725
27368,7187.080672,1,0,1,0,0,0,0.011265705
27370,7187.114016,1,0,1,0,0,0,0.011278607
27372,7187.147328,1,0,1,0,0,0,0.011293602
27374,7187.180672,1,0,1,0,0,0,0.011319755
27376,7187.213984,1,0,1,0,0,0,0.01139647
27378,7187.247328,1,0,1,0,0,0,0.011352184
27380,7187.280672,1,0,1,0,0,0,0.011311037
27382,7187.313984,1,0,1,0,0,0,0.01135881
27384,7187.347328,1,0,1,0,0,0,0.011345908
27386,7187.38064,1,0,1,0,0,0,0.011285233
27388,7187.413984,1,0,1,0,0,0,0.011332657
27390,7187.447328,1,0,1,0,0,0,0.011345559
27392,7187.48064,1,0,1,0,0,0,0.011324637
27394,7187.513984,1,0,1,0,0,0,0.01135602
27396,7187.547328,1,0,1,0,0,0,0.011351836
27398,7187.58064,1,0,1,0,0,0,0.011309642
27400,7187.613984,1,0,1,0,0,0,0.011319057
27402,7187.647296,1,0,1,0,0,0,0.011299878
27404,7187.68064,1,0,1,0,0,0,0.011325683
27406,7187.713984,1,0,1,0,0,0,0.011319057
27408,7187.747296,1,0,1,0,0,0,0.011341375
27410,7187.78064,1,0,1,0,0,0,0.011322893
27412,7187.813984,1,0,1,0,0,0,0.011353579
27414,7187.847296,1,0,1,0,0,0,0.011317662
27416,7187.88064,1,0,1,0,0,0,0.011330565
27418,7187.913952,1,0,1,0,0,0,0.011343118
27420,7187.947296,1,0,1,0,0,0,0.011311386
27422,7187.98064,1,0,1,0,0,0,0.011328821
27424,7188.013952,1,0,1,0,0,0,0.011321149
27426,7188.047296,1,0,1,0,0,0,0.011332308
27428,7188.08064,1,0,1,0,0,0,0.01128314
27430,7188.113952,1,0,1,0,0,0,0.011288371
27432,7188.147296,1,0,1,0,0,0,0.011270587
27434,7188.18064,1,0,1,0,0,0,0.011241993
27436,7188.213952,1,0,1,0,0,0,0.011263613
27438,7188.247296,1,0,1,0,0,0,0.011251408
27440,7188.280608,1,0,1,0,0,0,0.011274423
27442,7188.313952,1,0,1,0,0,0,0.011225255
27444,7188.347296,1,0,1,0,0,0,0.011256987
27446,7188.380608,1,0,1,0,0,0,0.011225952
27448,7188.413952,1,0,1,0,0,0,0.011226301
27450,7188.447296,1,0,1,0,0,0,0.01124827
27452,7188.480608,1,0,1,0,0,0,0.011255592
27454,7188.513952,1,0,1,0,0,0,0.011222814
27456,7188.547264,1,0,1,0,0,0,0.011269192
27458,7188.580608,1,0,1,0,0,0,0.011230485
27460,7188.613952,1,0,1,0,0,0,0.011274423
27462,7188.647264,1,0,1,0,0,0,0.01123467
27464,7188.680608,1,0,1,0,0,0,0.011281397
27466,7188.713952,1,0,1,0,0,0,0.011239552
27468,7188.747264,1,0,1,0,0,0,0.011258382
27470,7188.780608,1,0,1,0,0,0,0.011260474
27472,7188.813952,1,0,1,0,0,0,0.011235716
27474,7188.847264,1,0,1,0,0,0,0.01122107
27476,7188.880608,1,0,1,0,0,0,0.011232578
27478,7188.91392,1,0,1,0,0,0,0.0112535
27480,7188.947264,1,0,1,0,0,0,0.011318011
27482,7188.980608,1,0,1,0,0,0,0.011279653
27484,7189.01392,1,0,1,0,0,0,0.011296391
27486,7189.047264,1,0,1,0,0,0,0.011364738
27488,7189.080576,1,0,1,0,0,0,0.011315919
27490,7189.11392,1,0,1,0,0,0,0.011299181
27492,7189.147264,1,0,1,0,0,0,0.011336841
27494,7189.180576,1,0,1,0,0,0,0.011360205
27496,7189.21392,1,0,1,0,0,0,0.011313129
27498,7189.247264,1,0,1,0,0,0,0.011354625
27500,7189.280576,1,0,1,0,0,0,0.011370666
27502,7189.31392,1,0,1,0,0,0,0.01131034
27504,7189.347232,1,0,1,0,0,0,0.01134521
27506,7189.380576,1,0,1,0,0,0,0.0113616
27508,7189.41392,1,0,1,0,0,0,0.011342421
27510,7189.447232,1,0,1,0,0,0,0.0113616
27512,7189.480576,1,0,1,0,0,0,0.011330216
27514,7189.513888,1,0,1,0,0,0,0.011371712
27516,7189.547232,1,0,1,0,0,0,0.011316965
27518,7189.580576,1,0,1,0,0,0,0.011368574
27520,7189.613888,1,0,1,0,0,0,0.01135881
27522,7189.647232,1,0,1,0,0,0,0.011340328
27524,7189.680576,1,0,1,0,0,0,0.011366482
27526,7189.713888,1,0,1,0,0,0,0.01131836
27528,7189.747232,1,0,1,0,0,0,0.011340677
27530,7189.780544,1,0,1,0,0,0,0.011373804
27532,7189.813888,1,0,1,0,0,0,0.011356369
27534,7189.847232,1,0,1,0,0,0,0.011395076
27536,7189.880544,1,0,1,0,0,0,0.01138566
27538,7189.913888,1,0,1,0,0,0,0.011386358
27540,7189.947232,1,0,1,0,0,0,0.011357764
27542,7189.980544,1,0,1,0,0,0,0.011360553
27544,7190.013888,1,0,1,0,0,0,0.011365087
27546,7190.047232,1,0,1,0,0,0,0.011350441
27548,7190.080544,1,0,1,0,0,0,0.011373804
27550,7190.113888,1,0,1,0,0,0,0.011406932
27552,7190.1472,1,0,1,0,0,0,0.011385312
27554,7190.180544,1,0,1,0,0,0,0.011394727
27556,7190.213888,1,0,1,0,0,0,0.011381825
27558,7190.2472,1,0,1,0,0,0,0.011374153
27560,7190.280544,1,0,1,0,0,0,0.011375897
27562,7190.313888,1,0,1,0,0,0,0.01138043
27564,7190.3472,1,0,1,0,0,0,0.011387404
27566,7190.380544,1,0,1,0,0,0,0.011428203
27568,7190.413856,1,0,1,0,0,0,0.011410767
27570,7190.4472,1,0,1,0,0,0,0.01141007
27572,7190.480544,1,0,1,0,0,0,0.011376943
27574,7190.513856,1,0,1,0,0,0,0.011389148
27576,7190.5472,1,0,1,0,0,0,0.011393332
27578,7190.580544,1,0,1,0,0,0,0.011392635
27580,7190.613856,1,0,1,0,0,0,0.011395424
27582,7190.6472,1,0,1,0,0,0,0.011331959
27584,7190.680512,1,0,1,0,0,0,0.011406234
27586,7190.713856,1,0,1,0,0,0,0.011377989
27588,7190.7472,1,0,1,0,0,0,0.011389845
27590,7190.780512,1,0,1,0,0,0,0.011360902
27592,7190.813856,1,0,1,0,0,0,0.011382871
27594,7190.8472,1,0,1,0,0,0,0.011376943
27596,7190.880512,1,0,1,0,0,0,0.01138043
27598,7190.913856,1,0,1,0,0,0,0.011382173
27600,7190.947168,1,0,1,0,0,0,0.011387753
27602,7190.980512,1,0,1,0,0,0,0.011405537
27604,7191.013856,1,0,1,0,0,0,0.011383917
27606,7191.047168,1,0,1,0,0,0,0.011385312
27608,7191.080512,1,0,1,0,0,0,0.011380779
27610,7191.113856,1,0,1,0,0,0,0.011376943
27612,7191.147168,1,0,1,0,0,0,0.011404839
27614,7191.180512,1,0,1,0,0,0,0.011371363
27616,7191.213824,1,0,1,0,0,0,0.01138043
27618,7191.247168,1,0,1,0,0,0,0.011415998
27620,7191.280512,1,0,1,0,0,0,0.011361948
27622,7191.313824,1,0,1,0,0,0,0.011435526
27624,7191.347168,1,0,1,0,0,0,0.011357415
27626,7191.38048,1,0,1,0,0,0,0.011369271
27628,7191.413824,1,0,1,0,0,0,0.011400655
27630,7191.447168,1,0,1,0,0,0,0.011359856
27632,7191.48048,1,0,1,0,0,0,0.011407978
27634,7191.513824,1,0,1,0,0,0,0.011324288
27636,7191.547168,1,0,1,0,0,0,0.011359507
27638,7191.58048,1,0,1,0,0,0,0.011343815
27640,7191.613824,1,0,1,0,0,0,0.011351138
27642,7191.647136,1,0,1,0,0,0,0.011371712
27644,7191.68048,1,0,1,0,0,0,0.011372758
27646,7191.713824,1,0,1,0,0,0,0.011385312
27648,7191.747136,1,0,1,0,0,0,0.011356718
27650,7191.78048,1,0,1,0,0,0,0.011392286
27652,7191.813824,1,0,1,0,0,0,0.011395076
27654,7191.847136,1,0,1,0,0,0,0.011389496
27656,7191.88048,1,0,1,0,0,0,0.011378686
27658,7191.913792,1,0,1,0,0,0,0.011408675
27660,7191.947136,1,0,1,0,0,0,0.011384266
27662,7191.98048,1,0,1,0,0,0,0.011390194
27664,7192.013792,1,0,1,0,0,0,0.011349046
27666,7192.047136,1,0,1,0,0,0,0.01140205
27668,7192.08048,1,0,1,0,0,0,0.011374502
27670,7192.113792,1,0,1,0,0,0,0.011421926
27672,7192.147136,1,0,1,0,0,0,0.011421229
27674,7192.18048,1,0,1,0,0,0,0.011403445
27676,7192.213792,1,0,1,0,0,0,0.011352882
27678,7192.247136,1,0,1,0,0,0,0.011354625
27680,7192.280448,1,0,1,0,0,0,0.011353928
27682,7192.313792,1,0,1,0,0,0,0.01133998
27684,7192.347136,1,0,1,0,0,0,0.011333354
27686,7192.380448,1,0,1,0,0,0,0.0113616
27688,7192.413792,1,0,1,0,0,0,0.011376943
27690,7192.447136,1,0,1,0,0,0,0.011378338
27692,7192.480448,1,0,1,0,0,0,0.011358461
27694,7192.513792,1,0,1,0,0,0,0.011352184
27696,7192.547104,1,0,1,0,0,0,0.011366482
27698,7192.580448,1,0,1,0,0,0,0.011368574
27700,7192.613792,1,0,1,0,0,0,0.011339282
27702,7192.647104,1,0,1,0,0,0,0.011324985
27704,7192.680448,1,0,1,0,0,0,0.011378338
27706,7192.71376,1,0,1,0,0,0,0.011350092
27708,7192.747104,1,0,1,0,0,0,0.011390542
27710,7192.780448,1,0,1,0,0,0,0.011362297
27712,7192.81376,1,0,1,0,0,0,0.011418439
27714,7192.847104,1,0,1,0,0,0,0.011363692
27716,7192.880448,1,0,1,0,0,0,0.011380081
27718,7192.91376,1,0,1,0,0,0,0.011426808
27720,7192.947104,1,0,1,0,0,0,0.011427157
27722,7192.980448,1,0,1,0,0,0,0.011363343
27724,7193.01376,1,0,1,0,0,0,0.011378686
27726,7193.047104,1,0,1,0,0,0,0.011366133
27728,7193.080416,1,0,1,0,0,0,0.01137485
27730,7193.11376,1,0,1,0,0,0,0.011346605
27732,7193.147104,1,0,1,0,0,0,0.01136683
27734,7193.180416,1,0,1,0,0,0,0.011345559
27736,7193.21376,1,0,1,0,0,0,0.011355672
27738,7193.247072,1,0,1,0,0,0,0.011382173
27740,7193.280416,1,0,1,0,0,0,0.011325334
27742,7193.31376,1,0,1,0,0,0,0.011280002
27744,7193.347072,1,0,1,0,0,0,0.01131278
27746,7193.380416,1,0,1,0,0,0,0.011320103
27748,7193.41376,1,0,1,0,0,0,0.011276166
27750,7193.447072,1,0,1,0,0,0,0.011344513
27752,7193.480416,1,0,1,0,0,0,0.011278258
27754,7193.513728,1,0,1,0,0,0,0.011235019
27756,7193.547072,1,0,1,0,0,0,0.011297786
27758,7193.580416,1,0,1,0,0,0,0.011284884
27760,7193.613728,1,0,1,0,0,0,0.011277561
27762,7193.647072,1,0,1,0,0,0,0.011251757
27764,7193.680416,1,0,1,0,0,0,0.011296043
27766,7193.713728,1,0,1,0,0,0,0.011294299
27768,7193.747072,1,0,1,0,0,0,0.011305458
27770,7193.780416,1,0,1,0,0,0,0.011369271
27772,7193.813728,1,0,1,0,0,0,0.0113616
27774,7193.847072,1,0,1,0,0,0,0.011383568
27776,7193.880384,1,0,1,0,0,0,0.011406583
27778,7193.913728,1,0,1,0,0,0,0.011358113
27780,7193.947072,1,0,1,0,0,0,0.011369969
27782,7193.980384,1,0,1,0,0,0,0.011391937
27784,7194.013728,1,0,1,0,0,0,0.011386009
27786,7194.047072,1,0,1,0,0,0,0.011387753
27788,7194.080384,1,0,1,0,0,0,0.011335795
27790,7194.113728,1,0,1,0,0,0,0.011346605
27792,7194.14704,1,0,1,0,0,0,0.011351138
27794,7194.180384,1,0,1,0,0,0,0.01129395
27796,7194.213728,1,0,1,0,0,0,0.011299878
27798,7194.24704,1,0,1,0,0,0,0.011328124
27800,7194.280384,1,0,1,0,0,0,0.01131278
27802,7194.313728,1,0,1,0,0,0,0.011315221
27804,7194.34704,1,0,1,0,0,0,0.011336144
27806,7194.380384,1,0,1,0,0,0,0.011321149
27808,7194.413696,1,0,1,0,0,0,0.011370666
27810,7194.44704,1,0,1,0,0,0,0.011355323
27812,7194.480384,1,0,1,0,0,0,0.011334052
27814,7194.513696,1,0,1,0,0,0,0.011355323
27816,7194.54704,1,0,1,0,0,0,0.011316616
27818,7194.580384,1,0,1,0,0,0,0.011329518
27820,7194.613696,1,0,1,0,0,0,0.011339282
27822,7194.64704,1,0,1,0,0,0,0.011341026
27824,7194.680352,1,0,1,0,0,0,0.011337887
27826,7194.713696,1,0,1,0,0,0,0.011306155
27828,7194.74704,1,0,1,0,0,0,0.01137241
27830,7194.780352,1,0,1,0,0,0,0.011334052
27832,7194.813696,1,0,1,0,0,0,0.011352533
27834,7194.84704,1,0,1,0,0,0,0.01130476
27836,7194.880352,1,0,1,0,0,0,0.011343815
27838,7194.913696,1,0,1,0,0,0,0.011352184
27840,7194.947008,1,0,1,0,0,0,0.011285581
27842,7194.980352,1,0,1,0,0,0,0.011347303
27844,7195.013696,1,0,1,0,0,0,0.011308596
27846,7195.047008,1,0,1,0,0,0,0.011303365
27848,7195.080352,1,0,1,0,0,0,0.011341375
27850,7195.113664,1,0,1,0,0,0,0.011320103
27852,7195.147008,1,0,1,0,0,0,0.01131034
27854,7195.180352,1,0,1,0,0,0,0.011327775
27856,7195.213664,1,0,1,0,0,0,0.011299181
27858,7195.247008,1,0,1,0,0,0,0.011300576
27860,7195.280352,1,0,1,0,0,0,0.011325334
27862,7195.313664,1,0,1,0,0,0,0.011319755
27864,7195.347008,1,0,1,0,0,0,0.011359507
27866,7195.38032,1,0,1,0,0,0,0.011366482
27868,7195.413664,1,0,1,0,0,0,0.011306155
27870,7195.447008,1,0,1,0,0,0,0.011321847
27872,7195.48032,1,0,1,0,0,0,0.011319406
27874,7195.513664,1,0,1,0,0,0,0.011324637
27876,7195.547008,1,0,1,0,0,0,0.011281397
27878,7195.58032,1,0,1,0,0,0,0.011329867
27880,7195.613664,1,0,1,0,0,0,0.011284535
27882,7195.646976,1,0,1,0,0,0,0.011324985
27884,7195.68032,1,0,1,0,0,0,0.011300924
27886,7195.713664,1,0,1,0,0,0,0.011295345
27888,7195.746976,1,0,1,0,0,0,0.01132638
27890,7195.78032,1,0,1,0,0,0,0.011348
27892,7195.813664,1,0,1,0,0,0,0.011348349
27894,7195.846976,1,0,1,0,0,0,0.011328821
27896,7195.88032,1,0,1,0,0,0,0.011269889
27898,7195.913632,1,0,1,0,0,0,0.011331262
27900,7195.946976,1,0,1,0,0,0,0.011266054
27902,7195.98032,1,0,1,0,0,0,0.011283489
27904,7196.013632,1,0,1,0,0,0,0.011293253
27906,7196.046976,1,0,1,0,0,0,0.011271982
27908,7196.08032,1,0,1,0,0,0,0.011244782
27910,7196.113632,1,0,1,0,0,0,0.011277212
27912,7196.146976,1,0,1,0,0,0,0.011246526
27914,7196.18032,1,0,1,0,0,0,0.011307201
27916,7196.213632,1,0,1,0,0,0,0.0112671
27918,7196.246976,1,0,1,0,0,0,0.011298135
27920,7196.280288,1,0,1,0,0,0,0.011316268
27922,7196.313632,1,0,1,0,0,0,0.011299878
27924,7196.346976,1,0,1,0,0,0,0.011363343
27926,7196.380288,1,0,1,0,0,0,0.011328472
27928,7196.413632,1,0,1,0,0,0,0.011349744
27930,7196.446976,1,0,1,0,0,0,0.011314524
27932,7196.480288,1,0,1,0,0,0,0.011305109
27934,7196.513632,1,0,1,0,0,0,0.011334052
27936,7196.546944,1,0,1,0,0,0,0.011298135
27938,7196.580288,1,0,1,0,0,0,0.011363343
27940,7196.613632,1,0,1,0,0,0,0.011348349
27942,7196.646944,1,0,1,0,0,0,0.011375897
27944,7196.680288,1,0,1,0,0,0,0.011322196
27946,7196.7136,1,0,1,0,0,0,0.011333354
27948,7196.746944,1,0,1,0,0,0,0.011388101
27950,7196.780288,1,0,1,0,0,0,0.011313827
27952,7196.8136,1,0,1,0,0,0,0.011365435
27954,7196.846944,1,0,1,0,0,0,0.011321498
27956,7196.880288,1,0,1,0,0,0,0.011318011
27958,7196.9136,1,0,1,0,0,0,0.011338934
27960,7196.946944,1,0,1,0,0,0,0.011381476
27962,7196.980288,1,0,1,0,0,0,0.011352882
27964,7197.0136,1,0,1,0,0,0,0.01131034
27966,7197.046944,1,0,1,0,0,0,0.011382522
27968,7197.080256,1,0,1,0,0,0,0.011348349
27970,7197.1136,1,0,1,0,0,0,0.011346256
27972,7197.146944,1,0,1,0,0,0,0.011329518
27974,7197.180256,1,0,1,0,0,0,0.011354277
27976,7197.2136,1,0,1,0,0,0,0.011325334
27978,7197.246944,1,0,1,0,0,0,0.011320452
27980,7197.280256,1,0,1,0,0,0,0.011332657
27982,7197.3136,1,0,1,0,0,0,0.011331959
27984,7197.346944,1,0,1,0,0,0,0.011362646
27986,7197.380256,1,0,1,0,0,0,0.011383917
27988,7197.4136,1,0,1,0,0,0,0.011349395
27990,7197.446912,1,0,1,0,0,0,0.011316616
27992,7197.480256,1,0,1,0,0,0,0.011311386
27994,7197.513568,1,0,1,0,0,0,0.011348697
27996,7197.546912,1,0,1,0,0,0,0.011323939
27998,7197.580256,1,0,1,0,0,0,0.011362646
28000,7197.613568,1,0,1,0,0,0,0.011300576
28002,7197.646912,1,0,1,0,0,0,0.011334749
28004,7197.680256,1,0,1,0,0,0,0.011300227
28006,7197.713568,1,0,1,0,0,0,0.011338236
28008,7197.746912,1,0,1,0,0,0,0.011356369
28010,7197.780256,1,0,1,0,0,0,0.011286976
28012,7197.813568,1,0,1,0,0,0,0.011311037
28014,7197.846912,1,0,1,0,0,0,0.011325683
28016,7197.880224,1,0,1,0,0,0,0.011290812
28018,7197.913568,1,0,1,0,0,0,0.011307201
28020,7197.946912,1,0,1,0,0,0,0.011300227
28022,7197.980224,1,0,1,0,0,0,0.011303714
28024,7198.013568,1,0,1,0,0,0,0.011305806
28026,7198.046912,1,0,1,0,0,0,0.011301622
28028,7198.080224,1,0,1,0,0,0,0.011323242
28030,7198.113568,1,0,1,0,0,0,0.011271982
28032,7198.14688,1,0,1,0,0,0,0.011254546
28034,7198.180224,1,0,1,0,0,0,0.011291858
28036,7198.213568,1,0,1,0,0,0,0.011214445
28038,7198.24688,1,0,1,0,0,0,0.011301273
28040,7198.280224,1,0,1,0,0,0,0.011241644
28042,7198.313568,1,0,1,0,0,0,0.011334749
28044,7198.34688,1,0,1,0,0,0,0.01126431
28046,7198.380224,1,0,1,0,0,0,0.01126431
28048,7198.413536,1,0,1,0,0,0,0.011274423
28050,7198.44688,1,0,1,0,0,0,0.011263961
28052,7198.480224,1,0,1,0,0,0,0.011301273
28054,7198.513536,1,0,1,0,0,0,0.011298135
28056,7198.54688,1,0,1,0,0,0,0.011308945
28058,7198.580224,1,0,1,0,0,0,0.011285233
28060,7198.613536,1,0,1,0,0,0,0.011272679
28062,7198.64688,1,0,1,0,0,0,0.011285233
28064,7198.680192,1,0,1,0,0,0,0.011261172
28066,7198.713536,1,0,1,0,0,0,0.011305109
28068,7198.74688,1,0,1,0,0,0,0.011250013
28070,7198.780192,1,0,1,0,0,0,0.011311386
28072,7198.813536,1,0,1,0,0,0,0.011300576
28074,7198.84688,1,0,1,0,0,0,0.011266402
28076,7198.880192,1,0,1,0,0,0,0.011286279
28078,7198.913536,1,0,1,0,0,0,0.011254198
28080,7198.946848,1,0,1,0,0,0,0.011282443
28082,7198.980192,1,0,1,0,0,0,0.011291509
28084,7199.013536,1,0,1,0,0,0,0.011265008
28086,7199.046848,1,0,1,0,0,0,0.011214096
28088,7199.080192,1,0,1,0,0,0,0.011246875
28090,7199.113504,1,0,1,0,0,0,0.011258382
28092,7199.146848,1,0,1,0,0,0,0.011263264
28094,7199.180192,1,0,1,0,0,0,0.01127233
28096,7199.213504,1,0,1,0,0,0,0.0112535
28098,7199.246848,1,0,1,0,0,0,0.011282443
28100,7199.280192,1,0,1,0,0,0,0.011270936
28102,7199.313504,1,0,1,0,0,0,0.011275817
28104,7199.346848,1,0,1,0,0,0,0.011307899
28106,7199.38016,1,0,1,0,0,0,0.011346605
28108,7199.413504,1,0,1,0,0,0,0.011317662
28110,7199.446848,1,0,1,0,0,0,0.011343815
28112,7199.48016,1,0,1,0,0,0,0.011339631
28114,7199.513504,1,0,1,0,0,0,0.011311386
28116,7199.546848,1,0,1,0,0,0,0.011334052
28118,7199.58016,1,0,1,0,0,0,0.011273725
28120,7199.613504,1,0,1,0,0,0,0.011297786
28122,7199.646848,1,0,1,0,0,0,0.011291161
28124,7199.68016,1,0,1,0,0,0,0.011260126
28126,7199.713504,1,0,1,0,0,0,0.011261172
28128,7199.746816,1,0,1,0,0,0,0.011262915
28130,7199.78016,1,0,1,0,0,0,0.011251408
28132,7199.813504,1,0,1,0,0,0,0.011232229
28134,7199.846816,1,0,1,0,0,0,0.011263264
28136,7199.88016,1,0,1,0,0,0,0.011262567
28138,7199.913472,1,0,1,0,0,0,0.011228393
28140,7199.946816,1,0,1,0,0,0,0.011254895
28142,7199.98016,1,0,1,0,0,0,0.011230834
28144,7200.013472,1,0,1,0,0,0,0.011218978
28146,7200.046816,1,0,1,0,0,0,0.011204681
28148,7200.08016,1,0,1,0,0,0,0.011232926
28150,7200.113472,1,0,1,0,0,0,0.011200148
28152,7200.146816,1,0,1,0,0,0,0.011209214
28154,7200.18016,1,0,1,0,0,0,0.01122665
28156,7200.213472,1,0,1,0,0,0,0.011220024
28158,7200.246816,1,0,1,0,0,0,0.01125629
28160,7200.280128,1,0,1,0,0,0,0.011257685
28162,7200.313472,1,0,1,0,0,0,0.011187943
28164,7200.346816,1,0,1,0,0,0,0.011203635
28166,7200.380128,1,0,1,0,0,0,0.011178179
28168,7200.413472,1,0,1,0,0,0,0.011176087
28170,7200.446816,1,0,1,0,0,0,0.011101115
28172,7200.480128,1,0,1,0,0,0,0.011191081
28174,7200.513472,1,0,1,0,0,0,0.011213399
28176,7200.546784,1,0,1,0,0,0,0.011225604
28178,7200.580128,1,0,1,0,0,0,0.01124269
28180,7200.613472,1,0,1,0,0,0,0.011227347
28182,7200.646784,1,0,1,0,0,0,0.011288022
28184,7200.680128,1,0,1,0,0,0,0.011301622
28186,7200.713472,1,0,1,0,0,0,0.011321149
28188,7200.746784,1,0,1,0,0,0,0.011369969
28190,7200.780128,1,0,1,0,0,0,0.011304063
28192,7200.813472,1,0,1,0,0,0,0.011367528
28194,7200.846784,1,0,1,0,0,0,0.0113344
28196,7200.880128,1,0,1,0,0,0,0.01137241
28198,7200.913472,1,0,1,0,0,0,0.01135881
28200,7200.946784,1,0,1,0,0,0,0.011395424
28202,7200.980096,1,0,1,0,0,0,0.011327078
28204,7201.013472,1,0,1,0,0,0,0.011423321
28206,7201.046784,1,0,1,0,0,0,0.011341723
28208,7201.080096,1,0,1,0,0,0,0.011376245
28210,7201.113472,1,0,1,0,0,0,0.011376943
28212,7201.146784,1,0,1,0,0,0,0.011392286
28214,7201.180096,1,0,1,0,0,0,0.011364041
28216,7201.213472,1,0,1,0,0,0,0.011386009
28218,7201.246752,1,0,1,0,0,0,0.011406932
28220,7201.280096,1,0,1,0,0,0,0.011392635
28222,7201.313472,1,0,1,0,0,0,0.011395773
28224,7201.346752,1,0,1,0,0,0,0.011370666
28226,7201.380096,1,0,1,0,0,0,0.011352882
28228,7201.413472,1,0,1,0,0,0,0.011349395
28230,7201.446752,1,0,1,0,0,0,0.011365435
28232,7201.480096,1,0,1,0,0,0,0.011362297
28234,7201.513472,1,0,1,0,0,0,0.011374153
28236,7201.546752,1,0,1,0,0,0,0.011336841
28238,7201.580096,1,0,1,0,0,0,0.011404491
28240,7201.613408,1,0,1,0,0,0,0.011367179
28242,7201.646752,1,0,1,0,0,0,0.011384266
28244,7201.680096,1,0,1,0,0,0,0.011375548
28246,7201.713408,1,0,1,0,0,0,0.011396819
28248,7201.746752,1,0,1,0,0,0,0.011388101
28250,7201.780096,1,0,1,0,0,0,0.011353231
28252,7201.813408,1,0,1,0,0,0,0.011375897
28254,7201.846752,1,0,1,0,0,0,0.011383917
28256,7201.880064,1,0,1,0,0,0,0.011350441
28258,7201.913408,1,0,1,0,0,0,0.011394029
28260,7201.946752,1,0,1,0,0,0,0.011364738
28262,7201.980064,1,0,1,0,0,0,0.011394727
28264,7202.013408,1,0,1,0,0,0,0.011341026
28266,7202.046752,1,0,1,0,0,0,0.011413208
28268,7202.080064,1,0,1,0,0,0,0.011367528
28270,7202.113408,1,0,1,0,0,0,0.011398911
28272,7202.14672,1,0,1,0,0,0,0.011359856
28274,7202.180064,1,0,1,0,0,0,0.011414254
28276,7202.213408,1,0,1,0,0,0,0.011404839
28278,7202.24672,1,0,1,0,0,0,0.011380779
28280,7202.280064,1,0,1,0,0,0,0.011414254
28282,7202.313408,1,0,1,0,0,0,0.011398214
28284,7202.34672,1,0,1,0,0,0,0.011418439
28286,7202.380064,1,0,1,0,0,0,0.011376594
28288,7202.413376,1,0,1,0,0,0,0.011412162
28290,7202.44672,1,0,1,0,0,0,0.011394378
28292,7202.480064,1,0,1,0,0,0,0.011401004
28294,7202.513376,1,0,1,0,0,0,0.011384963
28296,7202.54672,1,0,1,0,0,0,0.01139647
28298,7202.580064,1,0,1,0,0,0,0.011430992
28300,7202.613376,1,0,1,0,0,0,0.011403793
28302,7202.64672,1,0,1,0,0,0,0.0114289
28304,7202.680032,1,0,1,0,0,0,0.011395773
28306,7202.713376,1,0,1,0,0,0,0.011399609
28308,7202.74672,1,0,1,0,0,0,0.011395773
28310,7202.780032,1,0,1,0,0,0,0.011404142
28312,7202.813376,1,0,1,0,0,0,0.01135881
28314,7202.84672,1,0,1,0,0,0,0.011374153
28316,7202.880032,1,0,1,0,0,0,0.011415998
28318,7202.913376,1,0,1,0,0,0,0.011404491
28320,7202.946688,1,0,1,0,0,0,0.01141809
28322,7202.980032,1,0,1,0,0,0,0.011390891
28324,7203.013376,1,0,1,0,0,0,0.011436572
28326,7203.046688,1,0,1,0,0,0,0.011447033
28328,7203.080032,1,0,1,0,0,0,0.011420531
28330,7203.113344,1,0,1,0,0,0,0.011420183
28332,7203.146688,1,0,1,0,0,0,0.011441802
28334,7203.180032,1,0,1,0,0,0,0.011405537
28336,7203.213344,1,0,1,0,0,0,0.011410419
28338,7203.246688,1,0,1,0,0,0,0.011383219
28340,7203.280032,1,0,1,0,0,0,0.011434828
28342,7203.313344,1,0,1,0,0,0,0.01141286
28344,7203.346688,1,0,1,0,0,0,0.011371015
28346,7203.38,1,0,1,0,0,0,0.011364738
28348,7203.413344,1,0,1,0,0,0,0.011372061
28350,7203.446688,1,0,1,0,0,0,0.011391588
28352,7203.48,1,0,1,0,0,0,0.011396122
28354,7203.513344,1,0,1,0,0,0,0.011400655
28356,7203.546688,1,0,1,0,0,0,0.011400655
28358,7203.58,1,0,1,0,0,0,0.01137485
28360,7203.613344,1,0,1,0,0,0,0.011397517
28362,7203.646688,1,0,1,0,0,0,0.011444592
28364,7203.68,1,0,1,0,0,0,0.011390542
28366,7203.713344,1,0,1,0,0,0,0.011371712
28368,7203.746656,1,0,1,0,0,0,0.011391937
28370,7203.78,1,0,1,0,0,0,0.011346954
28372,7203.813344,1,0,1,0,0,0,0.011340328
28374,7203.846656,1,0,1,0,0,0,0.011415649
28376,7203.88,1,0,1,0,0,0,0.011352533
28378,7203.913344,1,0,1,0,0,0,0.011360553
28380,7203.946656,1,0,1,0,0,0,0.011383568
28382,7203.98,1,0,1,0,0,0,0.011408326
28384,7204.013312,1,0,1,0,0,0,0.011381825
28386,7204.046656,1,0,1,0,0,0,0.01139926
28388,7204.08,1,0,1,0,0,0,0.011352184
28390,7204.113312,1,0,1,0,0,0,0.011371363
28392,7204.146656,1,0,1,0,0,0,0.011407978
28394,7204.18,1,0,1,0,0,0,0.011398911
28396,7204.213312,1,0,1,0,0,0,0.011371712
28398,7204.246656,1,0,1,0,0,0,0.011379384
28400,7204.279968,1,0,1,0,0,0,0.011351138
28402,7204.313312,1,0,1,0,0,0,0.011406234
28404,7204.346656,1,0,1,0,0,0,0.011421229
28406,7204.379968,1,0,1,0,0,0,0.01143971
28408,7204.413312,1,0,1,0,0,0,0.011370666
28410,7204.446656,1,0,1,0,0,0,0.01141286
28412,7204.479968,1,0,1,0,0,0,0.01141007
28414,7204.513312,1,0,1,0,0,0,0.011438315
28416,7204.546624,1,0,1,0,0,0,0.011404491
28418,7204.579968,1,0,1,0,0,0,0.011426459
28420,7204.613312,1,0,1,0,0,0,0.011366482
28422,7204.646624,1,0,1,0,0,0,0.011382871
28424,7204.679968,1,0,1,0,0,0,0.011404142
28426,7204.713312,1,0,1,0,0,0,0.011398563
28428,7204.746624,1,0,1,0,0,0,0.011354974
28430,7204.779968,1,0,1,0,0,0,0.011424018
28432,7204.81328,1,0,1,0,0,0,0.01139926
28434,7204.846624,1,0,1,0,0,0,0.011384614
28436,7204.879968,1,0,1,0,0,0,0.011388799
28438,7204.91328,1,0,1,0,0,0,0.011397168
28440,7204.946624,1,0,1,0,0,0,0.011390542
28442,7204.979936,1,0,1,0,0,0,0.011370666
28444,7205.01328,1,0,1,0,0,0,0.011346605
28446,7205.046624,1,0,1,0,0,0,0.011363692
28448,7205.079936,1,0,1,0,0,0,0.011381476
28450,7205.11328,1,0,1,0,0,0,0.011375199
28452,7205.146624,1,0,1,0,0,0,0.011386358
28454,7205.179936,1,0,1,0,0,0,0.01139647
28456,7205.21328,1,0,1,0,0,0,0.011390891
28458,7205.246592,1,0,1,0,0,0,0.01143692
28460,7205.279936,1,0,1,0,0,0,0.011432387
28462,7205.31328,1,0,1,0,0,0,0.011403445
28464,7205.346592,1,0,1,0,0,0,0.011403793
28466,7205.379936,1,0,1,0,0,0,0.011359856
28468,7205.41328,1,0,1,0,0,0,0.011376245
28470,7205.446592,1,0,1,0,0,0,0.011425762
28472,7205.479936,1,0,1,0,0,0,0.011405537
28474,7205.51328,1,0,1,0,0,0,0.01139926
28476,7205.546592,1,0,1,0,0,0,0.011406583
28478,7205.579936,1,0,1,0,0,0,0.0113616
28480,7205.613248,1,0,1,0,0,0,0.011389845
28482,7205.646592,1,0,1,0,0,0,0.011375548
28484,7205.679936,1,0,1,0,0,0,0.011415649
28486,7205.713248,1,0,1,0,0,0,0.011373107
28488,7205.746592,1,0,1,0,0,0,0.011391588
28490,7205.779936,1,0,1,0,0,0,0.011425413
28492,7205.813248,1,0,1,0,0,0,0.011346605
28494,7205.846592,1,0,1,0,0,0,0.011337539
28496,7205.879904,1,0,1,0,0,0,0.011382522
28498,7205.913248,1,0,1,0,0,0,0.011391588
28500,7205.946592,1,0,1,0,0,0,0.011422275
28502,7205.979904,1,0,1,0,0,0,0.011412511
28504,7206.013248,1,0,1,0,0,0,0.011414952
28506,7206.046592,1,0,1,0,0,0,0.011411814
28508,7206.079904,1,0,1,0,0,0,0.011401701
28510,7206.113248,1,0,1,0,0,0,0.011396122
28512,7206.14656,1,0,1,0,0,0,0.011382173
28514,7206.179904,1,0,1,0,0,0,0.011406234
28516,7206.213248,1,0,1,0,0,0,0.01137241
28518,7206.24656,1,0,1,0,0,0,0.011403445
28520,7206.279904,1,0,1,0,0,0,0.011395424
28522,7206.313248,1,0,1,0,0,0,0.011398911
28524,7206.34656,1,0,1,0,0,0,0.011382871
28526,7206.379904,1,0,1,0,0,0,0.011382173
28528,7206.413216,1,0,1,0,0,0,0.01141809
28530,7206.44656,1,0,1,0,0,0,0.011418788
28532,7206.479904,1,0,1,0,0,0,0.011354974
28534,7206.513216,1,0,1,0,0,0,0.01138043
28536,7206.54656,1,0,1,0,0,0,0.011376245
28538,7206.579904,1,0,1,0,0,0,0.011394378
28540,7206.613216,1,0,1,0,0,0,0.011420531
28542,7206.64656,1,0,1,0,0,0,0.011401352
28544,7206.679872,1,0,1,0,0,0,0.011385312
28546,7206.713216,1,0,1,0,0,0,0.011379035
28548,7206.74656,1,0,1,0,0,0,0.011388799
28550,7206.779872,1,0,1,0,0,0,0.011364041
28552,7206.813216,1,0,1,0,0,0,0.011417742
28554,7206.846528,1,0,1,0,0,0,0.011409024
28556,7206.879872,1,0,1,0,0,0,0.01140205
28558,7206.913216,1,0,1,0,0,0,0.011390542
28560,7206.946528,1,0,1,0,0,0,0.011369969
28562,7206.979872,1,0,1,0,0,0,0.011378686
28564,7207.013216,1,0,1,0,0,0,0.011392635
28566,7207.046528,1,0,1,0,0,0,0.011370666
28568,7207.079872,1,0,1,0,0,0,0.011349744
28570,7207.113184,1,0,1,0,0,0,0.011375548
28572,7207.146528,1,0,1,0,0,0,0.011440408
28574,7207.179872,1,0,1,0,0,0,0.011363343
28576,7207.213184,1,0,1,0,0,0,0.011363692
28578,7207.246528,1,0,1,0,0,0,0.011404142
28580,7207.279872,1,0,1,0,0,0,0.011375548
28582,7207.313184,1,0,1,0,0,0,0.011338585
28584,7207.346528,1,0,1,0,0,0,0.011353579
28586,7207.379872,1,0,1,0,0,0,0.011351138
28588,7207.413184,1,0,1,0,0,0,0.011372061
28590,7207.446528,1,0,1,0,0,0,0.011380779
28592,7207.47984,1,0,1,0,0,0,0.01135602
28594,7207.513184,1,0,1,0,0,0,0.011341026
28596,7207.546528,1,0,1,0,0,0,0.011374502
28598,7207.57984,1,0,1,0,0,0,0.01138043
28600,7207.613184,1,0,1,0,0,0,0.011324637
28602,7207.646528,1,0,1,0,0,0,0.011349395
28604,7207.67984,1,0,1,0,0,0,0.011382871
28606,7207.713184,1,0,1,0,0,0,0.011371363
28608,7207.746496,1,0,1,0,0,0,0.011355672
28610,7207.77984,1,0,1,0,0,0,0.011413557
28612,7207.813184,1,0,1,0,0,0,0.011379035
28614,7207.846496,1,0,1,0,0,0,0.011391937
28616,7207.87984,1,0,1,0,0,0,0.011365435
28618,7207.913184,1,0,1,0,0,0,0.011327426
28620,7207.946496,1,0,1,0,0,0,0.011369969
28622,7207.97984,1,0,1,0,0,0,0.01138043
28624,7208.013152,1,0,1,0,0,0,0.011375548
28626,7208.046496,1,0,1,0,0,0,0.011360902
28628,7208.07984,1,0,1,0,0,0,0.011376594
28630,7208.113152,1,0,1,0,0,0,0.011380081
28632,7208.146496,1,0,1,0,0,0,0.011352882
28634,7208.17984,1,0,1,0,0,0,0.011345908
28636,7208.213152,1,0,1,0,0,0,0.011361251
28638,7208.246496,1,0,1,0,0,0,0.011386009
28640,7208.279808,1,0,1,0,0,0,0.011359159
28642,7208.313152,1,0,1,0,0,0,0.011352184
28644,7208.346496,1,0,1,0,0,0,0.011356718
28646,7208.379808,1,0,1,0,0,0,0.011395424
28648,7208.413152,1,0,1,0,0,0,0.0113344
28650,7208.446496,1,0,1,0,0,0,0.011348
28652,7208.479808,1,0,1,0,0,0,0.011386358
28654,7208.513152,1,0,1,0,0,0,0.011381825
28656,7208.546464,1,0,1,0,0,0,0.011331959
28658,7208.579808,1,0,1,0,0,0,0.01135079
28660,7208.613152,1,0,1,0,0,0,0.011341375
28662,7208.646464,1,0,1,0,0,0,0.011362994
28664,7208.679808,1,0,1,0,0,0,0.011376943
28666,7208.713152,1,0,1,0,0,0,0.011346605
28668,7208.746464,1,0,1,0,0,0,0.011393332
28670,7208.779808,1,0,1,0,0,0,0.011332657
28672,7208.81312,1,0,1,0,0,0,0.011342421
28674,7208.846464,1,0,1,0,0,0,0.011386707
28676,7208.879808,1,0,1,0,0,0,0.011390542
28678,7208.91312,1,0,1,0,0,0,0.011362297
28680,7208.946464,1,0,1,0,0,0,0.011359507
28682,7208.979808,1,0,1,0,0,0,0.011344513
28684,7209.01312,1,0,1,0,0,0,0.01135602
28686,7209.046464,1,0,1,0,0,0,0.011382173
28688,7209.079776,1,0,1,0,0,0,0.011386009
28690,7209.11312,1,0,1,0,0,0,0.01135881
28692,7209.146464,1,0,1,0,0,0,0.011372758
28694,7209.179776,1,0,1,0,0,0,0.011367179
28696,7209.21312,1,0,1,0,0,0,0.011352184
28698,7209.246432,1,0,1,0,0,0,0.011376943
28700,7209.279776,1,0,1,0,0,0,0.01137485
28702,7209.31312,1,0,1,0,0,0,0.011366133
28704,7209.346432,1,0,1,0,0,0,0.01138566
28706,7209.379776,1,0,1,0,0,0,0.011381825
28708,7209.41312,1,0,1,0,0,0,0.011384614
28710,7209.446432,1,0,1,0,0,0,0.01139647
28712,7209.479776,1,0,1,0,0,0,0.011356369
28714,7209.51312,1,0,1,0,0,0,0.011384963
28716,7209.546432,1,0,1,0,0,0,0.011350441
28718,7209.579776,1,0,1,0,0,0,0.011348349
28720,7209.613088,1,0,1,0,0,0,0.011360553
28722,7209.646432,1,0,1,0,0,0,0.01137485
28724,7209.679776,1,0,1,0,0,0,0.011360553
28726,7209.713088,1,0,1,0,0,0,0.01137485
28728,7209.746432,1,0,1,0,0,0,0.011354974
28730,7209.779744,1,0,1,0,0,0,0.011389148
28732,7209.813088,1,0,1,0,0,0,0.011322544
28734,7209.846432,1,0,1,0,0,0,0.011359507
28736,7209.879744,1,0,1,0,0,0,0.011327078
28738,7209.913088,1,0,1,0,0,0,0.01135881
28740,7209.946432,1,0,1,0,0,0,0.011381825
28742,7209.979744,1,0,1,0,0,0,0.011362646
28744,7210.013088,1,0,1,0,0,0,0.011344164
28746,7210.046432,1,0,1,0,0,0,0.011328472
28748,7210.079744,1,0,1,0,0,0,0.011348
28750,7210.113088,1,0,1,0,0,0,0.011358461
28752,7210.1464,1,0,1,0,0,0,0.011354277
28754,7210.179744,1,0,1,0,0,0,0.011427854
28756,7210.213088,1,0,1,0,0,0,0.011353928
28758,7210.2464,1,0,1,0,0,0,0.011353579
28760,7210.279744,1,0,1,0,0,0,0.011355672
28762,7210.313088,1,0,1,0,0,0,0.011363692
28764,7210.3464,1,0,1,0,0,0,0.011364738
28766,7210.379744,1,0,1,0,0,0,0.011360553
28768,7210.413056,1,0,1,0,0,0,0.011360902
28770,7210.4464,1,0,1,0,0,0,0.011381825
28772,7210.479744,1,0,1,0,0,0,0.01136962
28774,7210.513056,1,0,1,0,0,0,0.011388799
28776,7210.5464,1,0,1,0,0,0,0.011383917
28778,7210.579712,1,0,1,0,0,0,0.011396122
28780,7210.613056,1,0,1,0,0,0,0.011384614
28782,7210.6464,1,0,1,0,0,0,0.011373107
28784,7210.679712,1,0,1,0,0,0,0.011417044
28786,7210.713056,1,0,1,0,0,0,0.011393681
28788,7210.7464,1,0,1,0,0,0,0.01136683
28790,7210.779712,1,0,1,0,0,0,0.01134521
28792,7210.813056,1,0,1,0,0,0,0.01136683
28794,7210.846368,1,0,1,0,0,0,0.01141007
28796,7210.879712,1,0,1,0,0,0,0.011396122
28798,7210.913056,1,0,1,0,0,0,0.011353231
28800,7210.946368,1,0,1,0,0,0,0.01136683
28802,7210.979712,1,0,1,0,0,0,0.011341375
28804,7211.013056,1,0,1,0,0,0,0.011347303
28806,7211.046368,1,0,1,0,0,0,0.011364738
28808,7211.079712,1,0,1,0,0,0,0.011353928
28810,7211.113024,1,0,1,0,0,0,0.011315919
28812,7211.146368,1,0,1,0,0,0,0.01134521
28814,7211.179712,1,0,1,0,0,0,0.011347651
28816,7211.213024,1,0,1,0,0,0,0.011338236
28818,7211.246368,1,0,1,0,0,0,0.011375199
28820,7211.27968,1,0,1,0,0,0,0.011354277
28822,7211.313024,1,0,1,0,0,0,0.011346954
28824,7211.346368,1,0,1,0,0,0,0.011345559
28826,7211.37968,1,0,1,0,0,0,0.011372061
28828,7211.413024,1,0,1,0,0,0,0.011333006
28830,7211.446368,1,0,1,0,0,0,0.011333703
28832,7211.47968,1,0,1,0,0,0,0.011379035
28834,7211.513024,1,0,1,0,0,0,0.011365087
28836,7211.546368,1,0,1,0,0,0,0.011338236
28838,7211.57968,1,0,1,0,0,0,0.011372758
28840,7211.613024,1,0,1,0,0,0,0.011369271
28842,7211.646368,1,0,1,0,0,0,0.011359856
28844,7211.67968,1,0,1,0,0,0,0.011337539
28846,7211.713024,1,0,1,0,0,0,0.011303365
28848,7211.746336,1,0,1,0,0,0,0.011359507
28850,7211.77968,1,0,1,0,0,0,0.011349744
28852,7211.813024,1,0,1,0,0,0,0.011347303
28854,7211.846336,1,0,1,0,0,0,0.011300924
28856,7211.87968,1,0,1,0,0,0,0.011327426
28858,7211.913024,1,0,1,0,0,0,0.01129953
28860,7211.946336,1,0,1,0,0,0,0.011290114
28862,7211.97968,1,0,1,0,0,0,0.01133998
28864,7212.012992,1,0,1,0,0,0,0.011342769
28866,7212.046336,1,0,1,0,0,0,0.011316965
28868,7212.07968,1,0,1,0,0,0,0.011352184
28870,7212.112992,1,0,1,0,0,0,0.011352882
28872,7212.146336,1,0,1,0,0,0,0.011332657
28874,7212.17968,1,0,1,0,0,0,0.011357415
28876,7212.212992,1,0,1,0,0,0,0.011357066
28878,7212.246336,1,0,1,0,0,0,0.011345908
28880,7212.279648,1,0,1,0,0,0,0.011320103
28882,7212.312992,1,0,1,0,0,0,0.011345908
28884,7212.346336,1,0,1,0,0,0,0.011348697
28886,7212.379648,1,0,1,0,0,0,0.011336841
28888,7212.412992,1,0,1,0,0,0,0.011352184
28890,7212.446336,1,0,1,0,0,0,0.011303714
28892,7212.479648,1,0,1,0,0,0,0.011323939
28894,7212.512992,1,0,1,0,0,0,0.011368574
28896,7212.546304,1,0,1,0,0,0,0.011372061
28898,7212.579648,1,0,1,0,0,0,0.011357764
28900,7212.612992,1,0,1,0,0,0,0.011341375
28902,7212.646304,1,0,1,0,0,0,0.011336841
28904,7212.679648,1,0,1,0,0,0,0.011339631
28906,7212.712992,1,0,1,0,0,0,0.011310688
28908,7212.746304,1,0,1,0,0,0,0.011343118
28910,7212.779648,1,0,1,0,0,0,0.011378338
28912,7212.81296,1,0,1,0,0,0,0.01138043
28914,7212.846304,1,0,1,0,0,0,0.011297786
28916,7212.879648,1,0,1,0,0,0,0.011311037
28918,7212.91296,1,0,1,0,0,0,0.0113344
28920,7212.946304,1,0,1,0,0,0,0.011359159
28922,7212.979616,1,0,1,0,0,0,0.011355323
28924,7213.01296,1,0,1,0,0,0,0.011328124
28926,7213.046304,1,0,1,0,0,0,0.011324985
28928,7213.079616,1,0,1,0,0,0,0.011352184
28930,7213.11296,1,0,1,0,0,0,0.011349046
28932,7213.146304,1,0,1,0,0,0,0.011338585
28934,7213.179616,1,0,1,0,0,0,0.011393332
28936,7213.21296,1,0,1,0,0,0,0.011339282
28938,7213.246272,1,0,1,0,0,0,0.011305806
28940,7213.279616,1,0,1,0,0,0,0.011327775
28942,7213.31296,1,0,1,0,0,0,0.011347651
28944,7213.346272,1,0,1,0,0,0,0.011306504
28946,7213.379616,1,0,1,0,0,0,0.011391588
28948,7213.41296,1,0,1,0,0,0,0.011362994
28950,7213.446272,1,0,1,0,0,0,0.011333006
28952,7213.479616,1,0,1,0,0,0,0.011337887
28954,7213.512928,1,0,1,0,0,0,0.011320801
28956,7213.546272,1,0,1,0,0,0,0.011352184
28958,7213.579616,1,0,1,0,0,0,0.011336144
28960,7213.612928,1,0,1,0,0,0,0.011327078
28962,7213.646272,1,0,1,0,0,0,0.011334749
28964,7213.679616,1,0,1,0,0,0,0.011338585
28966,7213.712928,1,0,1,0,0,0,0.011358113
28968,7213.746272,1,0,1,0,0,0,0.011297437
28970,7213.779584,1,0,1,0,0,0,0.011358461
28972,7213.812928,1,0,1,0,0,0,0.011346605
28974,7213.846272,1,0,1,0,0,0,0.011316965
28976,7213.879584,1,0,1,0,0,0,0.011319755
28978,7213.912928,1,0,1,0,0,0,0.01137241
28980,7213.946272,1,0,1,0,0,0,0.011369271
28982,7213.979584,1,0,1,0,0,0,0.011332657
28984,7214.012928,1,0,1,0,0,0,0.01138043
28986,7214.046272,1,0,1,0,0,0,0.01136962
28988,7214.079584,1,0,1,0,0,0,0.011344164
28990,7214.112928,1,0,1,0,0,0,0.01132638
28992,7214.14624,1,0,1,0,0,0,0.011319755
28994,7214.179584,1,0,1,0,0,0,0.011304412
28996,7214.212928,1,0,1,0,0,0,0.011339631
28998,7214.24624,1,0,1,0,0,0,0.01134521
29000,7214.279584,1,0,1,0,0,0,0.011366133
29002,7214.312928,1,0,1,0,0,0,0.011353579
29004,7214.34624,1,0,1,0,0,0,0.011341375
29006,7214.379584,1,0,1,0,0,0,0.011373456
29008,7214.412896,1,0,1,0,0,0,0.011322544
29010,7214.44624,1,0,1,0,0,0,0.011376245
29012,7214.479584,1,0,1,0,0,0,0.011417742
29014,7214.512896,1,0,1,0,0,0,0.011360205
29016,7214.54624,1,0,1,0,0,0,0.011396122
29018,7214.579552,1,0,1,0,0,0,0.011342769
29020,7214.612896,1,0,1,0,0,0,0.01129674
29022,7214.64624,1,0,1,0,0,0,0.011318709
29024,7214.679552,1,0,1,0,0,0,0.011306155
29026,7214.712896,1,0,1,0,0,0,0.011348
29028,7214.74624,1,0,1,0,0,0,0.01135079
29030,7214.779552,1,0,1,0,0,0,0.01135881
29032,7214.812896,1,0,1,0,0,0,0.011384266
29034,7214.84624,1,0,1,0,0,0,0.01136962
29036,7214.879552,1,0,1,0,0,0,0.01133719
29038,7214.912896,1,0,1,0,0,0,0.011319755
29040,7214.946208,1,0,1,0,0,0,0.01135079
29042,7214.979552,1,0,1,0,0,0,0.01138043
29044,7215.012896,1,0,1,0,0,0,0.011355323
29046,7215.046208,1,0,1,0,0,0,0.01135602
29048,7215.079552,1,0,1,0,0,0,0.011311037
29050,7215.112864,1,0,1,0,0,0,0.011349395
29052,7215.146208,1,0,1,0,0,0,0.011292207
29054,7215.179552,1,0,1,0,0,0,0.011352184
29056,7215.212864,1,0,1,0,0,0,0.011324288
29058,7215.246208,1,0,1,0,0,0,0.011324288
29060,7215.27952,1,0,1,0,0,0,0.011330565
29062,7215.312864,1,0,1,0,0,0,0.011341375
29064,7215.346208,1,0,1,0,0,0,0.011338934
29066,7215.37952,1,0,1,0,0,0,0.011347303
29068,7215.412864,1,0,1,0,0,0,0.01131034
29070,7215.446208,1,0,1,0,0,0,0.011330913
29072,7215.47952,1,0,1,0,0,0,0.011301971
29074,7215.512864,1,0,1,0,0,0,0.011309991
29076,7215.546208,1,0,1,0,0,0,0.011357764
29078,7215.57952,1,0,1,0,0,0,0.011289766
29080,7215.612864,1,0,1,0,0,0,0.011356718
29082,7215.646176,1,0,1,0,0,0,0.01133719
29084,7215.67952,1,0,1,0,0,0,0.01133998
29086,7215.712864,1,0,1,0,0,0,0.011357764
29088,7215.746176,1,0,1,0,0,0,0.011318709
29090,7215.77952,1,0,1,0,0,0,0.011322544
29092,7215.812864,1,0,1,0,0,0,0.011329518
29094,7215.846176,1,0,1,0,0,0,0.011359856
29096,7215.87952,1,0,1,0,0,0,0.011301971
29098,7215.912864,1,0,1,0,0,0,0.011326729
29100,7215.946176,1,0,1,0,0,0,0.011363692
29102,7215.97952,1,0,1,0,0,0,0.011331262
29104,7216.012832,1,0,1,0,0,0,0.01131278
29106,7216.046176,1,0,1,0,0,0,0.011340677
29108,7216.07952,1,0,1,0,0,0,0.011344862
29110,7216.112832,1,0,1,0,0,0,0.011362994
29112,7216.146176,1,0,1,0,0,0,0.011324985
29114,7216.17952,1,0,1,0,0,0,0.011308596
29116,7216.212832,1,0,1,0,0,0,0.011383568
29118,7216.246176,1,0,1,0,0,0,0.011336144
29120,7216.279488,1,0,1,0,0,0,0.011382173
29122,7216.312832,1,0,1,0,0,0,0.011330565
29124,7216.346176,1,0,1,0,0,0,0.011396122
29126,7216.379488,1,0,1,0,0,0,0.011383917
29128,7216.412832,1,0,1,0,0,0,0.01139124
29130,7216.446176,1,0,1,0,0,0,0.011376245
29132,7216.479488,1,0,1,0,0,0,0.01132359
29134,7216.512832,1,0,1,0,0,0,0.011357066
29136,7216.546144,1,0,1,0,0,0,0.011323242
29138,7216.579488,1,0,1,0,0,0,0.011295694
29140,7216.612832,1,0,1,0,0,0,0.011329518
29142,7216.646144,1,0,1,0,0,0,0.011309991
29144,7216.679488,1,0,1,0,0,0,0.011301622
29146,7216.712832,1,0,1,0,0,0,0.011312432
29148,7216.746144,1,0,1,0,0,0,0.011341375
29150,7216.779488,1,0,1,0,0,0,0.011318011
29152,7216.8128,1,0,1,0,0,0,0.011306852
29154,7216.846144,1,0,1,0,0,0,0.011334749
29156,7216.879488,1,0,1,0,0,0,0.011314175
29158,7216.9128,1,0,1,0,0,0,0.011325683
29160,7216.946144,1,0,1,0,0,0,0.011300227
29162,7216.979488,1,0,1,0,0,0,0.011293602
29164,7217.0128,1,0,1,0,0,0,0.011304063
29166,7217.046144,1,0,1,0,0,0,0.011320801
29168,7217.079488,1,0,1,0,0,0,0.01131034
29170,7217.1128,1,0,1,0,0,0,0.011285581
29172,7217.146144,1,0,1,0,0,0,0.011345908
29174,7217.179488,1,0,1,0,0,0,0.011320452
29176,7217.2128,1,0,1,0,0,0,0.011302319
29178,7217.246144,1,0,1,0,0,0,0.01129395
29180,7217.279488,1,0,1,0,0,0,0.011365087
29182,7217.3128,1,0,1,0,0,0,0.011346256
29184,7217.346112,1,0,1,0,0,0,0.011341723
29186,7217.379488,1,0,1,0,0,0,0.011315221
29188,7217.4128,1,0,1,0,0,0,0.011341723
29190,7217.446112,1,0,1,0,0,0,0.011311037
29192,7217.479488,1,0,1,0,0,0,0.011311734
29194,7217.512768,1,0,1,0,0,0,0.011330913
29196,7217.546112,1,0,1,0,0,0,0.011311386
29198,7217.579488,1,0,1,0,0,0,0.011321498
29200,7217.612768,1,0,1,0,0,0,0.011280002
29202,7217.646112,1,0,1,0,0,0,0.011306504
29204,7217.679488,1,0,1,0,0,0,0.011352882
29206,7217.712768,1,0,1,0,0,0,0.011329518
29208,7217.746112,1,0,1,0,0,0,0.011351138
29210,7217.779488,1,0,1,0,0,0,0.011311734
29212,7217.812768,1,0,1,0,0,0,0.011284186
29214,7217.846112,1,0,1,0,0,0,0.011355672
29216,7217.879488,1,0,1,0,0,0,0.011313827
29218,7217.912768,1,0,1,0,0,0,0.011338934
29220,7217.946112,1,0,1,0,0,0,0.011300227
29222,7217.979488,1,0,1,0,0,0,0.011304412
29224,7218.012768,1,0,1,0,0,0,0.011311734
29226,7218.046112,1,0,1,0,0,0,0.011311734
29228,7218.079488,1,0,1,0,0,0,0.011345908
29230,7218.112768,1,0,1,0,0,0,0.011321149
29232,7218.14608,1,0,1,0,0,0,0.011334052
29234,7218.179488,1,0,1,0,0,0,0.011346256
29236,7218.212768,1,0,1,0,0,0,0.011315919
29238,7218.24608,1,0,1,0,0,0,0.011343118
29240,7218.279488,1,0,1,0,0,0,0.011320103
29242,7218.312768,1,0,1,0,0,0,0.011338934
29244,7218.34608,1,0,1,0,0,0,0.011313827
29246,7218.379424,1,0,1,0,0,0,0.011290812
29248,7218.412736,1,0,1,0,0,0,0.011294299
29250,7218.44608,1,0,1,0,0,0,0.011368225
29252,7218.479424,1,0,1,0,0,0,0.011274074
29254,7218.512736,1,0,1,0,0,0,0.011282792
29256,7218.54608,1,0,1,0,0,0,0.011260126
29258,7218.579424,1,0,1,0,0,0,0.01130755
29260,7218.612736,1,0,1,0,0,0,0.011257336
29262,7218.64608,1,0,1,0,0,0,0.011360902
29264,7218.679392,1,0,1,0,0,0,0.011286627
29266,7218.712736,1,0,1,0,0,0,0.011275817
29268,7218.74608,1,0,1,0,0,0,0.011283838
29270,7218.779392,1,0,1,0,0,0,0.011295345
29272,7218.812736,1,0,1,0,0,0,0.011275469
29274,7218.84608,1,0,1,0,0,0,0.011276864
29276,7218.879392,1,0,1,0,0,0,0.011320452
29278,7218.912736,1,0,1,0,0,0,0.011276166
29280,7218.946048,1,0,1,0,0,0,0.011282443
29282,7218.979392,1,0,1,0,0,0,0.011306504
29284,7219.012736,1,0,1,0,0,0,0.01131557
29286,7219.046048,1,0,1,0,0,0,0.011254198
29288,7219.079392,1,0,1,0,0,0,0.011353231
29290,7219.112736,1,0,1,0,0,0,0.011333354
29292,7219.146048,1,0,1,0,0,0,0.011288371
29294,7219.179392,1,0,1,0,0,0,0.011279653
29296,7219.212704,1,0,1,0,0,0,0.01132917
29298,7219.246048,1,0,1,0,0,0,0.011307899
29300,7219.279392,1,0,1,0,0,0,0.011311037
29302,7219.312704,1,0,1,0,0,0,0.011274423
29304,7219.346048,1,0,1,0,0,0,0.011282443
29306,7219.379392,1,0,1,0,0,0,0.011299181
29308,7219.412704,1,0,1,0,0,0,0.011339631
29310,7219.446048,1,0,1,0,0,0,0.011312083
29312,7219.47936,1,0,1,0,0,0,0.011314873
29314,7219.512704,1,0,1,0,0,0,0.011367528
29316,7219.546048,1,0,1,0,0,0,0.01132638
29318,7219.57936,1,0,1,0,0,0,0.011342769
29320,7219.612704,1,0,1,0,0,0,0.011324985
29322,7219.646016,1,0,1,0,0,0,0.011334749
29324,7219.67936,1,0,1,0,0,0,0.011305109
29326,7219.712704,1,0,1,0,0,0,0.011311386
29328,7219.746016,1,0,1,0,0,0,0.01131557
29330,7219.77936,1,0,1,0,0,0,0.011309642
29332,7219.812704,1,0,1,0,0,0,0.011284535
29334,7219.846016,1,0,1,0,0,0,0.01132359
29336,7219.87936,1,0,1,0,0,0,0.011255941
29338,7219.912672,1,0,1,0,0,0,0.011277561
29340,7219.946016,1,0,1,0,0,0,0.011302668
29342,7219.97936,1,0,1,0,0,0,0.011296391
29344,7220.012672,1,0,1,0,0,0,0.011333354
29346,7220.046016,1,0,1,0,0,0,0.011309293
29348,7220.07936,1,0,1,0,0,0,0.011300924
29350,7220.112672,1,0,1,0,0,0,0.011258731
29352,7220.146016,1,0,1,0,0,0,0.011298135
29354,7220.17936,1,0,1,0,0,0,0.011255592
29356,7220.212672,1,0,1,0,0,0,0.0112671
29358,7220.246016,1,0,1,0,0,0,0.011289068
29360,7220.279328,1,0,1,0,0,0,0.011258382
29362,7220.312672,1,0,1,0,0,0,0.011257336
29364,7220.346016,1,0,1,0,0,0,0.011283838
29366,7220.379328,1,0,1,0,0,0,0.011270587
29368,7220.412672,1,0,1,0,0,0,0.011266751
29370,7220.446016,1,0,1,0,0,0,0.011231183
29372,7220.479328,1,0,1,0,0,0,0.011240249
29374,7220.512672,1,0,1,0,0,0,0.011284535
29376,7220.545984,1,0,1,0,0,0,0.011240249
29378,7220.579328,1,0,1,0,0,0,0.011284186
29380,7220.612672,1,0,1,0,0,0,0.011246875
29382,7220.645984,1,0,1,0,0,0,0.011244782
29384,7220.679328,1,0,1,0,0,0,0.011258731
29386,7220.712672,1,0,1,0,0,0,0.011250362
29388,7220.745984,1,0,1,0,0,0,0.011264659
29390,7220.779328,1,0,1,0,0,0,0.011262567
29392,7220.81264,1,0,1,0,0,0,0.011252105
29394,7220.845984,1,0,1,0,0,0,0.011276864
29396,7220.879328,1,0,1,0,0,0,0.011236065
29398,7220.91264,1,0,1,0,0,0,0.011279305
29400,7220.945984,1,0,1,0,0,0,0.0112535
29402,7220.979328,1,0,1,0,0,0,0.0112535
29404,7221.01264,1,0,1,0,0,0,0.011277561
29406,7221.045984,1,0,1,0,0,0,0.01126152
29408,7221.079296,1,0,1,0,0,0,0.01126152
29410,7221.11264,1,0,1,0,0,0,0.011239901
29412,7221.145984,1,0,1,0,0,0,0.011251408
29414,7221.179296,1,0,1,0,0,0,0.011270587
29416,7221.21264,1,0,1,0,0,0,0.011276515
29418,7221.245984,1,0,1,0,0,0,0.011300576
29420,7221.279296,1,0,1,0,0,0,0.011285581
29422,7221.31264,1,0,1,0,0,0,0.011281397
29424,7221.345952,1,0,1,0,0,0,0.011302668
29426,7221.379296,1,0,1,0,0,0,0.011292555
29428,7221.41264,1,0,1,0,0,0,0.011254546
29430,7221.445952,1,0,1,0,0,0,0.011294996
29432,7221.479296,1,0,1,0,0,0,0.01129674
29434,7221.512608,1,0,1,0,0,0,0.011278258
29436,7221.545952,1,0,1,0,0,0,0.011252105
29438,7221.579296,1,0,1,0,0,0,0.011271633
29440,7221.612608,1,0,1,0,0,0,0.011235716
29442,7221.645952,1,0,1,0,0,0,0.011280699
29444,7221.679296,1,0,1,0,0,0,0.011291858
29446,7221.712608,1,0,1,0,0,0,0.011269541
29448,7221.745952,1,0,1,0,0,0,0.011265705
29450,7221.779264,1,0,1,0,0,0,0.011278956
29452,7221.812608,1,0,1,0,0,0,0.011263613
29454,7221.845952,1,0,1,0,0,0,0.011272679
29456,7221.879264,1,0,1,0,0,0,0.011311734
29458,7221.912608,1,0,1,0,0,0,0.011266054
29460,7221.945952,1,0,1,0,0,0,0.01126152
29462,7221.979264,1,0,1,0,0,0,0.011248618
29464,7222.012608,1,0,1,0,0,0,0.011286627
29466,7222.045952,1,0,1,0,0,0,0.01124269
29468,7222.079264,1,0,1,0,0,0,0.011231183
29470,7222.112608,1,0,1,0,0,0,0.011273028
29472,7222.14592,1,0,1,0,0,0,0.011271633
29474,7222.179264,1,0,1,0,0,0,0.011253849
29476,7222.212608,1,0,1,0,0,0,0.011271982
29478,7222.24592,1,0,1,0,0,0,0.011259428
29480,7222.279264,1,0,1,0,0,0,0.011275817
29482,7222.312608,1,0,1,0,0,0,0.011258731
29484,7222.34592,1,0,1,0,0,0,0.011243039
29486,7222.379264,1,0,1,0,0,0,0.011238854
29488,7222.412576,1,0,1,0,0,0,0.011230485
29490,7222.44592,1,0,1,0,0,0,0.011234321
29492,7222.479264,1,0,1,0,0,0,0.011241644
29494,7222.512576,1,0,1,0,0,0,0.011280351
29496,7222.54592,1,0,1,0,0,0,0.011228742
29498,7222.579264,1,0,1,0,0,0,0.011217235
29500,7222.612576,1,0,1,0,0,0,0.011220373
29502,7222.64592,1,0,1,0,0,0,0.011212004
29504,7222.679232,1,0,1,0,0,0,0.011283838
29506,7222.712576,1,0,1,0,0,0,0.011207819
29508,7222.74592,1,0,1,0,0,0,0.011266751
29510,7222.779232,1,0,1,0,0,0,0.011279653
29512,7222.812576,1,0,1,0,0,0,0.011265705
29514,7222.84592,1,0,1,0,0,0,0.011232578
29516,7222.879232,1,0,1,0,0,0,0.011268843
29518,7222.912576,1,0,1,0,0,0,0.011291509
29520,7222.945888,1,0,1,0,0,0,0.011289417
29522,7222.979232,1,0,1,0,0,0,0.011211307
29524,7223.012576,1,0,1,0,0,0,0.011291161
29526,7223.045888,1,0,1,0,0,0,0.011244782
29528,7223.079232,1,0,1,0,0,0,0.011258382
29530,7223.112576,1,0,1,0,0,0,0.011279305
29532,7223.145888,1,0,1,0,0,0,0.011255592
29534,7223.179232,1,0,1,0,0,0,0.011226998
29536,7223.212544,1,0,1,0,0,0,0.011225604
29538,7223.245888,1,0,1,0,0,0,0.011252454
29540,7223.279232,1,0,1,0,0,0,0.011273725
29542,7223.312544,1,0,1,0,0,0,0.01127512
29544,7223.345888,1,0,1,0,0,0,0.011311037
29546,7223.379232,1,0,1,0,0,0,0.011322893
29548,7223.412544,1,0,1,0,0,0,0.011268843
29550,7223.445888,1,0,1,0,0,0,0.011271982
29552,7223.4792,1,0,1,0,0,0,0.011252105
29554,7223.512544,1,0,1,0,0,0,0.011288022
29556,7223.545888,1,0,1,0,0,0,0.01127233
29558,7223.5792,1,0,1,0,0,0,0.01121584
29560,7223.612544,1,0,1,0,0,0,0.011313827
29562,7223.645888,1,0,1,0,0,0,0.011269541
29564,7223.6792,1,0,1,0,0,0,0.01124269
29566,7223.712544,1,0,1,0,0,0,0.011252105
29568,7223.745856,1,0,1,0,0,0,0.011271284
29570,7223.7792,1,0,1,0,0,0,0.011292207
29572,7223.812544,1,0,1,0,0,0,0.011300576
29574,7223.845856,1,0,1,0,0,0,0.011276864
29576,7223.8792,1,0,1,0,0,0,0.011324637
29578,7223.912512,1,0,1,0,0,0,0.011263613
29580,7223.945856,1,0,1,0,0,0,0.011265356
29582,7223.9792,1,0,1,0,0,0,0.011288022
29584,7224.012512,1,0,1,0,0,0,0.011307201
29586,7224.045856,1,0,1,0,0,0,0.011277561
29588,7224.0792,1,0,1,0,0,0,0.011260126
29590,7224.112512,1,0,1,0,0,0,0.011306155
29592,7224.145856,1,0,1,0,0,0,0.011273028
29594,7224.179168,1,0,1,0,0,0,0.011227347
29596,7224.212512,1,0,1,0,0,0,0.011254895
29598,7224.245856,1,0,1,0,0,0,0.011240249
29600,7224.279168,1,0,1,0,0,0,0.011282094
29602,7224.312512,1,0,1,0,0,0,0.011277212
29604,7224.345856,1,0,1,0,0,0,0.011290114
29606,7224.379168,1,0,1,0,0,0,0.011276515
29608,7224.412512,1,0,1,0,0,0,0.011244782
29610,7224.445856,1,0,1,0,0,0,0.01129395
29612,7224.479168,1,0,1,0,0,0,0.011255244
29614,7224.512512,1,0,1,0,0,0,0.011241644
29616,7224.545824,1,0,1,0,0,0,0.011268495
29618,7224.579168,1,0,1,0,0,0,0.011280002
29620,7224.612512,1,0,1,0,0,0,0.01127512
29622,7224.645824,1,0,1,0,0,0,0.01129953
29624,7224.679168,1,0,1,0,0,0,0.011218629
29626,7224.712512,1,0,1,0,0,0,0.011279653
29628,7224.745824,1,0,1,0,0,0,0.011232926
29630,7224.779168,1,0,1,0,0,0,0.011246526
29632,7224.81248,1,0,1,0,0,0,0.011195266
29634,7224.845824,1,0,1,0,0,0,0.011238506
29636,7224.879168,1,0,1,0,0,0,0.011316965
29638,7224.91248,1,0,1,0,0,0,0.011291161
29640,7224.945824,1,0,1,0,0,0,0.011306852
29642,7224.979168,1,0,1,0,0,0,0.011285581
29644,7225.01248,1,0,1,0,0,0,0.011307899
29646,7225.045824,1,0,1,0,0,0,0.011319755
29648,7225.079136,1,0,1,0,0,0,0.011292904
29650,7225.11248,1,0,1,0,0,0,0.011298832
29652,7225.145824,1,0,1,0,0,0,0.01131557
29654,7225.179136,1,0,1,0,0,0,0.01129953
29656,7225.21248,1,0,1,0,0,0,0.011329867
29658,7225.245824,1,0,1,0,0,0,0.011322196
29660,7225.279136,1,0,1,0,0,0,0.011302319
29662,7225.31248,1,0,1,0,0,0,0.011325334
29664,7225.345792,1,0,1,0,0,0,0.011253151
29666,7225.379136,1,0,1,0,0,0,0.011305109
29668,7225.41248,1,0,1,0,0,0,0.011246177
29670,7225.445792,1,0,1,0,0,0,0.01131836
29672,7225.479136,1,0,1,0,0,0,0.011293602
29674,7225.51248,1,0,1,0,0,0,0.011253151
29676,7225.545792,1,0,1,0,0,0,0.01126152
29678,7225.579136,1,0,1,0,0,0,0.011270936
29680,7225.612448,1,0,1,0,0,0,0.0112535
29682,7225.645792,1,0,1,0,0,0,0.011236413
29684,7225.679136,1,0,1,0,0,0,0.011260126
29686,7225.712448,1,0,1,0,0,0,0.011286279
29688,7225.745792,1,0,1,0,0,0,0.011248618
29690,7225.779104,1,0,1,0,0,0,0.011271284
29692,7225.812448,1,0,1,0,0,0,0.01124827
29694,7225.845792,1,0,1,0,0,0,0.011254198
29696,7225.879104,1,0,1,0,0,0,0.011204332
29698,7225.912448,1,0,1,0,0,0,0.01126152
29700,7225.94576,1,0,1,0,0,0,0.011276864
29702,7225.979104,1,0,1,0,0,0,0.011216886
29704,7226.012448,1,0,1,0,0,0,0.011204681
29706,7226.04576,1,0,1,0,0,0,0.011231183
29708,7226.079104,1,0,1,0,0,0,0.011208168
29710,7226.112448,1,0,1,0,0,0,0.011224209
29712,7226.14576,1,0,1,0,0,0,0.011219675
29714,7226.179104,1,0,1,0,0,0,0.011180272
29716,7226.212448,1,0,1,0,0,0,0.0111862
29718,7226.24576,1,0,1,0,0,0,0.011216886
29720,7226.279104,1,0,1,0,0,0,0.011233275
29722,7226.312416,1,0,1,0,0,0,0.011205727
29724,7226.34576,1,0,1,0,0,0,0.011187246
29726,7226.379104,1,0,1,0,0,0,0.011231532
29728,7226.412416,1,0,1,0,0,0,0.011228393
29730,7226.44576,1,0,1,0,0,0,0.011268146
29732,7226.479104,1,0,1,0,0,0,0.011280002
29734,7226.512416,1,0,1,0,0,0,0.011235716
29736,7226.54576,1,0,1,0,0,0,0.011190384
29738,7226.579072,1,0,1,0,0,0,0.011221419
29740,7226.612416,1,0,1,0,0,0,0.011228393
29742,7226.64576,1,0,1,0,0,0,0.011213399
29744,7226.679072,1,0,1,0,0,0,0.011221419
29746,7226.712416,1,0,1,0,0,0,0.011202589
29748,7226.74576,1,0,1,0,0,0,0.011226301
29750,7226.779072,1,0,1,0,0,0,0.011221768
29752,7226.812416,1,0,1,0,0,0,0.011244085
29754,7226.84576,1,0,1,0,0,0,0.011243039
29756,7226.879072,1,0,1,0,0,0,0.011247921
29758,7226.912416,1,0,1,0,0,0,0.01119422
29760,7226.945728,1,0,1,0,0,0,0.011262218
29762,7226.979072,1,0,1,0,0,0,0.011229788
29764,7227.012416,1,0,1,0,0,0,0.011247572
29766,7227.045728,1,0,1,0,0,0,0.011195615
29768,7227.079072,1,0,1,0,0,0,0.011203635
29770,7227.112416,1,0,1,0,0,0,0.011192128
29772,7227.145728,1,0,1,0,0,0,0.011211307
29774,7227.179072,1,0,1,0,0,0,0.011199799
29776,7227.212384,1,0,1,0,0,0,0.011251059
29778,7227.245728,1,0,1,0,0,0,0.011224557
29780,7227.279072,1,0,1,0,0,0,0.011194569
29782,7227.312384,1,0,1,0,0,0,0.011173297
29784,7227.345728,1,0,1,0,0,0,0.011190035
29786,7227.379072,1,0,1,0,0,0,0.011189687
29788,7227.412384,1,0,1,0,0,0,0.01118864
29790,7227.445728,1,0,1,0,0,0,0.01122665
29792,7227.47904,1,0,1,0,0,0,0.011197358
29794,7227.512384,1,0,1,0,0,0,0.011246875
29796,7227.545728,1,0,1,0,0,0,0.011222465
29798,7227.57904,1,0,1,0,0,0,0.011231183
29800,7227.612384,1,0,1,0,0,0,0.011218978
29802,7227.645728,1,0,1,0,0,0,0.01121305
29804,7227.67904,1,0,1,0,0,0,0.011204332
29806,7227.712384,1,0,1,0,0,0,0.011220373
29808,7227.745696,1,0,1,0,0,0,0.011224906
29810,7227.77904,1,0,1,0,0,0,0.011187943
29812,7227.812384,1,0,1,0,0,0,0.01122107
29814,7227.845696,1,0,1,0,0,0,0.011197707
29816,7227.87904,1,0,1,0,0,0,0.011232926
29818,7227.912384,1,0,1,0,0,0,0.01123746
29820,7227.945696,1,0,1,0,0,0,0.011228044
29822,7227.97904,1,0,1,0,0,0,0.011214794
29824,7228.012352,1,0,1,0,0,0,0.011184805
29826,7228.045696,1,0,1,0,0,0,0.011162487
29828,7228.07904,1,0,1,0,0,0,0.011155165
29830,7228.112352,1,0,1,0,0,0,0.011167718
29832,7228.145696,1,0,1,0,0,0,0.011180969
29834,7228.179008,1,0,1,0,0,0,0.011212353
29836,7228.212352,1,0,1,0,0,0,0.011194917
29838,7228.245696,1,0,1,0,0,0,0.011196312
29840,7228.279008,1,0,1,0,0,0,0.011152026
29842,7228.312352,1,0,1,0,0,0,0.011190035
29844,7228.345696,1,0,1,0,0,0,0.011197358
29846,7228.379008,1,0,1,0,0,0,0.011224209
29848,7228.412352,1,0,1,0,0,0,0.0111862
29850,7228.445664,1,0,1,0,0,0,0.011195615
29852,7228.479008,1,0,1,0,0,0,0.011184456
29854,7228.512352,1,0,1,0,0,0,0.011208866
29856,7228.545664,1,0,1,0,0,0,0.011184805
29858,7228.579008,1,0,1,0,0,0,0.011219327
29860,7228.612352,1,0,1,0,0,0,0.011213747
29862,7228.645664,1,0,1,0,0,0,0.011230834
29864,7228.679008,1,0,1,0,0,0,0.011275469
29866,7228.712352,1,0,1,0,0,0,0.011268495
29868,7228.745664,1,0,1,0,0,0,0.011241644
29870,7228.779008,1,0,1,0,0,0,0.011260823
29872,7228.81232,1,0,1,0,0,0,0.01128593
29874,7228.845664,1,0,1,0,0,0,0.011246177
29876,7228.879008,1,0,1,0,0,0,0.011253849
29878,7228.91232,1,0,1,0,0,0,0.01125629
29880,7228.945664,1,0,1,0,0,0,0.011247572
29882,7228.979008,1,0,1,0,0,0,0.01122386
29884,7229.01232,1,0,1,0,0,0,0.01118341
29886,7229.045664,1,0,1,0,0,0,0.011169462
29888,7229.078976,1,0,1,0,0,0,0.011189338
29890,7229.11232,1,0,1,0,0,0,0.011181666
29892,7229.145664,1,0,1,0,0,0,0.011193174
29894,7229.178976,1,0,1,0,0,0,0.011165974
29896,7229.21232,1,0,1,0,0,0,0.011173995
29898,7229.245632,1,0,1,0,0,0,0.011214445
29900,7229.278976,1,0,1,0,0,0,0.011192825
29902,7229.31232,1,0,1,0,0,0,0.011220373
29904,7229.345632,1,0,1,0,0,0,0.01121026
29906,7229.378976,1,0,1,0,0,0,0.011224557
29908,7229.41232,1,0,1,0,0,0,0.011218629
29910,7229.445632,1,0,1,0,0,0,0.01118341
29912,7229.478976,1,0,1,0,0,0,0.011235019
29914,7229.51232,1,0,1,0,0,0,0.011202938
29916,7229.545632,1,0,1,0,0,0,0.011236065
29918,7229.578976,1,0,1,0,0,0,0.011217932
29920,7229.612288,1,0,1,0,0,0,0.011222465
29922,7229.645632,1,0,1,0,0,0,0.011213747
29924,7229.678976,1,0,1,0,0,0,0.011240249
29926,7229.712288,1,0,1,0,0,0,0.011259079
29928,7229.745632,1,0,1,0,0,0,0.011254546
29930,7229.778976,1,0,1,0,0,0,0.011238854
29932,7229.812288,1,0,1,0,0,0,0.01125071
29934,7229.845632,1,0,1,0,0,0,0.011250362
29936,7229.878944,1,0,1,0,0,0,0.011205727
29938,7229.912288,1,0,1,0,0,0,0.011240947
29940,7229.9456,1,0,1,0,0,0,0.011222814
29942,7229.978944,1,0,1,0,0,0,0.01125071
29944,7230.012288,1,0,1,0,0,0,0.011245829
29946,7230.0456,1,0,1,0,0,0,0.011250362
29948,7230.078944,1,0,1,0,0,0,0.011265008
29950,7230.112288,1,0,1,0,0,0,0.0112535
29952,7230.1456,1,0,1,0,0,0,0.011254198
29954,7230.178944,1,0,1,0,0,0,0.011258382
29956,7230.212288,1,0,1,0,0,0,0.011219675
29958,7230.2456,1,0,1,0,0,0,0.011269192
29960,7230.278944,1,0,1,0,0,0,0.011273725
29962,7230.312256,1,0,1,0,0,0,0.011257336
29964,7230.3456,1,0,1,0,0,0,0.011248618
29966,7230.378944,1,0,1,0,0,0,0.011259777
29968,7230.412256,1,0,1,0,0,0,0.01121584
29970,7230.4456,1,0,1,0,0,0,0.011251757
29972,7230.478944,1,0,1,0,0,0,0.011252105
29974,7230.512256,1,0,1,0,0,0,0.011268843
29976,7230.5456,1,0,1,0,0,0,0.01122107
29978,7230.578944,1,0,1,0,0,0,0.011209214
29980,7230.612256,1,0,1,0,0,0,0.011239552
29982,7230.6456,1,0,1,0,0,0,0.011174692
29984,7230.678944,1,0,1,0,0,0,0.011238157
29986,7230.712256,1,0,1,0,0,0,0.011218281
29988,7230.7456,1,0,1,0,0,0,0.011247223
29990,7230.778912,1,0,1,0,0,0,0.011221419
29992,7230.812256,1,0,1,0,0,0,0.01127233
29994,7230.8456,1,0,1,0,0,0,0.011278956
29996,7230.878912,1,0,1,0,0,0,0.011301273
29998,7230.912256,1,0,1,0,0,0,0.011289068
30000,7230.945568,1,0,1,0,0,0,0.011283838
30002,7230.978912,1,0,1,0,0,0,0.011247921
30004,7231.012256,1,0,1,0,0,0,0.011241644
30006,7231.045568,1,0,1,0,0,0,0.011246177
30008,7231.078912,1,0,1,0,0,0,0.011202589
30010,7231.112256,1,0,1,0,0,0,0.011243039
30012,7231.145568,1,0,1,0,0,0,0.011215142
30014,7231.178912,1,0,1,0,0,0,0.011194917
30016,7231.212224,1,0,1,0,0,0,0.011214445
30018,7231.245568,1,0,1,0,0,0,0.011259777
30020,7231.278912,1,0,1,0,0,0,0.011213399
30022,7231.312224,1,0,1,0,0,0,0.011200845
30024,7231.345568,1,0,1,0,0,0,0.011224906
30026,7231.378912,1,0,1,0,0,0,0.011266054
30028,7231.412224,1,0,1,0,0,0,0.011286627
30030,7231.445568,1,0,1,0,0,0,0.011214096
30032,7231.47888,1,0,1,0,0,0,0.011244085
30034,7231.512224,1,0,1,0,0,0,0.011260126
30036,7231.545568,1,0,1,0,0,0,0.011241295
30038,7231.57888,1,0,1,0,0,0,0.011274771
30040,7231.612224,1,0,1,0,0,0,0.011265356
30042,7231.645568,1,0,1,0,0,0,0.011276166
30044,7231.67888,1,0,1,0,0,0,0.011248967
30046,7231.712224,1,0,1,0,0,0,0.011234321
30048,7231.745536,1,0,1,0,0,0,0.011248967
30050,7231.77888,1,0,1,0,0,0,0.011243736
30052,7231.812224,1,0,1,0,0,0,0.011249664
30054,7231.845536,1,0,1,0,0,0,0.011256987
30056,7231.87888,1,0,1,0,0,0,0.011262915
30058,7231.912224,1,0,1,0,0,0,0.011248618
30060,7231.945536,1,0,1,0,0,0,0.011251408
30062,7231.97888,1,0,1,0,0,0,0.011280351
30064,7232.012192,1,0,1,0,0,0,0.011268843
30066,7232.045536,1,0,1,0,0,0,0.011296391
30068,7232.07888,1,0,1,0,0,0,0.011291858
30070,7232.112192,1,0,1,0,0,0,0.011294996
30072,7232.145536,1,0,1,0,0,0,0.011286976
30074,7232.178848,1,0,1,0,0,0,0.011254198
30076,7232.212192,1,0,1,0,0,0,0.011266402
30078,7232.245536,1,0,1,0,0,0,0.01123746
30080,7232.278848,1,0,1,0,0,0,0.011282094
30082,7232.312192,1,0,1,0,0,0,0.011320801
30084,7232.345536,1,0,1,0,0,0,0.011218978
30086,7232.378848,1,0,1,0,0,0,0.011261869
30088,7232.412192,1,0,1,0,0,0,0.011317662
30090,7232.445504,1,0,1,0,0,0,0.01127512
30092,7232.478848,1,0,1,0,0,0,0.011301971
30094,7232.512192,1,0,1,0,0,0,0.011281397
30096,7232.545504,1,0,1,0,0,0,0.011242342
30098,7232.578848,1,0,1,0,0,0,0.011263961
30100,7232.612192,1,0,1,0,0,0,0.011268495
30102,7232.645504,1,0,1,0,0,0,0.011240947
30104,7232.678848,1,0,1,0,0,0,0.01121305
30106,7232.71216,1,0,1,0,0,0,0.011273028
30108,7232.745504,1,0,1,0,0,0,0.011271982
30110,7232.778848,1,0,1,0,0,0,0.011269541
30112,7232.81216,1,0,1,0,0,0,0.011294648
30114,7232.845504,1,0,1,0,0,0,0.011258382
30116,7232.878848,1,0,1,0,0,0,0.011271633
30118,7232.91216,1,0,1,0,0,0,0.01128872
30120,7232.945504,1,0,1,0,0,0,0.011288371
30122,7232.978848,1,0,1,0,0,0,0.01123467
30124,7233.01216,1,0,1,0,0,0,0.011265705
30126,7233.045504,1,0,1,0,0,0,0.011276166
30128,7233.078816,1,0,1,0,0,0,0.011258033
30130,7233.11216,1,0,1,0,0,0,0.011252803
30132,7233.145504,1,0,1,0,0,0,0.011265008
30134,7233.178816,1,0,1,0,0,0,0.01129674
30136,7233.21216,1,0,1,0,0,0,0.011275817
30138,7233.245472,1,0,1,0,0,0,0.011242342
30140,7233.278816,1,0,1,0,0,0,0.011222814
30142,7233.31216,1,0,1,0,0,0,0.011244782
30144,7233.345472,1,0,1,0,0,0,0.011246177
30146,7233.378816,1,0,1,0,0,0,0.011258382
30148,7233.41216,1,0,1,0,0,0,0.011264659
30150,7233.445472,1,0,1,0,0,0,0.011218978
30152,7233.478816,1,0,1,0,0,0,0.011232578
30154,7233.51216,1,0,1,0,0,0,0.011190035
30156,7233.545472,1,0,1,0,0,0,0.011225255
30158,7233.578816,1,0,1,0,0,0,0.011248618
30160,7233.612128,1,0,1,0,0,0,0.011217583
30162,7233.645472,1,0,1,0,0,0,0.011258382
30164,7233.678816,1,0,1,0,0,0,0.011238854
30166,7233.712128,1,0,1,0,0,0,0.011239552
30168,7233.745472,1,0,1,0,0,0,0.011210958
30170,7233.778816,1,0,1,0,0,0,0.011222814
30172,7233.812128,1,0,1,0,0,0,0.011194569
30174,7233.845472,1,0,1,0,0,0,0.011200497
30176,7233.878784,1,0,1,0,0,0,0.011178179
30178,7233.912128,1,0,1,0,0,0,0.011187246
30180,7233.945472,1,0,1,0,0,0,0.011207471
30182,7233.978784,1,0,1,0,0,0,0.011217235
30184,7234.012128,1,0,1,0,0,0,0.011228742
30186,7234.045472,1,0,1,0,0,0,0.011262218
30188,7234.078784,1,0,1,0,0,0,0.011249664
30190,7234.112128,1,0,1,0,0,0,0.011200845
30192,7234.145472,1,0,1,0,0,0,0.011183061
30194,7234.178784,1,0,1,0,0,0,0.011213747
30196,7234.212128,1,0,1,0,0,0,0.011256987
30198,7234.245472,1,0,1,0,0,0,0.011265008
30200,7234.278784,1,0,1,0,0,0,0.011260126
30202,7234.312096,1,0,1,0,0,0,0.011278956
30204,7234.345472,1,0,1,0,0,0,0.011239552
30206,7234.378784,1,0,1,0,0,0,0.011230485
30208,7234.412096,1,0,1,0,0,0,0.011195266
30210,7234.445472,1,0,1,0,0,0,0.011202938
30212,7234.478784,1,0,1,0,0,0,0.011217932
30214,7234.512096,1,0,1,0,0,0,0.011194917
30216,7234.545472,1,0,1,0,0,0,0.011200497
30218,7234.578752,1,0,1,0,0,0,0.011209214
30220,7234.612096,1,0,1,0,0,0,0.011202589
30222,7234.645472,1,0,1,0,0,0,0.011170159
30224,7234.678752,1,0,1,0,0,0,0.011139473
30226,7234.712096,1,0,1,0,0,0,0.011170508
30228,7234.745472,1,0,1,0,0,0,0.011128663
30230,7234.778752,1,0,1,0,0,0,0.011137729
30232,7234.812096,1,0,1,0,0,0,0.011138078
30234,7234.845472,1,0,1,0,0,0,0.011130058
30236,7234.878752,1,0,1,0,0,0,0.011170508
30238,7234.912096,1,0,1,0,0,0,0.011164928
30240,7234.945408,1,0,1,0,0,0,0.011156559
30242,7234.978752,1,0,1,0,0,0,0.011195615
30244,7235.012096,1,0,1,0,0,0,0.011181666
30246,7235.045408,1,0,1,0,0,0,0.011200497
30248,7235.078752,1,0,1,0,0,0,0.011195266
30250,7235.112096,1,0,1,0,0,0,0.011193174
30252,7235.145408,1,0,1,0,0,0,0.011184456
30254,7235.178752,1,0,1,0,0,0,0.011169462
30256,7235.212064,1,0,1,0,0,0,0.011176436
30258,7235.245408,1,0,1,0,0,0,0.011143308
30260,7235.278752,1,0,1,0,0,0,0.01117539
30262,7235.312064,1,0,1,0,0,0,0.011166672
30264,7235.345408,1,0,1,0,0,0,0.011192476
30266,7235.378752,1,0,1,0,0,0,0.011194569
30268,7235.412064,1,0,1,0,0,0,0.011146098
30270,7235.445408,1,0,1,0,0,0,0.011181318
30272,7235.47872,1,0,1,0,0,0,0.011138427
30274,7235.512064,1,0,1,0,0,0,0.01116981
30276,7235.545408,1,0,1,0,0,0,0.01117539
30278,7235.57872,1,0,1,0,0,0,0.011133196
30280,7235.612064,1,0,1,0,0,0,0.011175041
30282,7235.645408,1,0,1,0,0,0,0.011205378
30284,7235.67872,1,0,1,0,0,0,0.011162487
30286,7235.712064,1,0,1,0,0,0,0.011206773
30288,7235.745376,1,0,1,0,0,0,0.011197707
30290,7235.77872,1,0,1,0,0,0,0.011215491
30292,7235.812064,1,0,1,0,0,0,0.011218281
30294,7235.845376,1,0,1,0,0,0,0.011190733
30296,7235.87872,1,0,1,0,0,0,0.011211655
30298,7235.912064,1,0,1,0,0,0,0.011196312
30300,7235.945376,1,0,1,0,0,0,0.011167718
30302,7235.97872,1,0,1,0,0,0,0.011159698
30304,7236.012032,1,0,1,0,0,0,0.01116179
30306,7236.045376,1,0,1,0,0,0,0.01112657
30308,7236.07872,1,0,1,0,0,0,0.011188292
30310,7236.112032,1,0,1,0,0,0,0.011128314
30312,7236.145376,1,0,1,0,0,0,0.011117853
30314,7236.178688,1,0,1,0,0,0,0.011160744
30316,7236.212032,1,0,1,0,0,0,0.011122037
30318,7236.245376,1,0,1,0,0,0,0.011110181
30320,7236.278688,1,0,1,0,0,0,0.011147493
30322,7236.312032,1,0,1,0,0,0,0.011160395
30324,7236.345376,1,0,1,0,0,0,0.011145052
30326,7236.378688,1,0,1,0,0,0,0.011127268
30328,7236.412032,1,0,1,0,0,0,0.011138078
30330,7236.445344,1,0,1,0,0,0,0.011103904
30332,7236.478688,1,0,1,0,0,0,0.011126919
30334,7236.512032,1,0,1,0,0,0,0.011088561
30336,7236.545376,1,0,1,0,0,0,0.011089956
30338,7236.578688,1,0,1,0,0,0,0.011081238
30340,7236.612032,1,0,1,0,0,0,0.011106694
30342,7236.645344,1,0,1,0,0,0,0.011090654
30344,7236.678688,1,0,1,0,0,0,0.011101464
30346,7236.712,1,0,1,0,0,0,0.011120991
30348,7236.745344,1,0,1,0,0,0,0.011133545
30350,7236.778688,1,0,1,0,0,0,0.011102858
30352,7236.812,1,0,1,0,0,0,0.011106345
30354,7236.845344,1,0,1,0,0,0,0.011155165
30356,7236.878688,1,0,1,0,0,0,0.011103904
30358,7236.912,1,0,1,0,0,0,0.011079844
30360,7236.945344,1,0,1,0,0,0,0.011107043
30362,7236.978656,1,0,1,0,0,0,0.011097976
30364,7237.012,1,0,1,0,0,0,0.011082982
30366,7237.045344,1,0,1,0,0,0,0.011102858
30368,7237.078656,1,0,1,0,0,0,0.011168067
30370,7237.112,1,0,1,0,0,0,0.011120991
30372,7237.145344,1,0,1,0,0,0,0.011108786
30374,7237.178656,1,0,1,0,0,0,0.011178877
30376,7237.212,1,0,1,0,0,0,0.011154118
30378,7237.245344,1,0,1,0,0,0,0.011189338
30380,7237.278656,1,0,1,0,0,0,0.011118202
30382,7237.312,1,0,1,0,0,0,0.011156559
30384,7237.345312,1,0,1,0,0,0,0.011110181
30386,7237.378656,1,0,1,0,0,0,0.011154467
30388,7237.412,1,0,1,0,0,0,0.011055434
30390,7237.445312,1,0,1,0,0,0,0.011120294
30392,7237.478656,1,0,1,0,0,0,0.011133545
30394,7237.512,1,0,1,0,0,0,0.011122735
30396,7237.545312,1,0,1,0,0,0,0.011089259
30398,7237.578656,1,0,1,0,0,0,0.011112971
30400,7237.611968,1,0,1,0,0,0,0.01112936
30402,7237.645312,1,0,1,0,0,0,0.011152026
30404,7237.678656,1,0,1,0,0,0,0.011151329
30406,7237.711968,1,0,1,0,0,0,0.011176784
30408,7237.745312,1,0,1,0,0,0,0.011149934
30410,7237.778656,1,0,1,0,0,0,0.011131104
30412,7237.811968,1,0,1,0,0,0,0.011172251
30414,7237.845312,1,0,1,0,0,0,0.011103904
30416,7237.878624,1,0,1,0,0,0,0.01110251
30418,7237.911968,1,0,1,0,0,0,0.011195615
30420,7237.945312,1,0,1,0,0,0,0.011200497
30422,7237.978624,1,0,1,0,0,0,0.011160395
30424,7238.011968,1,0,1,0,0,0,0.011189687
30426,7238.045312,1,0,1,0,0,0,0.011144703
30428,7238.078624,1,0,1,0,0,0,0.01117539
30430,7238.111968,1,0,1,0,0,0,0.011196661
30432,7238.14528,1,0,1,0,0,0,0.01119143
30434,7238.178624,1,0,1,0,0,0,0.011163185
30436,7238.211968,1,0,1,0,0,0,0.011172949
30438,7238.24528,1,0,1,0,0,0,0.011162487
30440,7238.278624,1,0,1,0,0,0,0.011217932
30442,7238.311968,1,0,1,0,0,0,0.011188292
30444,7238.34528,1,0,1,0,0,0,0.011212004
30446,7238.378624,1,0,1,0,0,0,0.011174692
30448,7238.411936,1,0,1,0,0,0,0.011223511
30450,7238.44528,1,0,1,0,0,0,0.011188292
30452,7238.478624,1,0,1,0,0,0,0.011155513
30454,7238.511936,1,0,1,0,0,0,0.01126152
30456,7238.54528,1,0,1,0,0,0,0.011226301
30458,7238.578592,1,0,1,0,0,0,0.011197358
30460,7238.611936,1,0,1,0,0,0,0.01119945
30462,7238.64528,1,0,1,0,0,0,0.011207471
30464,7238.678592,1,0,1,0,0,0,0.011214794
30466,7238.711936,1,0,1,0,0,0,0.011240249
30468,7238.74528,1,0,1,0,0,0,0.01119945
30470,7238.778592,1,0,1,0,0,0,0.011232578
30472,7238.811936,1,0,1,0,0,0,0.011232578
30474,7238.845248,1,0,1,0,0,0,0.01126152
30476,7238.878592,1,0,1,0,0,0,0.011189687
30478,7238.911936,1,0,1,0,0,0,0.011240598
30480,7238.945248,1,0,1,0,0,0,0.011227347
30482,7238.978592,1,0,1,0,0,0,0.011249664
30484,7239.011936,1,0,1,0,0,0,0.011241993
30486,7239.045248,1,0,1,0,0,0,0.011237111
30488,7239.078592,1,0,1,0,0,0,0.011248618
30490,7239.111904,1,0,1,0,0,0,0.011253151
30492,7239.145248,1,0,1,0,0,0,0.011244782
30494,7239.178592,1,0,1,0,0,0,0.011249664
30496,7239.211904,1,0,1,0,0,0,0.01124269
30498,7239.245248,1,0,1,0,0,0,0.01123188
30500,7239.278592,1,0,1,0,0,0,0.01121026
30502,7239.311904,1,0,1,0,0,0,0.011216537
30504,7239.345248,1,0,1,0,0,0,0.011229788
30506,7239.378592,1,0,1,0,0,0,0.011251059
30508,7239.411904,1,0,1,0,0,0,0.011246526
30510,7239.445248,1,0,1,0,0,0,0.011225255
30512,7239.47856,1,0,1,0,0,0,0.011266751
30514,7239.511904,1,0,1,0,0,0,0.011276515
30516,7239.545248,1,0,1,0,0,0,0.011239901
30518,7239.57856,1,0,1,0,0,0,0.011247572
30520,7239.611904,1,0,1,0,0,0,0.011267797
30522,7239.645248,1,0,1,0,0,0,0.011232926
30524,7239.67856,1,0,1,0,0,0,0.011234321
30526,7239.711904,1,0,1,0,0,0,0.011252454
30528,7239.745216,1,0,1,0,0,0,0.011190384
30530,7239.77856,1,0,1,0,0,0,0.011228044
30532,7239.811904,1,0,1,0,0,0,0.011263961
30534,7239.845216,1,0,1,0,0,0,0.011215491
30536,7239.87856,1,0,1,0,0,0,0.011214096
30538,7239.911904,1,0,1,0,0,0,0.011243388
30540,7239.945216,1,0,1,0,0,0,0.011241644
30542,7239.97856,1,0,1,0,0,0,0.011198404
30544,7240.011872,1,0,1,0,0,0,0.011228393
30546,7240.045216,1,0,1,0,0,0,0.011206076
30548,7240.07856,1,0,1,0,0,0,0.011255941
30550,7240.111872,1,0,1,0,0,0,0.011229788
30552,7240.145216,1,0,1,0,0,0,0.01125071
30554,7240.17856,1,0,1,0,0,0,0.01122386
30556,7240.211872,1,0,1,0,0,0,0.011284186
30558,7240.245216,1,0,1,0,0,0,0.011244782
30560,7240.278528,1,0,1,0,0,0,0.01123746
30562,7240.311872,1,0,1,0,0,0,0.011244085
30564,7240.345216,1,0,1,0,0,0,0.011242342
30566,7240.378528,1,0,1,0,0,0,0.011208517
30568,7240.411872,1,0,1,0,0,0,0.011203635
30570,7240.445216,1,0,1,0,0,0,0.011219327
30572,7240.478528,1,0,1,0,0,0,0.011188292
30574,7240.511872,1,0,1,0,0,0,0.01120503
30576,7240.545184,1,0,1,0,0,0,0.011215491
30578,7240.578528,1,0,1,0,0,0,0.011222814
30580,7240.611872,1,0,1,0,0,0,0.011182364
30582,7240.645184,1,0,1,0,0,0,0.011238506
30584,7240.678528,1,0,1,0,0,0,0.011210958
30586,7240.71184,1,0,1,0,0,0,0.011225952
30588,7240.745184,1,0,1,0,0,0,0.01123467
30590,7240.778528,1,0,1,0,0,0,0.011213399
30592,7240.81184,1,0,1,0,0,0,0.011220024
30594,7240.845184,1,0,1,0,0,0,0.011225255
30596,7240.878528,1,0,1,0,0,0,0.011204332
30598,7240.91184,1,0,1,0,0,0,0.011199102
30600,7240.945184,1,0,1,0,0,0,0.011225952
30602,7240.978496,1,0,1,0,0,0,0.011236413
30604,7241.01184,1,0,1,0,0,0,0.011230485
30606,7241.045184,1,0,1,0,0,0,0.011230834
30608,7241.078496,1,0,1,0,0,0,0.011193174
30610,7241.11184,1,0,1,0,0,0,0.011185153
30612,7241.145184,1,0,1,0,0,0,0.011216886
30614,7241.178496,1,0,1,0,0,0,0.011187943
30616,7241.21184,1,0,1,0,0,0,0.011197707
30618,7241.245152,1,0,1,0,0,0,0.011230485
30620,7241.278496,1,0,1,0,0,0,0.011231183
30622,7241.31184,1,0,1,0,0,0,0.01121305
30624,7241.345152,1,0,1,0,0,0,0.011177482
30626,7241.378496,1,0,1,0,0,0,0.011207122
30628,7241.41184,1,0,1,0,0,0,0.011249664
30630,7241.445152,1,0,1,0,0,0,0.011227347
30632,7241.478496,1,0,1,0,0,0,0.011139821
30634,7241.51184,1,0,1,0,0,0,0.011235019
30636,7241.545152,1,0,1,0,0,0,0.011189338
30638,7241.578496,1,0,1,0,0,0,0.011199799
30640,7241.611808,1,0,1,0,0,0,0.011254895
30642,7241.645152,1,0,1,0,0,0,0.011198056
30644,7241.678496,1,0,1,0,0,0,0.011210609
30646,7241.711808,1,0,1,0,0,0,0.011209214
30648,7241.745152,1,0,1,0,0,0,0.011179225
30650,7241.778496,1,0,1,0,0,0,0.011217235
30652,7241.811808,1,0,1,0,0,0,0.011232229
30654,7241.845152,1,0,1,0,0,0,0.011226301
30656,7241.878464,1,0,1,0,0,0,0.011205727
30658,7241.911808,1,0,1,0,0,0,0.011228742
30660,7241.945152,1,0,1,0,0,0,0.011239203
30662,7241.978464,1,0,1,0,0,0,0.011219327
30664,7242.011808,1,0,1,0,0,0,0.011233973
30666,7242.045152,1,0,1,0,0,0,0.011244085
30668,7242.078464,1,0,1,0,0,0,0.011258382
30670,7242.111808,1,0,1,0,0,0,0.01120503
30672,7242.14512,1,0,1,0,0,0,0.011209214
30674,7242.178464,1,0,1,0,0,0,0.011222116
30676,7242.211808,1,0,1,0,0,0,0.011207471
30678,7242.24512,1,0,1,0,0,0,0.011212701
30680,7242.278464,1,0,1,0,0,0,0.01121584
30682,7242.311808,1,0,1,0,0,0,0.011182712
30684,7242.34512,1,0,1,0,0,0,0.011206425
30686,7242.378464,1,0,1,0,0,0,0.011228393
30688,7242.411776,1,0,1,0,0,0,0.01121305
30690,7242.44512,1,0,1,0,0,0,0.011240947
30692,7242.478464,1,0,1,0,0,0,0.011228742
30694,7242.511776,1,0,1,0,0,0,0.011245131
30696,7242.54512,1,0,1,0,0,0,0.011261172
30698,7242.578464,1,0,1,0,0,0,0.011232229
30700,7242.611776,1,0,1,0,0,0,0.011252105
30702,7242.64512,1,0,1,0,0,0,0.011223163
30704,7242.678432,1,0,1,0,0,0,0.011229788
30706,7242.711776,1,0,1,0,0,0,0.011221768
30708,7242.74512,1,0,1,0,0,0,0.011233624
30710,7242.778432,1,0,1,0,0,0,0.011170508
30712,7242.811776,1,0,1,0,0,0,0.011160046
30714,7242.845088,1,0,1,0,0,0,0.011215491
30716,7242.878432,1,0,1,0,0,0,0.011142262
30718,7242.911776,1,0,1,0,0,0,0.011120991
30720,7242.945088,1,0,1,0,0,0,0.011093443
30722,7242.978432,1,0,1,0,0,0,0.011051947
30724,7243.011776,1,0,1,0,0,0,0.011103207
30726,7243.045088,1,0,1,0,0,0,0.011115761
30728,7243.078432,1,0,1,0,0,0,0.011117504
30730,7243.111744,1,0,1,0,0,0,0.01111855
30732,7243.145088,1,0,1,0,0,0,0.011163534
30734,7243.178432,1,0,1,0,0,0,0.011127268
30736,7243.211744,1,0,1,0,0,0,0.011198753
30738,7243.245088,1,0,1,0,0,0,0.011188292
30740,7243.278432,1,0,1,0,0,0,0.011178877
30742,7243.311744,1,0,1,0,0,0,0.011217235
30744,7243.345088,1,0,1,0,0,0,0.01119422
30746,7243.3784,1,0,1,0,0,0,0.011154467
30748,7243.411744,1,0,1,0,0,0,0.011190384
30750,7243.445088,1,0,1,0,0,0,0.011195963
30752,7243.4784,1,0,1,0,0,0,0.011187594
30754,7243.511744,1,0,1,0,0,0,0.011184456
30756,7243.545088,1,0,1,0,0,0,0.011182364
30758,7243.5784,1,0,1,0,0,0,0.011232926
30760,7243.611744,1,0,1,0,0,0,0.011243388
30762,7243.645088,1,0,1,0,0,0,0.011163185
30764,7243.6784,1,0,1,0,0,0,0.011187594
30766,7243.711744,1,0,1,0,0,0,0.011151677
30768,7243.745056,1,0,1,0,0,0,0.011168764
30770,7243.7784,1,0,1,0,0,0,0.011137729
30772,7243.811744,1,0,1,0,0,0,0.011187246
30774,7243.845056,1,0,1,0,0,0,0.011200497
30776,7243.8784,1,0,1,0,0,0,0.011217235
30778,7243.911712,1,0,1,0,0,0,0.011213747
30780,7243.945056,1,0,1,0,0,0,0.011195963
30782,7243.9784,1,0,1,0,0,0,0.011190733
30784,7244.011712,1,0,1,0,0,0,0.011197358
30786,7244.045056,1,0,1,0,0,0,0.01120503
30788,7244.0784,1,0,1,0,0,0,0.011195615
30790,7244.111712,1,0,1,0,0,0,0.011201891
30792,7244.145056,1,0,1,0,0,0,0.011192128
30794,7244.1784,1,0,1,0,0,0,0.011201543
30796,7244.211712,1,0,1,0,0,0,0.011204681
30798,7244.245056,1,0,1,0,0,0,0.011170159
30800,7244.278368,1,0,1,0,0,0,0.011176087
30802,7244.311712,1,0,1,0,0,0,0.011151677
30804,7244.345056,1,0,1,0,0,0,0.011229091
30806,7244.378368,1,0,1,0,0,0,0.011140519
30808,7244.411712,1,0,1,0,0,0,0.011170159
30810,7244.445056,1,0,1,0,0,0,0.011172949
30812,7244.478368,1,0,1,0,0,0,0.011185502
30814,7244.511712,1,0,1,0,0,0,0.011171205
30816,7244.545024,1,0,1,0,0,0,0.011170159
30818,7244.578368,1,0,1,0,0,0,0.011240947
30820,7244.61168,1,0,1,0,0,0,0.011199102
30822,7244.645024,1,0,1,0,0,0,0.011186548
30824,7244.678368,1,0,1,0,0,0,0.011190733
30826,7244.71168,1,0,1,0,0,0,0.011169462
30828,7244.745024,1,0,1,0,0,0,0.011212353
30830,7244.778368,1,0,1,0,0,0,0.011188989
30832,7244.81168,1,0,1,0,0,0,0.011195963
30834,7244.845024,1,0,1,0,0,0,0.011186897
30836,7244.878368,1,0,1,0,0,0,0.011233624
30838,7244.91168,1,0,1,0,0,0,0.011218978
30840,7244.945024,1,0,1,0,0,0,0.011222116
30842,7244.978336,1,0,1,0,0,0,0.01118341
30844,7245.01168,1,0,1,0,0,0,0.011172251
30846,7245.045024,1,0,1,0,0,0,0.011164928
30848,7245.078336,1,0,1,0,0,0,0.011178528
30850,7245.11168,1,0,1,0,0,0,0.011174692
30852,7245.145024,1,0,1,0,0,0,0.011152026
30854,7245.178336,1,0,1,0,0,0,0.011149934
30856,7245.21168,1,0,1,0,0,0,0.011133196
30858,7245.244992,1,0,1,0,0,0,0.011120294
30860,7245.278336,1,0,1,0,0,0,0.011164928
30862,7245.31168,1,0,1,0,0,0,0.011147493
30864,7245.344992,1,0,1,0,0,0,0.011146796
30866,7245.378336,1,0,1,0,0,0,0.011162139
30868,7245.41168,1,0,1,0,0,0,0.01119422
30870,7245.444992,1,0,1,0,0,0,0.011163882
30872,7245.478336,1,0,1,0,0,0,0.011170159
30874,7245.511648,1,0,1,0,0,0,0.011209912
30876,7245.544992,1,0,1,0,0,0,0.011160744
30878,7245.578336,1,0,1,0,0,0,0.011166672
30880,7245.611648,1,0,1,0,0,0,0.011134591
30882,7245.644992,1,0,1,0,0,0,0.011153421
30884,7245.678336,1,0,1,0,0,0,0.011164928
30886,7245.711648,1,0,1,0,0,0,0.011178528
30888,7245.744992,1,0,1,0,0,0,0.011158652
30890,7245.778336,1,0,1,0,0,0,0.011154816
30892,7245.811648,1,0,1,0,0,0,0.011175738
30894,7245.844992,1,0,1,0,0,0,0.011177831
30896,7245.878304,1,0,1,0,0,0,0.011152375
30898,7245.911648,1,0,1,0,0,0,0.011148539
30900,7245.944992,1,0,1,0,0,0,0.011106345
30902,7245.978304,1,0,1,0,0,0,0.011096233
30904,7246.011648,1,0,1,0,0,0,0.011148539
30906,7246.044992,1,0,1,0,0,0,0.011146796
30908,7246.078304,1,0,1,0,0,0,0.011157257
30910,7246.111648,1,0,1,0,0,0,0.011227696
30912,7246.14496,1,0,1,0,0,0,0.011109833
30914,7246.178304,1,0,1,0,0,0,0.011109484
30916,7246.211648,1,0,1,0,0,0,0.011129709
30918,7246.24496,1,0,1,0,0,0,0.011165974
30920,7246.278304,1,0,1,0,0,0,0.011155513
30922,7246.311648,1,0,1,0,0,0,0.011134242
30924,7246.34496,1,0,1,0,0,0,0.011145749
30926,7246.378304,1,0,1,0,0,0,0.011107392
30928,7246.411616,1,0,1,0,0,0,0.011141565
30930,7246.44496,1,0,1,0,0,0,0.01119422
30932,7246.478304,1,0,1,0,0,0,0.011165974
30934,7246.511616,1,0,1,0,0,0,0.011172949
30936,7246.54496,1,0,1,0,0,0,0.011185851
30938,7246.578304,1,0,1,0,0,0,0.011197009
30940,7246.611616,1,0,1,0,0,0,0.01117539
30942,7246.64496,1,0,1,0,0,0,0.011159698
30944,7246.678272,1,0,1,0,0,0,0.011192128
30946,7246.711616,1,0,1,0,0,0,0.011131104
30948,7246.74496,1,0,1,0,0,0,0.011208517
30950,7246.778272,1,0,1,0,0,0,0.011178877
30952,7246.811616,1,0,1,0,0,0,0.011189338
30954,7246.844928,1,0,1,0,0,0,0.011160395
30956,7246.878272,1,0,1,0,0,0,0.011190384
30958,7246.911616,1,0,1,0,0,0,0.011158652
30960,7246.944928,1,0,1,0,0,0,0.011187943
30962,7246.978272,1,0,1,0,0,0,0.01116458
30964,7247.011616,1,0,1,0,0,0,0.011129011
30966,7247.044928,1,0,1,0,0,0,0.01116458
30968,7247.078272,1,0,1,0,0,0,0.011156908
30970,7247.111584,1,0,1,0,0,0,0.01114017
30972,7247.144928,1,0,1,0,0,0,0.011135986
30974,7247.178272,1,0,1,0,0,0,0.011116109
30976,7247.211584,1,0,1,0,0,0,0.011125873
30978,7247.244928,1,0,1,0,0,0,0.011125873
30980,7247.278272,1,0,1,0,0,0,0.011069034
30982,7247.311584,1,0,1,0,0,0,0.011097976
30984,7247.344928,1,0,1,0,0,0,0.011166672
30986,7247.378272,1,0,1,0,0,0,0.011136334
30988,7247.411584,1,0,1,0,0,0,0.011125524
30990,7247.444928,1,0,1,0,0,0,0.011145749
30992,7247.47824,1,0,1,0,0,0,0.011161093
30994,7247.511584,1,0,1,0,0,0,0.011123781
30996,7247.544928,1,0,1,0,0,0,0.011132499
30998,7247.57824,1,0,1,0,0,0,0.011110879
31000,7247.611584,1,0,1,0,0,0,0.011133545
31002,7247.644928,1,0,1,0,0,0,0.011134591
31004,7247.67824,1,0,1,0,0,0,0.011084028
31006,7247.711584,1,0,1,0,0,0,0.011112273
31008,7247.744896,1,0,1,0,0,0,0.011111576
31010,7247.77824,1,0,1,0,0,0,0.011135288
31012,7247.811584,1,0,1,0,0,0,0.011166323
31014,7247.844896,1,0,1,0,0,0,0.011131104
31016,7247.87824,1,0,1,0,0,0,0.011161093
31018,7247.911552,1,0,1,0,0,0,0.011160395
31020,7247.944896,1,0,1,0,0,0,0.011149237
31022,7247.97824,1,0,1,0,0,0,0.01112413
31024,7248.011552,1,0,1,0,0,0,0.011140868
31026,7248.044896,1,0,1,0,0,0,0.011133545
31028,7248.07824,1,0,1,0,0,0,0.011141914
31030,7248.111552,1,0,1,0,0,0,0.011149934
31032,7248.144896,1,0,1,0,0,0,0.011150283
31034,7248.17824,1,0,1,0,0,0,0.011160046
31036,7248.211552,1,0,1,0,0,0,0.011156211
31038,7248.244896,1,0,1,0,0,0,0.011180969
31040,7248.278208,1,0,1,0,0,0,0.011155862
31042,7248.311552,1,0,1,0,0,0,0.011174692
31044,7248.344896,1,0,1,0,0,0,0.011168764
31046,7248.378208,1,0,1,0,0,0,0.01116981
31048,7248.411552,1,0,1,0,0,0,0.011167718
31050,7248.444896,1,0,1,0,0,0,0.01118341
31052,7248.478208,1,0,1,0,0,0,0.011148888
31054,7248.511552,1,0,1,0,0,0,0.011127965
31056,7248.544864,1,0,1,0,0,0,0.011183061
31058,7248.578208,1,0,1,0,0,0,0.011129709
31060,7248.61152,1,0,1,0,0,0,0.011134591
31062,7248.644864,1,0,1,0,0,0,0.01114819
31064,7248.678208,1,0,1,0,0,0,0.011171205
31066,7248.71152,1,0,1,0,0,0,0.011183061
31068,7248.744864,1,0,1,0,0,0,0.011099023
31070,7248.778208,1,0,1,0,0,0,0.011144703
31072,7248.81152,1,0,1,0,0,0,0.011127965
31074,7248.844864,1,0,1,0,0,0,0.011157257
31076,7248.878208,1,0,1,0,0,0,0.011195266
31078,7248.91152,1,0,1,0,0,0,0.011150283
31080,7248.944864,1,0,1,0,0,0,0.01119422
31082,7248.978176,1,0,1,0,0,0,0.01110774
31084,7249.01152,1,0,1,0,0,0,0.011132847
31086,7249.044864,1,0,1,0,0,0,0.011113668
31088,7249.078176,1,0,1,0,0,0,0.01113738
31090,7249.11152,1,0,1,0,0,0,0.011139124
31092,7249.144864,1,0,1,0,0,0,0.011116807
31094,7249.178176,1,0,1,0,0,0,0.011134242
31096,7249.21152,1,0,1,0,0,0,0.011138078
31098,7249.244864,1,0,1,0,0,0,0.011090305
31100,7249.278176,1,0,1,0,0,0,0.011102161
31102,7249.31152,1,0,1,0,0,0,0.011066593
31104,7249.344832,1,0,1,0,0,0,0.011128314
31106,7249.378176,1,0,1,0,0,0,0.011114017
31108,7249.41152,1,0,1,0,0,0,0.011130058
31110,7249.444832,1,0,1,0,0,0,0.011114714
31112,7249.478176,1,0,1,0,0,0,0.011114017
31114,7249.51152,1,0,1,0,0,0,0.011102161
31116,7249.544832,1,0,1,0,0,0,0.011101812
31118,7249.578176,1,0,1,0,0,0,0.011134591
31120,7249.611488,1,0,1,0,0,0,0.011137032
31122,7249.644832,1,0,1,0,0,0,0.011126222
31124,7249.678176,1,0,1,0,0,0,0.011103556
31126,7249.711488,1,0,1,0,0,0,0.011107392
31128,7249.744832,1,0,1,0,0,0,0.011135637
31130,7249.778176,1,0,1,0,0,0,0.011087864
31132,7249.811488,1,0,1,0,0,0,0.011100069
31134,7249.844832,1,0,1,0,0,0,0.011108089
31136,7249.878144,1,0,1,0,0,0,0.011111925
31138,7249.911488,1,0,1,0,0,0,0.011139124
31140,7249.944832,1,0,1,0,0,0,0.011102161
31142,7249.978144,1,0,1,0,0,0,0.011116458
31144,7250.011488,1,0,1,0,0,0,0.011123781
31146,7250.044832,1,0,1,0,0,0,0.011107392
31148,7250.078144,1,0,1,0,0,0,0.011127965
31150,7250.111488,1,0,1,0,0,0,0.011139821
31152,7250.1448,1,0,1,0,0,0,0.011151329
31154,7250.178144,1,0,1,0,0,0,0.01115098
31156,7250.211488,1,0,1,0,0,0,0.011125176
31158,7250.2448,1,0,1,0,0,0,0.011105997
31160,7250.278144,1,0,1,0,0,0,0.011071475
31162,7250.311488,1,0,1,0,0,0,0.011121689
31164,7250.3448,1,0,1,0,0,0,0.011125873
31166,7250.378144,1,0,1,0,0,0,0.011141565
31168,7250.411488,1,0,1,0,0,0,0.011172251
31170,7250.4448,1,0,1,0,0,0,0.011138078
31172,7250.478144,1,0,1,0,0,0,0.011163882
31174,7250.511488,1,0,1,0,0,0,0.011096582
31176,7250.5448,1,0,1,0,0,0,0.011109484
31178,7250.578144,1,0,1,0,0,0,0.011165626
31180,7250.611488,1,0,1,0,0,0,0.011170856
31182,7250.6448,1,0,1,0,0,0,0.01112657
31184,7250.678112,1,0,1,0,0,0,0.011130406
31186,7250.711488,1,0,1,0,0,0,0.01115098
31188,7250.7448,1,0,1,0,0,0,0.011119248
31190,7250.778112,1,0,1,0,0,0,0.01109972
31192,7250.811488,1,0,1,0,0,0,0.011122386
31194,7250.844768,1,0,1,0,0,0,0.011119596
31196,7250.878112,1,0,1,0,0,0,0.011100069
31198,7250.911488,1,0,1,0,0,0,0.01112657
31200,7250.944768,1,0,1,0,0,0,0.011150631
31202,7250.978112,1,0,1,0,0,0,0.011089259
31204,7251.011488,1,0,1,0,0,0,0.011158652
31206,7251.044768,1,0,1,0,0,0,0.011100417
31208,7251.078112,1,0,1,0,0,0,0.011103556
31210,7251.111488,1,0,1,0,0,0,0.011120991
31212,7251.144768,1,0,1,0,0,0,0.011060316
31214,7251.178112,1,0,1,0,0,0,0.011104951
31216,7251.211488,1,0,1,0,0,0,0.011105648
31218,7251.244768,1,0,1,0,0,0,0.011130058
31220,7251.278112,1,0,1,0,0,0,0.011128314
31222,7251.311488,1,0,1,0,0,0,0.011096233
31224,7251.344768,1,0,1,0,0,0,0.011110181
31226,7251.378112,1,0,1,0,0,0,0.011101812
31228,7251.411488,1,0,1,0,0,0,0.011140868
31230,7251.444768,1,0,1,0,0,0,0.011128314
31232,7251.47808,1,0,1,0,0,0,0.011103556
31234,7251.511488,1,0,1,0,0,0,0.011144006
31236,7251.544768,1,0,1,0,0,0,0.011115761
31238,7251.57808,1,0,1,0,0,0,0.011095187
31240,7251.611488,1,0,1,0,0,0,0.011057526
31242,7251.644768,1,0,1,0,0,0,0.011095535
31244,7251.67808,1,0,1,0,0,0,0.011078449
31246,7251.711424,1,0,1,0,0,0,0.011105648
31248,7251.744736,1,0,1,0,0,0,0.01112936
31250,7251.77808,1,0,1,0,0,0,0.011110879
31252,7251.811424,1,0,1,0,0,0,0.011128314
31254,7251.844736,1,0,1,0,0,0,0.011131104
31256,7251.87808,1,0,1,0,0,0,0.011114366
31258,7251.911424,1,0,1,0,0,0,0.011106694
31260,7251.944736,1,0,1,0,0,0,0.01112936
31262,7251.97808,1,0,1,0,0,0,0.011100417
31264,7252.011392,1,0,1,0,0,0,0.011112273
31266,7252.044736,1,0,1,0,0,0,0.011071823
31268,7252.07808,1,0,1,0,0,0,0.011089607
31270,7252.111392,1,0,1,0,0,0,0.011101812
31272,7252.144736,1,0,1,0,0,0,0.011162139
31274,7252.17808,1,0,1,0,0,0,0.011133196
31276,7252.211392,1,0,1,0,0,0,0.011131104
31278,7252.244736,1,0,1,0,0,0,0.011113668
31280,7252.278048,1,0,1,0,0,0,0.011091351
31282,7252.311392,1,0,1,0,0,0,0.011112273
31284,7252.344736,1,0,1,0,0,0,0.011112971
31286,7252.378048,1,0,1,0,0,0,0.011138078
31288,7252.411392,1,0,1,0,0,0,0.011116458
31290,7252.444736,1,0,1,0,0,0,0.011106694
31292,7252.478048,1,0,1,0,0,0,0.011134242
31294,7252.511392,1,0,1,0,0,0,0.011098674
31296,7252.544704,1,0,1,0,0,0,0.011098674
31298,7252.578048,1,0,1,0,0,0,0.011093443
31300,7252.611392,1,0,1,0,0,0,0.011070777
31302,7252.644704,1,0,1,0,0,0,0.011088561
31304,7252.678048,1,0,1,0,0,0,0.011077751
31306,7252.71136,1,0,1,0,0,0,0.011100766
31308,7252.744704,1,0,1,0,0,0,0.011116458
31310,7252.778048,1,0,1,0,0,0,0.011115063
31312,7252.81136,1,0,1,0,0,0,0.011124478
31314,7252.844704,1,0,1,0,0,0,0.011171554
31316,7252.878048,1,0,1,0,0,0,0.011149585
31318,7252.91136,1,0,1,0,0,0,0.011140519
31320,7252.944704,1,0,1,0,0,0,0.011115761
31322,7252.978016,1,0,1,0,0,0,0.011145749
31324,7253.01136,1,0,1,0,0,0,0.011125873
31326,7253.044704,1,0,1,0,0,0,0.011137729
31328,7253.078016,1,0,1,0,0,0,0.011118202
31330,7253.11136,1,0,1,0,0,0,0.011167718
31332,7253.144704,1,0,1,0,0,0,0.011133545
31334,7253.178016,1,0,1,0,0,0,0.011133196
31336,7253.21136,1,0,1,0,0,0,0.011125176
31338,7253.244704,1,0,1,0,0,0,0.011143308
31340,7253.278016,1,0,1,0,0,0,0.011145401
31342,7253.31136,1,0,1,0,0,0,0.011123432
31344,7253.344672,1,0,1,0,0,0,0.011135986
31346,7253.378016,1,0,1,0,0,0,0.011131452
31348,7253.41136,1,0,1,0,0,0,0.011149237
31350,7253.444672,1,0,1,0,0,0,0.011173646
31352,7253.478016,1,0,1,0,0,0,0.011132499
31354,7253.51136,1,0,1,0,0,0,0.011086818
31356,7253.544672,1,0,1,0,0,0,0.01103486
31358,7253.578016,1,0,1,0,0,0,0.011031373
31360,7253.611328,1,0,1,0,0,0,0.011102161
31362,7253.644672,1,0,1,0,0,0,0.0110645
31364,7253.678016,1,0,1,0,0,0,0.011081936
31366,7253.711328,1,0,1,0,0,0,0.011008707
31368,7253.744672,1,0,1,0,0,0,0.011056132
31370,7253.778016,1,0,1,0,0,0,0.01099999
31372,7253.811328,1,0,1,0,0,0,0.011035558
31374,7253.844672,1,0,1,0,0,0,0.011059619
31376,7253.877984,1,0,1,0,0,0,0.011051598
31378,7253.911328,1,0,1,0,0,0,0.011065895
31380,7253.944672,1,0,1,0,0,0,0.011089259
31382,7253.977984,1,0,1,0,0,0,0.01106206
31384,7254.011328,1,0,1,0,0,0,0.0110917
31386,7254.04464,1,0,1,0,0,0,0.011087515
31388,7254.077984,1,0,1,0,0,0,0.011066244
31390,7254.111328,1,0,1,0,0,0,0.011098325
31392,7254.14464,1,0,1,0,0,0,0.011116807
31394,7254.177984,1,0,1,0,0,0,0.011111227
31396,7254.211328,1,0,1,0,0,0,0.011144006
31398,7254.24464,1,0,1,0,0,0,0.011114017
31400,7254.277984,1,0,1,0,0,0,0.011098325
31402,7254.311296,1,0,1,0,0,0,0.011125176
31404,7254.34464,1,0,1,0,0,0,0.011133893
31406,7254.377984,1,0,1,0,0,0,0.011151329
31408,7254.411296,1,0,1,0,0,0,0.011146447
31410,7254.44464,1,0,1,0,0,0,0.011084726
31412,7254.477984,1,0,1,0,0,0,0.011122735
31414,7254.511296,1,0,1,0,0,0,0.011130058
31416,7254.54464,1,0,1,0,0,0,0.011131801
31418,7254.577984,1,0,1,0,0,0,0.011094489
31420,7254.611296,1,0,1,0,0,0,0.011139473
31422,7254.64464,1,0,1,0,0,0,0.011134242
31424,7254.677952,1,0,1,0,0,0,0.011156559
31426,7254.711296,1,0,1,0,0,0,0.011130058
31428,7254.74464,1,0,1,0,0,0,0.011179225
31430,7254.777952,1,0,1,0,0,0,0.011118202
31432,7254.811296,1,0,1,0,0,0,0.01112657
31434,7254.84464,1,0,1,0,0,0,0.011181666
31436,7254.877952,1,0,1,0,0,0,0.011114017
31438,7254.911296,1,0,1,0,0,0,0.011147842
31440,7254.944608,1,0,1,0,0,0,0.011117155
31442,7254.977952,1,0,1,0,0,0,0.011112971
31444,7255.011296,1,0,1,0,0,0,0.011130058
31446,7255.044608,1,0,1,0,0,0,0.011105648
31448,7255.077952,1,0,1,0,0,0,0.011135986
31450,7255.111296,1,0,1,0,0,0,0.011142262
31452,7255.144608,1,0,1,0,0,0,0.01119422
31454,7255.177952,1,0,1,0,0,0,0.01109693
31456,7255.211264,1,0,1,0,0,0,0.01109693
31458,7255.244608,1,0,1,0,0,0,0.011135637
31460,7255.277952,1,0,1,0,0,0,0.011108786
31462,7255.311264,1,0,1,0,0,0,0.011119596
31464,7255.344608,1,0,1,0,0,0,0.011157954
31466,7255.377952,1,0,1,0,0,0,0.011148539
31468,7255.411264,1,0,1,0,0,0,0.011103207
31470,7255.444608,1,0,1,0,0,0,0.011133545
31472,7255.477952,1,0,1,0,0,0,0.011146098
31474,7255.511264,1,0,1,0,0,0,0.011164928
31476,7255.544608,1,0,1,0,0,0,0.011142611
31478,7255.57792,1,0,1,0,0,0,0.011177482
31480,7255.611264,1,0,1,0,0,0,0.011136334
31482,7255.644576,1,0,1,0,0,0,0.011160744
31484,7255.67792,1,0,1,0,0,0,0.011154816
31486,7255.711264,1,0,1,0,0,0,0.011181666
31488,7255.744576,1,0,1,0,0,0,0.011169462
31490,7255.77792,1,0,1,0,0,0,0.011111925
31492,7255.811264,1,0,1,0,0,0,0.011161441
31494,7255.844576,1,0,1,0,0,0,0.011131452
31496,7255.87792,1,0,1,0,0,0,0.011147842
31498,7255.911232,1,0,1,0,0,0,0.011117853
31500,7255.944576,1,0,1,0,0,0,0.011102161
31502,7255.97792,1,0,1,0,0,0,0.011151329
31504,7256.011232,1,0,1,0,0,0,0.011160744
31506,7256.044576,1,0,1,0,0,0,0.011157257
31508,7256.07792,1,0,1,0,0,0,0.011116109
31510,7256.111232,1,0,1,0,0,0,0.011147842
31512,7256.144576,1,0,1,0,0,0,0.011159698
31514,7256.17792,1,0,1,0,0,0,0.011123432
31516,7256.211232,1,0,1,0,0,0,0.011137032
31518,7256.244576,1,0,1,0,0,0,0.011162836
31520,7256.277888,1,0,1,0,0,0,0.011124827
31522,7256.311232,1,0,1,0,0,0,0.011171554
31524,7256.344576,1,0,1,0,0,0,0.01115377
31526,7256.377888,1,0,1,0,0,0,0.011130406
31528,7256.411232,1,0,1,0,0,0,0.011145749
31530,7256.444576,1,0,1,0,0,0,0.011126919
31532,7256.477888,1,0,1,0,0,0,0.011179225
31534,7256.511232,1,0,1,0,0,0,0.011117504
31536,7256.544544,1,0,1,0,0,0,0.011160046
31538,7256.577888,1,0,1,0,0,0,0.011150631
31540,7256.611232,1,0,1,0,0,0,0.011139821
31542,7256.644544,1,0,1,0,0,0,0.011170508
31544,7256.677888,1,0,1,0,0,0,0.011134591
31546,7256.711232,1,0,1,0,0,0,0.011117155
31548,7256.744544,1,0,1,0,0,0,0.011136334
31550,7256.777888,1,0,1,0,0,0,0.011167369
31552,7256.8112,1,0,1,0,0,0,0.011159698
31554,7256.844544,1,0,1,0,0,0,0.011133545
31556,7256.877888,1,0,1,0,0,0,0.011120294
31558,7256.9112,1,0,1,0,0,0,0.011130406
31560,7256.944544,1,0,1,0,0,0,0.011087864
31562,7256.977856,1,0,1,0,0,0,0.011135986
31564,7257.0112,1,0,1,0,0,0,0.011133893
31566,7257.044544,1,0,1,0,0,0,0.011092048
31568,7257.077856,1,0,1,0,0,0,0.011122735
31570,7257.1112,1,0,1,0,0,0,0.011156559
31572,7257.144544,1,0,1,0,0,0,0.011068336
31574,7257.177856,1,0,1,0,0,0,0.011108438
31576,7257.2112,1,0,1,0,0,0,0.011113668
31578,7257.244512,1,0,1,0,0,0,0.011114714
31580,7257.277856,1,0,1,0,0,0,0.0110917
31582,7257.3112,1,0,1,0,0,0,0.01110251
31584,7257.344512,1,0,1,0,0,0,0.01110251
31586,7257.377856,1,0,1,0,0,0,0.011083679
31588,7257.4112,1,0,1,0,0,0,0.011130058
31590,7257.444512,1,0,1,0,0,0,0.011118899
31592,7257.477856,1,0,1,0,0,0,0.011105299
31594,7257.511168,1,0,1,0,0,0,0.011116458
31596,7257.544512,1,0,1,0,0,0,0.011068685
31598,7257.577856,1,0,1,0,0,0,0.011083331
31600,7257.611168,1,0,1,0,0,0,0.011109484
31602,7257.644512,1,0,1,0,0,0,0.011072869
31604,7257.677856,1,0,1,0,0,0,0.011111227
31606,7257.711168,1,0,1,0,0,0,0.011123432
31608,7257.744512,1,0,1,0,0,0,0.011114366
31610,7257.777856,1,0,1,0,0,0,0.011082633
31612,7257.811168,1,0,1,0,0,0,0.011105997
31614,7257.844512,1,0,1,0,0,0,0.011099371
31616,7257.877824,1,0,1,0,0,0,0.011058572
31618,7257.911168,1,0,1,0,0,0,0.011106694
31620,7257.944512,1,0,1,0,0,0,0.011111925
31622,7257.977824,1,0,1,0,0,0,0.011070429
31624,7258.011168,1,0,1,0,0,0,0.011078449
31626,7258.044512,1,0,1,0,0,0,0.011068336
31628,7258.077824,1,0,1,0,0,0,0.011100766
31630,7258.111168,1,0,1,0,0,0,0.011098325
31632,7258.14448,1,0,1,0,0,0,0.011135986
31634,7258.177824,1,0,1,0,0,0,0.011138775
31636,7258.211168,1,0,1,0,0,0,0.011116807
31638,7258.24448,1,0,1,0,0,0,0.011101812
31640,7258.277824,1,0,1,0,0,0,0.011095187
31642,7258.311168,1,0,1,0,0,0,0.011161093
31644,7258.34448,1,0,1,0,0,0,0.011106694
31646,7258.377824,1,0,1,0,0,0,0.011126919
31648,7258.411136,1,0,1,0,0,0,0.011177482
31650,7258.44448,1,0,1,0,0,0,0.011149237
31652,7258.477824,1,0,1,0,0,0,0.011101115
31654,7258.511136,1,0,1,0,0,0,0.011133196
31656,7258.54448,1,0,1,0,0,0,0.011110181
31658,7258.577824,1,0,1,0,0,0,0.011110181
31660,7258.611136,1,0,1,0,0,0,0.011156559
31662,7258.64448,1,0,1,0,0,0,0.011136683
31664,7258.677792,1,0,1,0,0,0,0.011126222
31666,7258.711136,1,0,1,0,0,0,0.011117853
31668,7258.74448,1,0,1,0,0,0,0.011077751
31670,7258.777792,1,0,1,0,0,0,0.011109135
31672,7258.811136,1,0,1,0,0,0,0.011147144
31674,7258.844448,1,0,1,0,0,0,0.011096582
31676,7258.877792,1,0,1,0,0,0,0.011120642
31678,7258.911136,1,0,1,0,0,0,0.011130406
31680,7258.944448,1,0,1,0,0,0,0.011094838
31682,7258.977792,1,0,1,0,0,0,0.011131452
31684,7259.011136,1,0,1,0,0,0,0.011136683
31686,7259.044448,1,0,1,0,0,0,0.011132847
31688,7259.077792,1,0,1,0,0,0,0.011143657
31690,7259.111104,1,0,1,0,0,0,0.011116807
31692,7259.144448,1,0,1,0,0,0,0.011096582
31694,7259.177792,1,0,1,0,0,0,0.011110879
31696,7259.211104,1,0,1,0,0,0,0.011120294
31698,7259.244448,1,0,1,0,0,0,0.011093792
31700,7259.27776,1,0,1,0,0,0,0.011093095
31702,7259.311104,1,0,1,0,0,0,0.011137032
31704,7259.344448,1,0,1,0,0,0,0.01108612
31706,7259.37776,1,0,1,0,0,0,0.011079495
31708,7259.411104,1,0,1,0,0,0,0.011118899
31710,7259.444448,1,0,1,0,0,0,0.011097279
31712,7259.47776,1,0,1,0,0,0,0.011083679
31714,7259.511104,1,0,1,0,0,0,0.011119945
31716,7259.544448,1,0,1,0,0,0,0.011103904
31718,7259.57776,1,0,1,0,0,0,0.011108786
31720,7259.611104,1,0,1,0,0,0,0.011097279
31722,7259.644416,1,0,1,0,0,0,0.011080541
31724,7259.67776,1,0,1,0,0,0,0.011127268
31726,7259.711104,1,0,1,0,0,0,0.011145749
31728,7259.744416,1,0,1,0,0,0,0.011138775
31730,7259.77776,1,0,1,0,0,0,0.011146098
31732,7259.811104,1,0,1,0,0,0,0.011135637
31734,7259.844416,1,0,1,0,0,0,0.011090654
31736,7259.87776,1,0,1,0,0,0,0.011077751
31738,7259.911104,1,0,1,0,0,0,0.011094141
31740,7259.944416,1,0,1,0,0,0,0.01111053
31742,7259.97776,1,0,1,0,0,0,0.011124478
31744,7260.011072,1,0,1,0,0,0,0.011105299
31746,7260.044416,1,0,1,0,0,0,0.011060316
31748,7260.07776,1,0,1,0,0,0,0.011075659
31750,7260.111072,1,0,1,0,0,0,0.011132499
31752,7260.144416,1,0,1,0,0,0,0.011146447
31754,7260.17776,1,0,1,0,0,0,0.011114017
31756,7260.211072,1,0,1,0,0,0,0.01111855
31758,7260.244416,1,0,1,0,0,0,0.011109833
31760,7260.277728,1,0,1,0,0,0,0.011093792
31762,7260.311072,1,0,1,0,0,0,0.011108786
31764,7260.344416,1,0,1,0,0,0,0.011081587
31766,7260.377728,1,0,1,0,0,0,0.011090305
31768,7260.411072,1,0,1,0,0,0,0.011077054
31770,7260.444416,1,0,1,0,0,0,0.011079146
31772,7260.477728,1,0,1,0,0,0,0.011098674
31774,7260.511072,1,0,1,0,0,0,0.011097976
31776,7260.544384,1,0,1,0,0,0,0.011081587
31778,7260.577728,1,0,1,0,0,0,0.011105299
31780,7260.611072,1,0,1,0,0,0,0.01106729
31782,7260.644384,1,0,1,0,0,0,0.011129011
31784,7260.677728,1,0,1,0,0,0,0.011052644
31786,7260.711072,1,0,1,0,0,0,0.011052296
31788,7260.744384,1,0,1,0,0,0,0.0110781
31790,7260.777728,1,0,1,0,0,0,0.011040091
31792,7260.81104,1,0,1,0,0,0,0.011071126
31794,7260.844384,1,0,1,0,0,0,0.011069034
31796,7260.877728,1,0,1,0,0,0,0.01105125
31798,7260.91104,1,0,1,0,0,0,0.011095535
31800,7260.944384,1,0,1,0,0,0,0.011052296
31802,7260.977696,1,0,1,0,0,0,0.011073567
31804,7261.01104,1,0,1,0,0,0,0.011057178
31806,7261.044384,1,0,1,0,0,0,0.011049506
31808,7261.077696,1,0,1,0,0,0,0.011084377
31810,7261.11104,1,0,1,0,0,0,0.01106206
31812,7261.144384,1,0,1,0,0,0,0.011043927
31814,7261.177696,1,0,1,0,0,0,0.011055434
31816,7261.21104,1,0,1,0,0,0,0.011076705
31818,7261.244384,1,0,1,0,0,0,0.011047065
31820,7261.277696,1,0,1,0,0,0,0.011062408
31822,7261.31104,1,0,1,0,0,0,0.011089259
31824,7261.344352,1,0,1,0,0,0,0.01105125
31826,7261.377696,1,0,1,0,0,0,0.011036604
31828,7261.41104,1,0,1,0,0,0,0.011024748
31830,7261.444352,1,0,1,0,0,0,0.011062757
31832,7261.477696,1,0,1,0,0,0,0.011061362
31834,7261.51104,1,0,1,0,0,0,0.011046716
31836,7261.544352,1,0,1,0,0,0,0.011038347
31838,7261.577696,1,0,1,0,0,0,0.011070777
31840,7261.611008,1,0,1,0,0,0,0.010988831
31842,7261.644352,1,0,1,0,0,0,0.010986041
31844,7261.677696,1,0,1,0,0,0,0.01102405
31846,7261.711008,1,0,1,0,0,0,0.011037301
31848,7261.744352,1,0,1,0,0,0,0.010998246
31850,7261.777696,1,0,1,0,0,0,0.01105125
31852,7261.811008,1,0,1,0,0,0,0.011023353
31854,7261.844352,1,0,1,0,0,0,0.011037301
31856,7261.877664,1,0,1,0,0,0,0.011020215
31858,7261.911008,1,0,1,0,0,0,0.01102684
31860,7261.944352,1,0,1,0,0,0,0.011003825
31862,7261.977664,1,0,1,0,0,0,0.010971395
31864,7262.011008,1,0,1,0,0,0,0.011022307
31866,7262.044352,1,0,1,0,0,0,0.011046019
31868,7262.077664,1,0,1,0,0,0,0.011024399
31870,7262.111008,1,0,1,0,0,0,0.011029281
31872,7262.14432,1,0,1,0,0,0,0.01100243
31874,7262.177664,1,0,1,0,0,0,0.01100243
31876,7262.211008,1,0,1,0,0,0,0.010973836
31878,7262.24432,1,0,1,0,0,0,0.011028584
31880,7262.277664,1,0,1,0,0,0,0.011042881
31882,7262.310976,1,0,1,0,0,0,0.011038696
31884,7262.34432,1,0,1,0,0,0,0.011018471
31886,7262.377664,1,0,1,0,0,0,0.011022656
31888,7262.410976,1,0,1,0,0,0,0.011034163
31890,7262.44432,1,0,1,0,0,0,0.011031025
31892,7262.477632,1,0,1,0,0,0,0.011032071
31894,7262.510976,1,0,1,0,0,0,0.011001733
31896,7262.54432,1,0,1,0,0,0,0.011011846
31898,7262.577632,1,0,1,0,0,0,0.011023353
31900,7262.610976,1,0,1,0,0,0,0.011004174
31902,7262.64432,1,0,1,0,0,0,0.011032768
31904,7262.677632,1,0,1,0,0,0,0.011016379
31906,7262.710976,1,0,1,0,0,0,0.011017774
31908,7262.74432,1,0,1,0,0,0,0.011068336
31910,7262.777632,1,0,1,0,0,0,0.011046368
31912,7262.810976,1,0,1,0,0,0,0.011055434
31914,7262.84432,1,0,1,0,0,0,0.011093792
31916,7262.877632,1,0,1,0,0,0,0.01108891
31918,7262.910976,1,0,1,0,0,0,0.011122735
31920,7262.944288,1,0,1,0,0,0,0.011104602
31922,7262.977632,1,0,1,0,0,0,0.011133893
31924,7263.010976,1,0,1,0,0,0,0.011118899
31926,7263.044288,1,0,1,0,0,0,0.011101464
31928,7263.077632,1,0,1,0,0,0,0.011140519
31930,7263.110976,1,0,1,0,0,0,0.011094141
31932,7263.144288,1,0,1,0,0,0,0.011079844
31934,7263.177632,1,0,1,0,0,0,0.011127268
31936,7263.210944,1,0,1,0,0,0,0.011112273
31938,7263.244288,1,0,1,0,0,0,0.011059619
31940,7263.277632,1,0,1,0,0,0,0.011077403
31942,7263.310944,1,0,1,0,0,0,0.011095535
31944,7263.344288,1,0,1,0,0,0,0.011070777
31946,7263.3776,1,0,1,0,0,0,0.011082633
31948,7263.410944,1,0,1,0,0,0,0.011100069
31950,7263.444288,1,0,1,0,0,0,0.011077751
31952,7263.4776,1,0,1,0,0,0,0.011071126
31954,7263.510944,1,0,1,0,0,0,0.011055434
31956,7263.544288,1,0,1,0,0,0,0.01107531
31958,7263.5776,1,0,1,0,0,0,0.011084726
31960,7263.610944,1,0,1,0,0,0,0.011078449
31962,7263.644288,1,0,1,0,0,0,0.011081587
31964,7263.6776,1,0,1,0,0,0,0.011082633
31966,7263.710944,1,0,1,0,0,0,0.011025794
31968,7263.744256,1,0,1,0,0,0,0.011095535
31970,7263.7776,1,0,1,0,0,0,0.011097279
31972,7263.810944,1,0,1,0,0,0,0.011033117
31974,7263.844256,1,0,1,0,0,0,0.011040091
31976,7263.8776,1,0,1,0,0,0,0.011012892
31978,7263.910944,1,0,1,0,0,0,0.011052644
31980,7263.944256,1,0,1,0,0,0,0.011078449
31982,7263.9776,1,0,1,0,0,0,0.011108089
31984,7264.010944,1,0,1,0,0,0,0.011130406
31986,7264.044256,1,0,1,0,0,0,0.011090654
31988,7264.0776,1,0,1,0,0,0,0.011122386
31990,7264.110944,1,0,1,0,0,0,0.01105648
31992,7264.144256,1,0,1,0,0,0,0.011088213
31994,7264.177568,1,0,1,0,0,0,0.011143657
31996,7264.210912,1,0,1,0,0,0,0.011107392
31998,7264.244256,1,0,1,0,0,0,0.011100069
32000,7264.277568,1,0,1,0,0,0,0.011129011
32002,7264.310912,1,0,1,0,0,0,0.011105648
32004,7264.344256,1,0,1,0,0,0,0.011096233
32006,7264.377568,1,0,1,0,0,0,0.011133893
32008,7264.410912,1,0,1,0,0,0,0.011120991
32010,7264.444224,1,0,1,0,0,0,0.011120991
32012,7264.477568,1,0,1,0,0,0,0.011090654
32014,7264.510912,1,0,1,0,0,0,0.011136683
32016,7264.544224,1,0,1,0,0,0,0.011092048
32018,7264.577568,1,0,1,0,0,0,0.011096582
32020,7264.610912,1,0,1,0,0,0,0.011136334
32022,7264.644224,1,0,1,0,0,0,0.011147493
32024,7264.677568,1,0,1,0,0,0,0.011135986
32026,7264.710912,1,0,1,0,0,0,0.011138078
32028,7264.744224,1,0,1,0,0,0,0.011105648
32030,7264.777568,1,0,1,0,0,0,0.01114017
32032,7264.81088,1,0,1,0,0,0,0.011145052
32034,7264.844224,1,0,1,0,0,0,0.011109484
32036,7264.877568,1,0,1,0,0,0,0.011109135
32038,7264.91088,1,0,1,0,0,0,0.011177133
32040,7264.944224,1,0,1,0,0,0,0.011125176
32042,7264.977568,1,0,1,0,0,0,0.011112273
32044,7265.01088,1,0,1,0,0,0,0.011115063
32046,7265.044224,1,0,1,0,0,0,0.011104602
32048,7265.077536,1,0,1,0,0,0,0.011123083
32050,7265.11088,1,0,1,0,0,0,0.011095187
32052,7265.144224,1,0,1,0,0,0,0.01112413
32054,7265.177536,1,0,1,0,0,0,0.011101115
32056,7265.21088,1,0,1,0,0,0,0.011067988
32058,7265.244224,1,0,1,0,0,0,0.011057178
32060,7265.277536,1,0,1,0,0,0,0.011107043
32062,7265.31088,1,0,1,0,0,0,0.011066941
32064,7265.344192,1,0,1,0,0,0,0.011051598
32066,7265.377536,1,0,1,0,0,0,0.011100069
32068,7265.41088,1,0,1,0,0,0,0.011105997
32070,7265.444192,1,0,1,0,0,0,0.011090654
32072,7265.477536,1,0,1,0,0,0,0.011126222
32074,7265.51088,1,0,1,0,0,0,0.011107392
32076,7265.544192,1,0,1,0,0,0,0.011090654
32078,7265.577536,1,0,1,0,0,0,0.011103904
32080,7265.610848,1,0,1,0,0,0,0.011112971
32082,7265.644192,1,0,1,0,0,0,0.011089607
32084,7265.677504,1,0,1,0,0,0,0.011103556
32086,7265.710848,1,0,1,0,0,0,0.011052296
32088,7265.744192,1,0,1,0,0,0,0.011117504
32090,7265.777504,1,0,1,0,0,0,0.01110774
32092,7265.810848,1,0,1,0,0,0,0.011088561
32094,7265.844192,1,0,1,0,0,0,0.01107008
32096,7265.877504,1,0,1,0,0,0,0.011114366
32098,7265.910848,1,0,1,0,0,0,0.011130755
32100,7265.944192,1,0,1,0,0,0,0.011079844
32102,7265.977504,1,0,1,0,0,0,0.011156211
32104,7266.010848,1,0,1,0,0,0,0.011109484
32106,7266.04416,1,0,1,0,0,0,0.01110251
32108,7266.077504,1,0,1,0,0,0,0.011111925
32110,7266.110848,1,0,1,0,0,0,0.011148539
32112,7266.14416,1,0,1,0,0,0,0.011149934
32114,7266.177504,1,0,1,0,0,0,0.011108786
32116,7266.210848,1,0,1,0,0,0,0.011158652
32118,7266.24416,1,0,1,0,0,0,0.011117155
32120,7266.277504,1,0,1,0,0,0,0.011155862
32122,7266.310816,1,0,1,0,0,0,0.011101464
32124,7266.34416,1,0,1,0,0,0,0.011149934
32126,7266.377504,1,0,1,0,0,0,0.011118899
32128,7266.410816,1,0,1,0,0,0,0.011141216
32130,7266.44416,1,0,1,0,0,0,0.011082982
32132,7266.477504,1,0,1,0,0,0,0.011125176
32134,7266.510816,1,0,1,0,0,0,0.011152724
32136,7266.54416,1,0,1,0,0,0,0.011124827
32138,7266.577472,1,0,1,0,0,0,0.011094489
32140,7266.610816,1,0,1,0,0,0,0.011139821
32142,7266.64416,1,0,1,0,0,0,0.01111053
32144,7266.677472,1,0,1,0,0,0,0.011138775
32146,7266.710816,1,0,1,0,0,0,0.011133893
32148,7266.74416,1,0,1,0,0,0,0.011112971
32150,7266.777472,1,0,1,0,0,0,0.011136334
32152,7266.810816,1,0,1,0,0,0,0.011177133
32154,7266.84416,1,0,1,0,0,0,0.011149934
32156,7266.877472,1,0,1,0,0,0,0.011203984
32158,7266.910816,1,0,1,0,0,0,0.01113215
32160,7266.944128,1,0,1,0,0,0,0.011151677
32162,7266.977472,1,0,1,0,0,0,0.01112134
32164,7267.010816,1,0,1,0,0,0,0.011161093
32166,7267.044128,1,0,1,0,0,0,0.011126222
32168,7267.077472,1,0,1,0,0,0,0.011131104
32170,7267.110816,1,0,1,0,0,0,0.01114017
32172,7267.144128,1,0,1,0,0,0,0.011107392
32174,7267.177472,1,0,1,0,0,0,0.011142262
32176,7267.210784,1,0,1,0,0,0,0.011074962
32178,7267.244128,1,0,1,0,0,0,0.011138427
32180,7267.277472,1,0,1,0,0,0,0.011134591
32182,7267.310784,1,0,1,0,0,0,0.011157605
32184,7267.344128,1,0,1,0,0,0,0.011099023
32186,7267.377472,1,0,1,0,0,0,0.011185851
32188,7267.410784,1,0,1,0,0,0,0.011173995
32190,7267.444128,1,0,1,0,0,0,0.011133196
32192,7267.477472,1,0,1,0,0,0,0.011085074
32194,7267.510784,1,0,1,0,0,0,0.011132847
32196,7267.544128,1,0,1,0,0,0,0.011100417
32198,7267.577472,1,0,1,0,0,0,0.011060316
32200,7267.610784,1,0,1,0,0,0,0.011102858
32202,7267.644128,1,0,1,0,0,0,0.011102161
32204,7267.677472,1,0,1,0,0,0,0.011133545
32206,7267.710784,1,0,1,0,0,0,0.011104253
32208,7267.744096,1,0,1,0,0,0,0.011108786
32210,7267.777472,1,0,1,0,0,0,0.011098674
32212,7267.810784,1,0,1,0,0,0,0.011074962
32214,7267.844096,1,0,1,0,0,0,0.011114714
32216,7267.877472,1,0,1,0,0,0,0.011096233
32218,7267.910784,1,0,1,0,0,0,0.01109972
32220,7267.944096,1,0,1,0,0,0,0.011109135
32222,7267.977472,1,0,1,0,0,0,0.011092746
32224,7268.010752,1,0,1,0,0,0,0.011100417
32226,7268.044096,1,0,1,0,0,0,0.011153072
32228,7268.077472,1,0,1,0,0,0,0.011116109
32230,7268.110752,1,0,1,0,0,0,0.011114366
32232,7268.144096,1,0,1,0,0,0,0.011135637
32234,7268.177472,1,0,1,0,0,0,0.011123432
32236,7268.210752,1,0,1,0,0,0,0.011132499
32238,7268.244096,1,0,1,0,0,0,0.011125524
32240,7268.277408,1,0,1,0,0,0,0.011120642
32242,7268.310752,1,0,1,0,0,0,0.011144355
32244,7268.344096,1,0,1,0,0,0,0.011153421
32246,7268.377408,1,0,1,0,0,0,0.011097628
32248,7268.410752,1,0,1,0,0,0,0.011135288
32250,7268.444064,1,0,1,0,0,0,0.011111227
32252,7268.477408,1,0,1,0,0,0,0.011112971
32254,7268.510752,1,0,1,0,0,0,0.011115063
32256,7268.544064,1,0,1,0,0,0,0.011122037
32258,7268.577408,1,0,1,0,0,0,0.011109484
32260,7268.610752,1,0,1,0,0,0,0.011168415
32262,7268.644064,1,0,1,0,0,0,0.011144355
32264,7268.677408,1,0,1,0,0,0,0.011130058
32266,7268.71072,1,0,1,0,0,0,0.011147842
32268,7268.744064,1,0,1,0,0,0,0.011103904
32270,7268.777408,1,0,1,0,0,0,0.011134591
32272,7268.81072,1,0,1,0,0,0,0.011119596
32274,7268.844064,1,0,1,0,0,0,0.011133196
32276,7268.877408,1,0,1,0,0,0,0.011094141
32278,7268.91072,1,0,1,0,0,0,0.011115412
32280,7268.944064,1,0,1,0,0,0,0.011115412
32282,7268.977408,1,0,1,0,0,0,0.011111925
32284,7269.01072,1,0,1,0,0,0,0.011101812
32286,7269.044064,1,0,1,0,0,0,0.011154118
32288,7269.077376,1,0,1,0,0,0,0.011139124
32290,7269.11072,1,0,1,0,0,0,0.011137032
32292,7269.144064,1,0,1,0,0,0,0.011087167
32294,7269.177376,1,0,1,0,0,0,0.011145401
32296,7269.21072,1,0,1,0,0,0,0.011145749
32298,7269.244064,1,0,1,0,0,0,0.011184107
32300,7269.277376,1,0,1,0,0,0,0.011161093
32302,7269.31072,1,0,1,0,0,0,0.011157954
32304,7269.344032,1,0,1,0,0,0,0.011109833
32306,7269.377376,1,0,1,0,0,0,0.01111053
32308,7269.41072,1,0,1,0,0,0,0.011147842
32310,7269.444032,1,0,1,0,0,0,0.011122037
32312,7269.477376,1,0,1,0,0,0,0.011148539
32314,7269.51072,1,0,1,0,0,0,0.011119248
32316,7269.544032,1,0,1,0,0,0,0.01116458
32318,7269.577376,1,0,1,0,0,0,0.011150283
32320,7269.610688,1,0,1,0,0,0,0.011127617
32322,7269.644032,1,0,1,0,0,0,0.011131104
32324,7269.677376,1,0,1,0,0,0,0.011122386
32326,7269.710688,1,0,1,0,0,0,0.011187943
32328,7269.744032,1,0,1,0,0,0,0.011149934
32330,7269.777376,1,0,1,0,0,0,0.011152026
32332,7269.810688,1,0,1,0,0,0,0.011164231
32334,7269.844032,1,0,1,0,0,0,0.01113215
32336,7269.877344,1,0,1,0,0,0,0.011168415
32338,7269.910688,1,0,1,0,0,0,0.011124827
32340,7269.944032,1,0,1,0,0,0,0.011159
32342,7269.977344,1,0,1,0,0,0,0.011123432
32344,7270.010688,1,0,1,0,0,0,0.011167369
32346,7270.044032,1,0,1,0,0,0,0.011155165
32348,7270.077344,1,0,1,0,0,0,0.01112413
32350,7270.110688,1,0,1,0,0,0,0.011140519
32352,7270.144,1,0,1,0,0,0,0.011144006
32354,7270.177344,1,0,1,0,0,0,0.011145749
32356,7270.210688,1,0,1,0,0,0,0.011142262
32358,7270.244,1,0,1,0,0,0,0.011125524
32360,7270.277344,1,0,1,0,0,0,0.011127965
32362,7270.310688,1,0,1,0,0,0,0.011154467
32364,7270.344,1,0,1,0,0,0,0.011168067
32366,7270.377344,1,0,1,0,0,0,0.011145749
32368,7270.410656,1,0,1,0,0,0,0.011176436
32370,7270.444,1,0,1,0,0,0,0.011159698
32372,7270.477344,1,0,1,0,0,0,0.011175041
32374,7270.510656,1,0,1,0,0,0,0.011149934
32376,7270.544,1,0,1,0,0,0,0.011151677
32378,7270.577312,1,0,1,0,0,0,0.011163882
32380,7270.610656,1,0,1,0,0,0,0.011176087
32382,7270.644,1,0,1,0,0,0,0.011104602
32384,7270.677312,1,0,1,0,0,0,0.011164928
32386,7270.710656,1,0,1,0,0,0,0.011144355
32388,7270.744,1,0,1,0,0,0,0.011152724
32390,7270.777312,1,0,1,0,0,0,0.011100417
32392,7270.810656,1,0,1,0,0,0,0.011122386
32394,7270.843968,1,0,1,0,0,0,0.01116981
32396,7270.877312,1,0,1,0,0,0,0.011134242
32398,7270.910656,1,0,1,0,0,0,0.011138427
32400,7270.943968,1,0,1,0,0,0,0.011126222
32402,7270.977312,1,0,1,0,0,0,0.011147842
32404,7271.010656,1,0,1,0,0,0,0.011153421
32406,7271.043968,1,0,1,0,0,0,0.011138775
32408,7271.077312,1,0,1,0,0,0,0.011139124
32410,7271.110656,1,0,1,0,0,0,0.011092746
32412,7271.143968,1,0,1,0,0,0,0.011100766
32414,7271.177312,1,0,1,0,0,0,0.011108786
32416,7271.210624,1,0,1,0,0,0,0.011108786
32418,7271.243968,1,0,1,0,0,0,0.011120642
32420,7271.277312,1,0,1,0,0,0,0.011074962
32422,7271.310624,1,0,1,0,0,0,0.011095187
32424,7271.343968,1,0,1,0,0,0,0.01107531
32426,7271.377312,1,0,1,0,0,0,0.011094838
32428,7271.410624,1,0,1,0,0,0,0.011095884
32430,7271.443968,1,0,1,0,0,0,0.011100069
32432,7271.47728,1,0,1,0,0,0,0.011075659
32434,7271.510624,1,0,1,0,0,0,0.01112657
32436,7271.543968,1,0,1,0,0,0,0.011136334
32438,7271.57728,1,0,1,0,0,0,0.011074613
32440,7271.610624,1,0,1,0,0,0,0.011092397
32442,7271.643968,1,0,1,0,0,0,0.011073218
32444,7271.67728,1,0,1,0,0,0,0.011104602
32446,7271.710624,1,0,1,0,0,0,0.011120991
32448,7271.743936,1,0,1,0,0,0,0.011133196
32450,7271.77728,1,0,1,0,0,0,0.011094489
32452,7271.810624,1,0,1,0,0,0,0.011084377
32454,7271.843936,1,0,1,0,0,0,0.011109135
32456,7271.87728,1,0,1,0,0,0,0.011095187
32458,7271.910624,1,0,1,0,0,0,0.011067988
32460,7271.943936,1,0,1,0,0,0,0.011116807
32462,7271.97728,1,0,1,0,0,0,0.01110774
32464,7272.010592,1,0,1,0,0,0,0.011054737
32466,7272.043936,1,0,1,0,0,0,0.011097976
32468,7272.07728,1,0,1,0,0,0,0.011059967
32470,7272.110592,1,0,1,0,0,0,0.011149237
32472,7272.143936,1,0,1,0,0,0,0.011077751
32474,7272.17728,1,0,1,0,0,0,0.011107392
32476,7272.210592,1,0,1,0,0,0,0.011072172
32478,7272.243936,1,0,1,0,0,0,0.01111332
32480,7272.277248,1,0,1,0,0,0,0.011134242
32482,7272.310592,1,0,1,0,0,0,0.011042532
32484,7272.343936,1,0,1,0,0,0,0.011118899
32486,7272.377248,1,0,1,0,0,0,0.011098674
32488,7272.410592,1,0,1,0,0,0,0.011115412
32490,7272.443904,1,0,1,0,0,0,0.011118202
32492,7272.477248,1,0,1,0,0,0,0.011102858
32494,7272.510592,1,0,1,0,0,0,0.011105997
32496,7272.543904,1,0,1,0,0,0,0.011126222
32498,7272.577248,1,0,1,0,0,0,0.011123083
32500,7272.610592,1,0,1,0,0,0,0.011140868
32502,7272.643904,1,0,1,0,0,0,0.011133545
32504,7272.677248,1,0,1,0,0,0,0.011150631
32506,7272.71056,1,0,1,0,0,0,0.011143308
32508,7272.743904,1,0,1,0,0,0,0.011175041
32510,7272.777248,1,0,1,0,0,0,0.011150283
32512,7272.81056,1,0,1,0,0,0,0.01114296
32514,7272.843904,1,0,1,0,0,0,0.011143308
32516,7272.877248,1,0,1,0,0,0,0.011148539
32518,7272.91056,1,0,1,0,0,0,0.011180272
32520,7272.943904,1,0,1,0,0,0,0.011137729
32522,7272.977216,1,0,1,0,0,0,0.011132847
32524,7273.01056,1,0,1,0,0,0,0.011148539
32526,7273.043904,1,0,1,0,0,0,0.011123083
32528,7273.077216,1,0,1,0,0,0,0.011141565
32530,7273.11056,1,0,1,0,0,0,0.011129709
32532,7273.143904,1,0,1,0,0,0,0.011170159
32534,7273.177216,1,0,1,0,0,0,0.011119248
32536,7273.21056,1,0,1,0,0,0,0.011120642
32538,7273.243904,1,0,1,0,0,0,0.011142262
32540,7273.277216,1,0,1,0,0,0,0.011133893
32542,7273.31056,1,0,1,0,0,0,0.011123432
32544,7273.343872,1,0,1,0,0,0,0.011095884
32546,7273.377216,1,0,1,0,0,0,0.011120991
32548,7273.41056,1,0,1,0,0,0,0.011176784
32550,7273.443872,1,0,1,0,0,0,0.011108089
32552,7273.477216,1,0,1,0,0,0,0.011139124
32554,7273.51056,1,0,1,0,0,0,0.01116179
32556,7273.543872,1,0,1,0,0,0,0.011146447
32558,7273.577216,1,0,1,0,0,0,0.011114714
32560,7273.610528,1,0,1,0,0,0,0.011153072
32562,7273.643872,1,0,1,0,0,0,0.011141565
32564,7273.677216,1,0,1,0,0,0,0.011104602
32566,7273.710528,1,0,1,0,0,0,0.01112657
32568,7273.743872,1,0,1,0,0,0,0.011127965
32570,7273.777216,1,0,1,0,0,0,0.011107043
32572,7273.810528,1,0,1,0,0,0,0.011177482
32574,7273.843872,1,0,1,0,0,0,0.01113738
32576,7273.877184,1,0,1,0,0,0,0.011166672
32578,7273.910528,1,0,1,0,0,0,0.011131801
32580,7273.943872,1,0,1,0,0,0,0.011141565
32582,7273.977184,1,0,1,0,0,0,0.011122735
32584,7274.010528,1,0,1,0,0,0,0.011140519
32586,7274.043872,1,0,1,0,0,0,0.011156908
32588,7274.077184,1,0,1,0,0,0,0.011135637
32590,7274.110528,1,0,1,0,0,0,0.011139124
32592,7274.14384,1,0,1,0,0,0,0.011117155
32594,7274.177184,1,0,1,0,0,0,0.011139124
32596,7274.210528,1,0,1,0,0,0,0.01111332
32598,7274.24384,1,0,1,0,0,0,0.011098674
32600,7274.277184,1,0,1,0,0,0,0.011128314
32602,7274.310528,1,0,1,0,0,0,0.011123432
32604,7274.34384,1,0,1,0,0,0,0.011163185
32606,7274.377184,1,0,1,0,0,0,0.01113738
32608,7274.410496,1,0,1,0,0,0,0.011137032
32610,7274.44384,1,0,1,0,0,0,0.011119945
32612,7274.477184,1,0,1,0,0,0,0.011112971
32614,7274.510496,1,0,1,0,0,0,0.0110781
32616,7274.54384,1,0,1,0,0,0,0.011116807
32618,7274.577152,1,0,1,0,0,0,0.011117155
32620,7274.610496,1,0,1,0,0,0,0.011071126
32622,7274.64384,1,0,1,0,0,0,0.011094141
32624,7274.677152,1,0,1,0,0,0,0.011095884
32626,7274.710496,1,0,1,0,0,0,0.011108786
32628,7274.74384,1,0,1,0,0,0,0.011119248
32630,7274.777152,1,0,1,0,0,0,0.011097628
32632,7274.810496,1,0,1,0,0,0,0.011110181
32634,7274.84384,1,0,1,0,0,0,0.011085074
32636,7274.877152,1,0,1,0,0,0,0.011118202
32638,7274.910496,1,0,1,0,0,0,0.011099371
32640,7274.943808,1,0,1,0,0,0,0.011092397
32642,7274.977152,1,0,1,0,0,0,0.011103207
32644,7275.010496,1,0,1,0,0,0,0.011112622
32646,7275.043808,1,0,1,0,0,0,0.011098325
32648,7275.077152,1,0,1,0,0,0,0.011072521
32650,7275.110496,1,0,1,0,0,0,0.01105648
32652,7275.143808,1,0,1,0,0,0,0.011097279
32654,7275.177152,1,0,1,0,0,0,0.011061711
32656,7275.210464,1,0,1,0,0,0,0.011095535
32658,7275.243808,1,0,1,0,0,0,0.011043229
32660,7275.277152,1,0,1,0,0,0,0.011061362
32662,7275.310464,1,0,1,0,0,0,0.011067639
32664,7275.343808,1,0,1,0,0,0,0.011039045
32666,7275.377152,1,0,1,0,0,0,0.01107531
32668,7275.410464,1,0,1,0,0,0,0.011095187
32670,7275.443808,1,0,1,0,0,0,0.011052993
32672,7275.47712,1,0,1,0,0,0,0.011066941
32674,7275.510464,1,0,1,0,0,0,0.01104567
32676,7275.543808,1,0,1,0,0,0,0.011097628
32678,7275.57712,1,0,1,0,0,0,0.011001036
32680,7275.610464,1,0,1,0,0,0,0.011012543
32682,7275.643808,1,0,1,0,0,0,0.011037999
32684,7275.67712,1,0,1,0,0,0,0.011046368
32686,7275.710464,1,0,1,0,0,0,0.011024748
32688,7275.743776,1,0,1,0,0,0,0.01098918
32690,7275.77712,1,0,1,0,0,0,0.011016728
32692,7275.810464,1,0,1,0,0,0,0.011024748
32694,7275.843776,1,0,1,0,0,0,0.011002082
32696,7275.87712,1,0,1,0,0,0,0.011042532
32698,7275.910464,1,0,1,0,0,0,0.011033117
32700,7275.943776,1,0,1,0,0,0,0.011033465
32702,7275.97712,1,0,1,0,0,0,0.011076008
32704,7276.010432,1,0,1,0,0,0,0.011049157
32706,7276.043776,1,0,1,0,0,0,0.011068336
32708,7276.07712,1,0,1,0,0,0,0.011048111
32710,7276.110432,1,0,1,0,0,0,0.011079844
32712,7276.143776,1,0,1,0,0,0,0.011053342
32714,7276.177088,1,0,1,0,0,0,0.011095535
32716,7276.210432,1,0,1,0,0,0,0.011069731
32718,7276.243776,1,0,1,0,0,0,0.011120294
32720,7276.277088,1,0,1,0,0,0,0.011085074
32722,7276.310432,1,0,1,0,0,0,0.011051598
32724,7276.343776,1,0,1,0,0,0,0.011086469
32726,7276.377088,1,0,1,0,0,0,0.011048111
32728,7276.410432,1,0,1,0,0,0,0.011033814
32730,7276.443744,1,0,1,0,0,0,0.011009753
32732,7276.477088,1,0,1,0,0,0,0.011011148
32734,7276.510432,1,0,1,0,0,0,0.010978021
32736,7276.543744,1,0,1,0,0,0,0.010880034
32738,7276.577088,1,0,1,0,0,0,0.010846209
32740,7276.610432,1,0,1,0,0,0,0.010903746
32742,7276.643744,1,0,1,0,0,0,0.010881429
32744,7276.677088,1,0,1,0,0,0,0.010868178
32746,7276.7104,1,0,1,0,0,0,0.010919089
32748,7276.743744,1,0,1,0,0,0,0.010899213
32750,7276.777088,1,0,1,0,0,0,0.01088108
32752,7276.8104,1,0,1,0,0,0,0.01088387
32754,7276.843744,1,0,1,0,0,0,0.010946986
32756,7276.877088,1,0,1,0,0,0,0.010929202
32758,7276.9104,1,0,1,0,0,0,0.01091072
32760,7276.943744,1,0,1,0,0,0,0.010956401
32762,7276.977088,1,0,1,0,0,0,0.010984646
32764,7277.0104,1,0,1,0,0,0,0.010931992
32766,7277.043744,1,0,1,0,0,0,0.010955355
32768,7277.077056,1,0,1,0,0,0,0.010950473
32770,7277.1104,1,0,1,0,0,0,0.01094036
32772,7277.143744,1,0,1,0,0,0,0.010938966
32774,7277.177056,1,0,1,0,0,0,0.010939663
32776,7277.2104,1,0,1,0,0,0,0.010959191
32778,7277.243712,1,0,1,0,0,0,0.010912464
32780,7277.277056,1,0,1,0,0,0,0.010903397
32782,7277.3104,1,0,1,0,0,0,0.010864691
32784,7277.343712,1,0,1,0,0,0,0.010846907
32786,7277.377056,1,0,1,0,0,0,0.01083784
32788,7277.4104,1,0,1,0,0,0,0.010797042
32790,7277.443712,1,0,1,0,0,0,0.010822497
32792,7277.477056,1,0,1,0,0,0,0.010871665
32794,7277.5104,1,0,1,0,0,0,0.010896423
32796,7277.543712,1,0,1,0,0,0,0.010944894
32798,7277.577056,1,0,1,0,0,0,0.010978021
32800,7277.610368,1,0,1,0,0,0,0.010970698
32802,7277.643712,1,0,1,0,0,0,0.010974883
32804,7277.677056,1,0,1,0,0,0,0.010992318
32806,7277.710368,1,0,1,0,0,0,0.010989877
32808,7277.743712,1,0,1,0,0,0,0.011011148
32810,7277.777056,1,0,1,0,0,0,0.01100522
32812,7277.810368,1,0,1,0,0,0,0.011021958
32814,7277.843712,1,0,1,0,0,0,0.01101324
32816,7277.877024,1,0,1,0,0,0,0.011043229
32818,7277.910368,1,0,1,0,0,0,0.011028932
32820,7277.94368,1,0,1,0,0,0,0.011039394
32822,7277.977024,1,0,1,0,0,0,0.011013938
32824,7278.010368,1,0,1,0,0,0,0.011024399
32826,7278.04368,1,0,1,0,0,0,0.011048809
32828,7278.077024,1,0,1,0,0,0,0.010996851
32830,7278.110368,1,0,1,0,0,0,0.011032419
32832,7278.14368,1,0,1,0,0,0,0.011038347
32834,7278.177024,1,0,1,0,0,0,0.011009056
32836,7278.210368,1,0,1,0,0,0,0.011051598
32838,7278.24368,1,0,1,0,0,0,0.011020563
32840,7278.277024,1,0,1,0,0,0,0.01100522
32842,7278.310336,1,0,1,0,0,0,0.011019866
32844,7278.34368,1,0,1,0,0,0,0.011001384
32846,7278.377024,1,0,1,0,0,0,0.010997897
32848,7278.410336,1,0,1,0,0,0,0.010942104
32850,7278.44368,1,0,1,0,0,0,0.010974185
32852,7278.477024,1,0,1,0,0,0,0.010976277
32854,7278.510336,1,0,1,0,0,0,0.011078449
32856,7278.54368,1,0,1,0,0,0,0.011036255
32858,7278.576992,1,0,1,0,0,0,0.011046368
32860,7278.610336,1,0,1,0,0,0,0.011068336
32862,7278.64368,1,0,1,0,0,0,0.011085423
32864,7278.676992,1,0,1,0,0,0,0.011083679
32866,7278.710336,1,0,1,0,0,0,0.011046019
32868,7278.74368,1,0,1,0,0,0,0.011036255
32870,7278.776992,1,0,1,0,0,0,0.011028932
32872,7278.810336,1,0,1,0,0,0,0.011086469
32874,7278.84368,1,0,1,0,0,0,0.011056829
32876,7278.876992,1,0,1,0,0,0,0.011060665
32878,7278.910336,1,0,1,0,0,0,0.011039394
32880,7278.943648,1,0,1,0,0,0,0.011081238
32882,7278.976992,1,0,1,0,0,0,0.011054388
32884,7279.010336,1,0,1,0,0,0,0.011081936
32886,7279.043648,1,0,1,0,0,0,0.011031025
32888,7279.076992,1,0,1,0,0,0,0.011056829
32890,7279.110336,1,0,1,0,0,0,0.011058572
32892,7279.143648,1,0,1,0,0,0,0.011057875
32894,7279.176992,1,0,1,0,0,0,0.011050552
32896,7279.210304,1,0,1,0,0,0,0.011071126
32898,7279.243648,1,0,1,0,0,0,0.01106206
32900,7279.276992,1,0,1,0,0,0,0.011054737
32902,7279.310304,1,0,1,0,0,0,0.01107531
32904,7279.343648,1,0,1,0,0,0,0.011066593
32906,7279.376992,1,0,1,0,0,0,0.011106694
32908,7279.410304,1,0,1,0,0,0,0.011077751
32910,7279.443648,1,0,1,0,0,0,0.011089259
32912,7279.47696,1,0,1,0,0,0,0.011072521
32914,7279.510304,1,0,1,0,0,0,0.011031025
32916,7279.543648,1,0,1,0,0,0,0.011062408
32918,7279.57696,1,0,1,0,0,0,0.011096582
32920,7279.610304,1,0,1,0,0,0,0.011057875
32922,7279.643648,1,0,1,0,0,0,0.011088213
32924,7279.67696,1,0,1,0,0,0,0.011052644
32926,7279.710304,1,0,1,0,0,0,0.01108612
32928,7279.743616,1,0,1,0,0,0,0.011049157
32930,7279.77696,1,0,1,0,0,0,0.011073916
32932,7279.810304,1,0,1,0,0,0,0.011094838
32934,7279.843616,1,0,1,0,0,0,0.011093443
32936,7279.87696,1,0,1,0,0,0,0.011051947
32938,7279.910272,1,0,1,0,0,0,0.011072869
32940,7279.943616,1,0,1,0,0,0,0.011061362
32942,7279.97696,1,0,1,0,0,0,0.011102161
32944,7280.010272,1,0,1,0,0,0,0.011074962
32946,7280.043616,1,0,1,0,0,0,0.01107531
32948,7280.07696,1,0,1,0,0,0,0.011067639
32950,7280.110272,1,0,1,0,0,0,0.011085074
32952,7280.143616,1,0,1,0,0,0,0.011122386
32954,7280.17696,1,0,1,0,0,0,0.011057526
32956,7280.210272,1,0,1,0,0,0,0.011063106
32958,7280.243616,1,0,1,0,0,0,0.011084377
32960,7280.276928,1,0,1,0,0,0,0.011100417
32962,7280.310272,1,0,1,0,0,0,0.011100417
32964,7280.343616,1,0,1,0,0,0,0.011102858
32966,7280.376928,1,0,1,0,0,0,0.011108786
32968,7280.410272,1,0,1,0,0,0,0.011070429
32970,7280.443584,1,0,1,0,0,0,0.01109972
32972,7280.476928,1,0,1,0,0,0,0.011117504
32974,7280.510272,1,0,1,0,0,0,0.011099371
32976,7280.543584,1,0,1,0,0,0,0.011118899
32978,7280.576928,1,0,1,0,0,0,0.011129709
32980,7280.610272,1,0,1,0,0,0,0.011111925
32982,7280.643584,1,0,1,0,0,0,0.011104951
32984,7280.676928,1,0,1,0,0,0,0.011118899
32986,7280.710272,1,0,1,0,0,0,0.011120991
32988,7280.743584,1,0,1,0,0,0,0.01110251
32990,7280.776928,1,0,1,0,0,0,0.011088213
32992,7280.81024,1,0,1,0,0,0,0.011148888
32994,7280.843584,1,0,1,0,0,0,0.011119945
32996,7280.876928,1,0,1,0,0,0,0.011129709
32998,7280.91024,1,0,1,0,0,0,0.011133545
33000,7280.943584,1,0,1,0,0,0,0.011149934
33002,7280.976928,1,0,1,0,0,0,0.011107392
33004,7281.01024,1,0,1,0,0,0,0.011099371
33006,7281.043584,1,0,1,0,0,0,0.011146447
33008,7281.076896,1,0,1,0,0,0,0.011159
33010,7281.11024,1,0,1,0,0,0,0.011160744
33012,7281.143552,1,0,1,0,0,0,0.011110181
33014,7281.176896,1,0,1,0,0,0,0.011142262
33016,7281.21024,1,0,1,0,0,0,0.011115063
33018,7281.243552,1,0,1,0,0,0,0.011159
33020,7281.276896,1,0,1,0,0,0,0.011164231
33022,7281.31024,1,0,1,0,0,0,0.011143308
33024,7281.343552,1,0,1,0,0,0,0.011112273
33026,7281.376896,1,0,1,0,0,0,0.011195963
33028,7281.41024,1,0,1,0,0,0,0.011102858
33030,7281.443552,1,0,1,0,0,0,0.0110645
33032,7281.476896,1,0,1,0,0,0,0.011160744
33034,7281.510208,1,0,1,0,0,0,0.01108891
33036,7281.543552,1,0,1,0,0,0,0.011112971
33038,7281.576896,1,0,1,0,0,0,0.011089259
33040,7281.610208,1,0,1,0,0,0,0.011101115
33042,7281.643552,1,0,1,0,0,0,0.011121689
33044,7281.676896,1,0,1,0,0,0,0.011092397
33046,7281.710208,1,0,1,0,0,0,0.011114714
33048,7281.743552,1,0,1,0,0,0,0.011094141
33050,7281.776896,1,0,1,0,0,0,0.01108089
33052,7281.810208,1,0,1,0,0,0,0.011121689
33054,7281.843552,1,0,1,0,0,0,0.011103556
33056,7281.876864,1,0,1,0,0,0,0.011097976
33058,7281.910208,1,0,1,0,0,0,0.011125524
33060,7281.943552,1,0,1,0,0,0,0.011096582
33062,7281.976864,1,0,1,0,0,0,0.011104602
33064,7282.010208,1,0,1,0,0,0,0.011128314
33066,7282.04352,1,0,1,0,0,0,0.011116109
33068,7282.076864,1,0,1,0,0,0,0.011121689
33070,7282.110208,1,0,1,0,0,0,0.011069382
33072,7282.14352,1,0,1,0,0,0,0.011085772
33074,7282.176864,1,0,1,0,0,0,0.011099023
33076,7282.210208,1,0,1,0,0,0,0.011074962
33078,7282.24352,1,0,1,0,0,0,0.011088561
33080,7282.276864,1,0,1,0,0,0,0.01108089
33082,7282.310208,1,0,1,0,0,0,0.011104253
33084,7282.34352,1,0,1,0,0,0,0.011096582
33086,7282.376864,1,0,1,0,0,0,0.011054039
33088,7282.410176,1,0,1,0,0,0,0.011100766
33090,7282.44352,1,0,1,0,0,0,0.011100069
33092,7282.476864,1,0,1,0,0,0,0.011093792
33094,7282.510176,1,0,1,0,0,0,0.011082285
33096,7282.54352,1,0,1,0,0,0,0.011095187
33098,7282.576864,1,0,1,0,0,0,0.011112273
33100,7282.610176,1,0,1,0,0,0,0.011117853
33102,7282.64352,1,0,1,0,0,0,0.0110781
33104,7282.676832,1,0,1,0,0,0,0.011097976
33106,7282.710176,1,0,1,0,0,0,0.011084377
33108,7282.74352,1,0,1,0,0,0,0.011116109
33110,7282.776832,1,0,1,0,0,0,0.011156211
33112,7282.810176,1,0,1,0,0,0,0.011090305
33114,7282.843488,1,0,1,0,0,0,0.011110879
33116,7282.876832,1,0,1,0,0,0,0.01110774
33118,7282.910176,1,0,1,0,0,0,0.011116458
33120,7282.943488,1,0,1,0,0,0,0.011088561
33122,7282.976832,1,0,1,0,0,0,0.011093095
33124,7283.010176,1,0,1,0,0,0,0.011078798
33126,7283.043488,1,0,1,0,0,0,0.011076357
33128,7283.076832,1,0,1,0,0,0,0.011087864
33130,7283.110176,1,0,1,0,0,0,0.011084377
33132,7283.143488,1,0,1,0,0,0,0.011101812
33134,7283.176832,1,0,1,0,0,0,0.011082285
33136,7283.210144,1,0,1,0,0,0,0.011073916
33138,7283.243488,1,0,1,0,0,0,0.011109484
33140,7283.276832,1,0,1,0,0,0,0.011109833
33142,7283.310144,1,0,1,0,0,0,0.01108891
33144,7283.343488,1,0,1,0,0,0,0.011074962
33146,7283.376832,1,0,1,0,0,0,0.011110879
33148,7283.410144,1,0,1,0,0,0,0.011106345
33150,7283.443488,1,0,1,0,0,0,0.01113738
33152,7283.4768,1,0,1,0,0,0,0.011132847
33154,7283.510144,1,0,1,0,0,0,0.011128663
33156,7283.543488,1,0,1,0,0,0,0.011116109
33158,7283.5768,1,0,1,0,0,0,0.011119248
33160,7283.610144,1,0,1,0,0,0,0.011111925
33162,7283.643488,1,0,1,0,0,0,0.011120642
33164,7283.6768,1,0,1,0,0,0,0.011109135
33166,7283.710144,1,0,1,0,0,0,0.011180969
33168,7283.743488,1,0,1,0,0,0,0.011109135
33170,7283.7768,1,0,1,0,0,0,0.011109833
33172,7283.810144,1,0,1,0,0,0,0.011112971
33174,7283.843488,1,0,1,0,0,0,0.011118899
33176,7283.8768,1,0,1,0,0,0,0.011066593
33178,7283.910112,1,0,1,0,0,0,0.011112971
33180,7283.943488,1,0,1,0,0,0,0.01109693
33182,7283.9768,1,0,1,0,0,0,0.01111855
33184,7284.010112,1,0,1,0,0,0,0.01111053
33186,7284.043488,1,0,1,0,0,0,0.011123432
33188,7284.0768,1,0,1,0,0,0,0.011116109
33190,7284.110112,1,0,1,0,0,0,0.011131104
33192,7284.143488,1,0,1,0,0,0,0.011122037
33194,7284.176768,1,0,1,0,0,0,0.011125873
33196,7284.210112,1,0,1,0,0,0,0.011135637
33198,7284.243488,1,0,1,0,0,0,0.011127965
33200,7284.276768,1,0,1,0,0,0,0.011138078
33202,7284.310112,1,0,1,0,0,0,0.011109135
33204,7284.343488,1,0,1,0,0,0,0.011103207
33206,7284.376768,1,0,1,0,0,0,0.011171554
33208,7284.410112,1,0,1,0,0,0,0.011095884
33210,7284.443488,1,0,1,0,0,0,0.011093095
33212,7284.476768,1,0,1,0,0,0,0.011094489
33214,7284.510112,1,0,1,0,0,0,0.011116109
33216,7284.543488,1,0,1,0,0,0,0.011127965
33218,7284.576768,1,0,1,0,0,0,0.011093095
33220,7284.610112,1,0,1,0,0,0,0.011099371
33222,7284.643488,1,0,1,0,0,0,0.011120642
33224,7284.676768,1,0,1,0,0,0,0.01111053
33226,7284.710112,1,0,1,0,0,0,0.011098325
33228,7284.743488,1,0,1,0,0,0,0.01108089
33230,7284.776768,1,0,1,0,0,0,0.011108438
33232,7284.81008,1,0,1,0,0,0,0.011076357
33234,7284.843488,1,0,1,0,0,0,0.011058572
33236,7284.876768,1,0,1,0,0,0,0.011079844
33238,7284.91008,1,0,1,0,0,0,0.011079495
33240,7284.943424,1,0,1,0,0,0,0.011064849
33242,7284.976768,1,0,1,0,0,0,0.011112971
33244,7285.01008,1,0,1,0,0,0,0.011058572
33246,7285.043424,1,0,1,0,0,0,0.011088561
33248,7285.076736,1,0,1,0,0,0,0.011092048
33250,7285.11008,1,0,1,0,0,0,0.011107392
33252,7285.143424,1,0,1,0,0,0,0.011119596
33254,7285.176736,1,0,1,0,0,0,0.011084377
33256,7285.21008,1,0,1,0,0,0,0.011078449
33258,7285.243392,1,0,1,0,0,0,0.011107392
33260,7285.276736,1,0,1,0,0,0,0.011087515
33262,7285.31008,1,0,1,0,0,0,0.011090305
33264,7285.343392,1,0,1,0,0,0,0.01110251
33266,7285.376736,1,0,1,0,0,0,0.0110645
33268,7285.41008,1,0,1,0,0,0,0.011057526
33270,7285.443392,1,0,1,0,0,0,0.011085074
33272,7285.476736,1,0,1,0,0,0,0.011090654
33274,7285.510048,1,0,1,0,0,0,0.011103904
33276,7285.543392,1,0,1,0,0,0,0.01107531
33278,7285.576736,1,0,1,0,0,0,0.011089259
33280,7285.610048,1,0,1,0,0,0,0.01104567
33282,7285.643392,1,0,1,0,0,0,0.011093095
33284,7285.676736,1,0,1,0,0,0,0.011077403
33286,7285.710048,1,0,1,0,0,0,0.011103556
33288,7285.743392,1,0,1,0,0,0,0.011090305
33290,7285.776736,1,0,1,0,0,0,0.01109972
33292,7285.810048,1,0,1,0,0,0,0.011087864
33294,7285.843392,1,0,1,0,0,0,0.011053691
33296,7285.876704,1,0,1,0,0,0,0.011127965
33298,7285.910048,1,0,1,0,0,0,0.011104602
33300,7285.943392,1,0,1,0,0,0,0.011095187
33302,7285.976704,1,0,1,0,0,0,0.011050552
33304,7286.010048,1,0,1,0,0,0,0.01112413
33306,7286.043392,1,0,1,0,0,0,0.011115761
33308,7286.076704,1,0,1,0,0,0,0.011128663
33310,7286.110048,1,0,1,0,0,0,0.011096582
33312,7286.14336,1,0,1,0,0,0,0.011106694
33314,7286.176704,1,0,1,0,0,0,0.01109972
33316,7286.210048,1,0,1,0,0,0,0.011094838
33318,7286.24336,1,0,1,0,0,0,0.011100766
33320,7286.276704,1,0,1,0,0,0,0.011084377
33322,7286.310048,1,0,1,0,0,0,0.011139473
33324,7286.34336,1,0,1,0,0,0,0.011073218
33326,7286.376704,1,0,1,0,0,0,0.011118202
33328,7286.410016,1,0,1,0,0,0,0.011086818
33330,7286.44336,1,0,1,0,0,0,0.011134242
33332,7286.476704,1,0,1,0,0,0,0.011119248
33334,7286.510016,1,0,1,0,0,0,0.011108089
33336,7286.54336,1,0,1,0,0,0,0.011100069
33338,7286.576672,1,0,1,0,0,0,0.011127965
33340,7286.610016,1,0,1,0,0,0,0.011144355
33342,7286.64336,1,0,1,0,0,0,0.011147144
33344,7286.676672,1,0,1,0,0,0,0.011117853
33346,7286.710016,1,0,1,0,0,0,0.011092397
33348,7286.74336,1,0,1,0,0,0,0.011117155
33350,7286.776672,1,0,1,0,0,0,0.011081587
33352,7286.810016,1,0,1,0,0,0,0.011103207
33354,7286.843328,1,0,1,0,0,0,0.011103904
33356,7286.876672,1,0,1,0,0,0,0.011080541
33358,7286.910016,1,0,1,0,0,0,0.011050552
33360,7286.943328,1,0,1,0,0,0,0.011071823
33362,7286.976672,1,0,1,0,0,0,0.011062757
33364,7287.010016,1,0,1,0,0,0,0.011100766
33366,7287.043328,1,0,1,0,0,0,0.011091351
33368,7287.076672,1,0,1,0,0,0,0.0110917
33370,7287.110016,1,0,1,0,0,0,0.011038696
33372,7287.143328,1,0,1,0,0,0,0.011087167
33374,7287.176672,1,0,1,0,0,0,0.01103486
33376,7287.209984,1,0,1,0,0,0,0.011094489
33378,7287.243328,1,0,1,0,0,0,0.011067988
33380,7287.276672,1,0,1,0,0,0,0.011086469
33382,7287.309984,1,0,1,0,0,0,0.011062757
33384,7287.343328,1,0,1,0,0,0,0.011111227
33386,7287.376672,1,0,1,0,0,0,0.011077751
33388,7287.409984,1,0,1,0,0,0,0.011094141
33390,7287.443328,1,0,1,0,0,0,0.011092048
33392,7287.47664,1,0,1,0,0,0,0.011091351
33394,7287.509984,1,0,1,0,0,0,0.011090654
33396,7287.543328,1,0,1,0,0,0,0.011104602
33398,7287.57664,1,0,1,0,0,0,0.011058572
33400,7287.609984,1,0,1,0,0,0,0.01108089
33402,7287.643328,1,0,1,0,0,0,0.011071823
33404,7287.67664,1,0,1,0,0,0,0.011070777
33406,7287.709984,1,0,1,0,0,0,0.01111053
33408,7287.743296,1,0,1,0,0,0,0.011097628
33410,7287.77664,1,0,1,0,0,0,0.011110879
33412,7287.809984,1,0,1,0,0,0,0.01110251
33414,7287.843296,1,0,1,0,0,0,0.011116807
33416,7287.87664,1,0,1,0,0,0,0.011105648
33418,7287.909952,1,0,1,0,0,0,0.011125524
33420,7287.943296,1,0,1,0,0,0,0.011114017
33422,7287.97664,1,0,1,0,0,0,0.011134939
33424,7288.009952,1,0,1,0,0,0,0.011098674
33426,7288.043296,1,0,1,0,0,0,0.011118899
33428,7288.07664,1,0,1,0,0,0,0.011078798
33430,7288.109952,1,0,1,0,0,0,0.011142262
33432,7288.143296,1,0,1,0,0,0,0.011119248
33434,7288.176608,1,0,1,0,0,0,0.011086469
33436,7288.209952,1,0,1,0,0,0,0.011103207
33438,7288.243296,1,0,1,0,0,0,0.011131452
33440,7288.276608,1,0,1,0,0,0,0.011050552
33442,7288.309952,1,0,1,0,0,0,0.011066244
33444,7288.343296,1,0,1,0,0,0,0.011100766
33446,7288.376608,1,0,1,0,0,0,0.011061362
33448,7288.409952,1,0,1,0,0,0,0.011122037
33450,7288.443296,1,0,1,0,0,0,0.011098674
33452,7288.476608,1,0,1,0,0,0,0.011078449
33454,7288.509952,1,0,1,0,0,0,0.011059967
33456,7288.543264,1,0,1,0,0,0,0.011124478
33458,7288.576608,1,0,1,0,0,0,0.011103904
33460,7288.609952,1,0,1,0,0,0,0.011075659
33462,7288.643264,1,0,1,0,0,0,0.011104253
33464,7288.676608,1,0,1,0,0,0,0.011113668
33466,7288.709952,1,0,1,0,0,0,0.011083679
33468,7288.743264,1,0,1,0,0,0,0.011094141
33470,7288.776608,1,0,1,0,0,0,0.011069382
33472,7288.809952,1,0,1,0,0,0,0.011102858
33474,7288.843264,1,0,1,0,0,0,0.011092746
33476,7288.876608,1,0,1,0,0,0,0.011057875
33478,7288.90992,1,0,1,0,0,0,0.011043927
33480,7288.943264,1,0,1,0,0,0,0.011090654
33482,7288.976608,1,0,1,0,0,0,0.011109484
33484,7289.00992,1,0,1,0,0,0,0.011100069
33486,7289.043264,1,0,1,0,0,0,0.011081587
33488,7289.076576,1,0,1,0,0,0,0.0110781
33490,7289.10992,1,0,1,0,0,0,0.011039394
33492,7289.143264,1,0,1,0,0,0,0.011100766
33494,7289.176576,1,0,1,0,0,0,0.011076008
33496,7289.20992,1,0,1,0,0,0,0.011063454
33498,7289.243232,1,0,1,0,0,0,0.011110181
33500,7289.276576,1,0,1,0,0,0,0.011079146
33502,7289.30992,1,0,1,0,0,0,0.011104951
33504,7289.343232,1,0,1,0,0,0,0.011089259
33506,7289.376576,1,0,1,0,0,0,0.011093443
33508,7289.40992,1,0,1,0,0,0,0.011054039
33510,7289.443232,1,0,1,0,0,0,0.011094838
33512,7289.476576,1,0,1,0,0,0,0.011044973
33514,7289.509888,1,0,1,0,0,0,0.011096233
33516,7289.543232,1,0,1,0,0,0,0.011033465
33518,7289.576576,1,0,1,0,0,0,0.011114714
33520,7289.609888,1,0,1,0,0,0,0.011052644
33522,7289.643232,1,0,1,0,0,0,0.011055783
33524,7289.676576,1,0,1,0,0,0,0.01102684
33526,7289.709888,1,0,1,0,0,0,0.0110645
33528,7289.743232,1,0,1,0,0,0,0.011027189
33530,7289.776576,1,0,1,0,0,0,0.01103765
33532,7289.809888,1,0,1,0,0,0,0.011021609
33534,7289.843232,1,0,1,0,0,0,0.011031025
33536,7289.876544,1,0,1,0,0,0,0.011019517
33538,7289.909888,1,0,1,0,0,0,0.01102405
33540,7289.943232,1,0,1,0,0,0,0.011032419
33542,7289.976544,1,0,1,0,0,0,0.011017425
33544,7290.009888,1,0,1,0,0,0,0.011073916
33546,7290.043232,1,0,1,0,0,0,0.011035558
33548,7290.076544,1,0,1,0,0,0,0.011050901
33550,7290.109888,1,0,1,0,0,0,0.011072172
33552,7290.1432,1,0,1,0,0,0,0.011065198
33554,7290.176544,1,0,1,0,0,0,0.011088561
33556,7290.209888,1,0,1,0,0,0,0.011081238
33558,7290.2432,1,0,1,0,0,0,0.011072172
33560,7290.276544,1,0,1,0,0,0,0.01107531
33562,7290.309888,1,0,1,0,0,0,0.011061711
33564,7290.3432,1,0,1,0,0,0,0.011070777
33566,7290.376544,1,0,1,0,0,0,0.011057875
33568,7290.409856,1,0,1,0,0,0,0.011077054
33570,7290.4432,1,0,1,0,0,0,0.011047065
33572,7290.476544,1,0,1,0,0,0,0.011058921
33574,7290.509856,1,0,1,0,0,0,0.011057178
33576,7290.5432,1,0,1,0,0,0,0.01113215
33578,7290.576512,1,0,1,0,0,0,0.011102161
33580,7290.609856,1,0,1,0,0,0,0.01106729
33582,7290.6432,1,0,1,0,0,0,0.011090654
33584,7290.676512,1,0,1,0,0,0,0.011055434
33586,7290.709856,1,0,1,0,0,0,0.011092397
33588,7290.7432,1,0,1,0,0,0,0.011101464
33590,7290.776512,1,0,1,0,0,0,0.011062757
33592,7290.809856,1,0,1,0,0,0,0.011095187
33594,7290.843168,1,0,1,0,0,0,0.011067639
33596,7290.876512,1,0,1,0,0,0,0.011095884
33598,7290.909856,1,0,1,0,0,0,0.011058572
33600,7290.943168,1,0,1,0,0,0,0.011114714
33602,7290.976512,1,0,1,0,0,0,0.011066244
33604,7291.009856,1,0,1,0,0,0,0.011095187
33606,7291.043168,1,0,1,0,0,0,0.011080541
33608,7291.076512,1,0,1,0,0,0,0.011119945
33610,7291.109856,1,0,1,0,0,0,0.011077054
33612,7291.143168,1,0,1,0,0,0,0.011092397
33614,7291.176512,1,0,1,0,0,0,0.011020215
33616,7291.209824,1,0,1,0,0,0,0.01105648
33618,7291.243168,1,0,1,0,0,0,0.011038696
33620,7291.276512,1,0,1,0,0,0,0.0110645
33622,7291.309824,1,0,1,0,0,0,0.011072869
33624,7291.343168,1,0,1,0,0,0,0.011087864
33626,7291.376512,1,0,1,0,0,0,0.011078449
33628,7291.409824,1,0,1,0,0,0,0.011079495
33630,7291.443168,1,0,1,0,0,0,0.011072172
33632,7291.47648,1,0,1,0,0,0,0.01112134
33634,7291.509824,1,0,1,0,0,0,0.011062757
33636,7291.543168,1,0,1,0,0,0,0.011086469
33638,7291.57648,1,0,1,0,0,0,0.011072869
33640,7291.609824,1,0,1,0,0,0,0.011092746
33642,7291.643168,1,0,1,0,0,0,0.011061711
33644,7291.67648,1,0,1,0,0,0,0.011104951
33646,7291.709824,1,0,1,0,0,0,0.011101812
33648,7291.743136,1,0,1,0,0,0,0.011118899
33650,7291.77648,1,0,1,0,0,0,0.011092746
33652,7291.809824,1,0,1,0,0,0,0.011055783
33654,7291.843136,1,0,1,0,0,0,0.011018122
33656,7291.87648,1,0,1,0,0,0,0.011074613
33658,7291.909792,1,0,1,0,0,0,0.011080541
33660,7291.943136,1,0,1,0,0,0,0.011069731
33662,7291.97648,1,0,1,0,0,0,0.011083679
33664,7292.009792,1,0,1,0,0,0,0.01105927
33666,7292.043136,1,0,1,0,0,0,0.011035209
33668,7292.07648,1,0,1,0,0,0,0.011066593
33670,7292.109792,1,0,1,0,0,0,0.011016379
33672,7292.143136,1,0,1,0,0,0,0.011082633
33674,7292.176448,1,0,1,0,0,0,0.011056829
33676,7292.209792,1,0,1,0,0,0,0.011049506
33678,7292.243136,1,0,1,0,0,0,0.011061362
33680,7292.276448,1,0,1,0,0,0,0.011078449
33682,7292.309792,1,0,1,0,0,0,0.011044275
33684,7292.343136,1,0,1,0,0,0,0.011070429
33686,7292.376448,1,0,1,0,0,0,0.010997549
33688,7292.409792,1,0,1,0,0,0,0.011030676
33690,7292.443136,1,0,1,0,0,0,0.011034163
33692,7292.476448,1,0,1,0,0,0,0.0110645
33694,7292.509792,1,0,1,0,0,0,0.011049506
33696,7292.543104,1,0,1,0,0,0,0.01108089
33698,7292.576448,1,0,1,0,0,0,0.011049506
33700,7292.609792,1,0,1,0,0,0,0.011042532
33702,7292.643104,1,0,1,0,0,0,0.011117155
33704,7292.676448,1,0,1,0,0,0,0.0110645
33706,7292.70976,1,0,1,0,0,0,0.011057178
33708,7292.743104,1,0,1,0,0,0,0.01103486
33710,7292.776448,1,0,1,0,0,0,0.011044973
33712,7292.80976,1,0,1,0,0,0,0.011096582
33714,7292.843104,1,0,1,0,0,0,0.011068336
33716,7292.876448,1,0,1,0,0,0,0.011050901
33718,7292.90976,1,0,1,0,0,0,0.011038696
33720,7292.943104,1,0,1,0,0,0,0.01107008
33722,7292.976448,1,0,1,0,0,0,0.011082285
33724,7293.00976,1,0,1,0,0,0,0.011063454
33726,7293.043104,1,0,1,0,0,0,0.01108089
33728,7293.076416,1,0,1,0,0,0,0.011074613
33730,7293.10976,1,0,1,0,0,0,0.011040091
33732,7293.143104,1,0,1,0,0,0,0.011035906
33734,7293.176416,1,0,1,0,0,0,0.01104567
33736,7293.20976,1,0,1,0,0,0,0.011039045
33738,7293.243104,1,0,1,0,0,0,0.011048809
33740,7293.276416,1,0,1,0,0,0,0.011124478
33742,7293.30976,1,0,1,0,0,0,0.011047763
33744,7293.343072,1,0,1,0,0,0,0.011084377
33746,7293.376416,1,0,1,0,0,0,0.011072521
33748,7293.40976,1,0,1,0,0,0,0.011042532
33750,7293.443072,1,0,1,0,0,0,0.011043578
33752,7293.476416,1,0,1,0,0,0,0.011051947
33754,7293.509728,1,0,1,0,0,0,0.011062757
33756,7293.543072,1,0,1,0,0,0,0.011052993
33758,7293.576416,1,0,1,0,0,0,0.011079146
33760,7293.609728,1,0,1,0,0,0,0.011055783
33762,7293.643072,1,0,1,0,0,0,0.011049506
33764,7293.676416,1,0,1,0,0,0,0.011063454
33766,7293.709728,1,0,1,0,0,0,0.011062757
33768,7293.743072,1,0,1,0,0,0,0.011060316
33770,7293.776384,1,0,1,0,0,0,0.011061711
33772,7293.809728,1,0,1,0,0,0,0.011090654
33774,7293.843072,1,0,1,0,0,0,0.011074962
33776,7293.876384,1,0,1,0,0,0,0.011085772
33778,7293.909728,1,0,1,0,0,0,0.011070777
33780,7293.943072,1,0,1,0,0,0,0.011050203
33782,7293.976384,1,0,1,0,0,0,0.011054039
33784,7294.009728,1,0,1,0,0,0,0.01105125
33786,7294.043072,1,0,1,0,0,0,0.011038347
33788,7294.076384,1,0,1,0,0,0,0.01107008
33790,7294.109728,1,0,1,0,0,0,0.011023702
33792,7294.14304,1,0,1,0,0,0,0.011041486
33794,7294.176384,1,0,1,0,0,0,0.011032071
33796,7294.209728,1,0,1,0,0,0,0.01105927
33798,7294.24304,1,0,1,0,0,0,0.01105927
33800,7294.276384,1,0,1,0,0,0,0.011043927
33802,7294.309728,1,0,1,0,0,0,0.011045322
33804,7294.34304,1,0,1,0,0,0,0.011062408
33806,7294.376384,1,0,1,0,0,0,0.011102858
33808,7294.409696,1,0,1,0,0,0,0.011092048
33810,7294.44304,1,0,1,0,0,0,0.011047763
33812,7294.476384,1,0,1,0,0,0,0.011059967
33814,7294.509696,1,0,1,0,0,0,0.011057875
33816,7294.54304,1,0,1,0,0,0,0.011030327
33818,7294.576384,1,0,1,0,0,0,0.011042183
33820,7294.609696,1,0,1,0,0,0,0.011062757
33822,7294.64304,1,0,1,0,0,0,0.011053691
33824,7294.676352,1,0,1,0,0,0,0.011052993
33826,7294.709696,1,0,1,0,0,0,0.01101603
33828,7294.74304,1,0,1,0,0,0,0.011040788
33830,7294.776352,1,0,1,0,0,0,0.011063106
33832,7294.809696,1,0,1,0,0,0,0.011024399
33834,7294.843008,1,0,1,0,0,0,0.011019517
33836,7294.876352,1,0,1,0,0,0,0.01098918
33838,7294.909696,1,0,1,0,0,0,0.011042183
33840,7294.943008,1,0,1,0,0,0,0.010930597
33842,7294.976352,1,0,1,0,0,0,0.010967908
33844,7295.009696,1,0,1,0,0,0,0.010975231
33846,7295.043008,1,0,1,0,0,0,0.010960586
33848,7295.076352,1,0,1,0,0,0,0.01095396
33850,7295.109664,1,0,1,0,0,0,0.010968955
33852,7295.143008,1,0,1,0,0,0,0.010958493
33854,7295.176352,1,0,1,0,0,0,0.010892239
33856,7295.209664,1,0,1,0,0,0,0.010945242
33858,7295.243008,1,0,1,0,0,0,0.010948381
33860,7295.276352,1,0,1,0,0,0,0.010942104
33862,7295.309664,1,0,1,0,0,0,0.010955355
33864,7295.343008,1,0,1,0,0,0,0.010989528
33866,7295.37632,1,0,1,0,0,0,0.010962329
33868,7295.409664,1,0,1,0,0,0,0.010938966
33870,7295.443008,1,0,1,0,0,0,0.010970349
33872,7295.47632,1,0,1,0,0,0,0.010919089
33874,7295.509664,1,0,1,0,0,0,0.01090549
33876,7295.543008,1,0,1,0,0,0,0.010914207
33878,7295.57632,1,0,1,0,0,0,0.010931992
33880,7295.609664,1,0,1,0,0,0,0.010939663
33882,7295.643008,1,0,1,0,0,0,0.010923971
33884,7295.67632,1,0,1,0,0,0,0.010944196
33886,7295.709664,1,0,1,0,0,0,0.01094594
33888,7295.742976,1,0,1,0,0,0,0.010933038
33890,7295.77632,1,0,1,0,0,0,0.010912813
33892,7295.809664,1,0,1,0,0,0,0.010912115
33894,7295.842976,1,0,1,0,0,0,0.010933038
33896,7295.87632,1,0,1,0,0,0,0.010951519
33898,7295.909632,1,0,1,0,0,0,0.01093513
33900,7295.942976,1,0,1,0,0,0,0.010958145
33902,7295.97632,1,0,1,0,0,0,0.010928156
33904,7296.009632,1,0,1,0,0,0,0.010926412
33906,7296.042976,1,0,1,0,0,0,0.010931294
33908,7296.07632,1,0,1,0,0,0,0.010940012
33910,7296.109632,1,0,1,0,0,0,0.010883172
33912,7296.142976,1,0,1,0,0,0,0.01094315
33914,7296.17632,1,0,1,0,0,0,0.010914905
33916,7296.209632,1,0,1,0,0,0,0.01092711
33918,7296.242976,1,0,1,0,0,0,0.010931992
33920,7296.276288,1,0,1,0,0,0,0.010921182
33922,7296.309632,1,0,1,0,0,0,0.010922925
33924,7296.342976,1,0,1,0,0,0,0.010918741
33926,7296.376288,1,0,1,0,0,0,0.010943848
33928,7296.409632,1,0,1,0,0,0,0.010937571
33930,7296.442976,1,0,1,0,0,0,0.010943499
33932,7296.476288,1,0,1,0,0,0,0.010946289
33934,7296.509632,1,0,1,0,0,0,0.010908279
33936,7296.542944,1,0,1,0,0,0,0.010927807
33938,7296.576288,1,0,1,0,0,0,0.01093792
33940,7296.6096,1,0,1,0,0,0,0.010904095
33942,7296.642944,1,0,1,0,0,0,0.010927458
33944,7296.676288,1,0,1,0,0,0,0.010929202
33946,7296.7096,1,0,1,0,0,0,0.010907233
33948,7296.742944,1,0,1,0,0,0,0.010912813
33950,7296.776288,1,0,1,0,0,0,0.010956052
33952,7296.8096,1,0,1,0,0,0,0.010922228
33954,7296.842944,1,0,1,0,0,0,0.010929551
33956,7296.876288,1,0,1,0,0,0,0.01095117
33958,7296.9096,1,0,1,0,0,0,0.010918741
33960,7296.942944,1,0,1,0,0,0,0.010929551
33962,7296.976256,1,0,1,0,0,0,0.010929551
33964,7297.0096,1,0,1,0,0,0,0.010912115
33966,7297.042944,1,0,1,0,0,0,0.010915602
33968,7297.076256,1,0,1,0,0,0,0.010900608
33970,7297.1096,1,0,1,0,0,0,0.010928853
33972,7297.142944,1,0,1,0,0,0,0.010966862
33974,7297.176256,1,0,1,0,0,0,0.010926761
33976,7297.2096,1,0,1,0,0,0,0.010954309
33978,7297.242944,1,0,1,0,0,0,0.010896075
33980,7297.276256,1,0,1,0,0,0,0.010931294
33982,7297.3096,1,0,1,0,0,0,0.01097837
33984,7297.342944,1,0,1,0,0,0,0.010911418
33986,7297.376256,1,0,1,0,0,0,0.010929202
33988,7297.4096,1,0,1,0,0,0,0.010959539
33990,7297.442912,1,0,1,0,0,0,0.010915951
33992,7297.476256,1,0,1,0,0,0,0.010930248
33994,7297.5096,1,0,1,0,0,0,0.010958842
33996,7297.542912,1,0,1,0,0,0,0.010908628
33998,7297.576256,1,0,1,0,0,0,0.01095675
34000,7297.609568,1,0,1,0,0,0,0.01089991
34002,7297.642912,1,0,1,0,0,0,0.010959539
34004,7297.676256,1,0,1,0,0,0,0.010926063
34006,7297.709568,1,0,1,0,0,0,0.010915951
34008,7297.742912,1,0,1,0,0,0,0.010927807
34010,7297.776256,1,0,1,0,0,0,0.010923971
34012,7297.809568,1,0,1,0,0,0,0.010936525
34014,7297.842912,1,0,1,0,0,0,0.010914905
34016,7297.876224,1,0,1,0,0,0,0.010958145
34018,7297.909568,1,0,1,0,0,0,0.010953611
34020,7297.942912,1,0,1,0,0,0,0.010892239
34022,7297.976224,1,0,1,0,0,0,0.010937571
34024,7298.009568,1,0,1,0,0,0,0.010908279
34026,7298.042912,1,0,1,0,0,0,0.010943499
34028,7298.076224,1,0,1,0,0,0,0.010908628
34030,7298.109568,1,0,1,0,0,0,0.010976975
34032,7298.14288,1,0,1,0,0,0,0.010947335
34034,7298.176224,1,0,1,0,0,0,0.010952565
34036,7298.209568,1,0,1,0,0,0,0.010944894
34038,7298.24288,1,0,1,0,0,0,0.010958842
34040,7298.276224,1,0,1,0,0,0,0.010963724
34042,7298.309568,1,0,1,0,0,0,0.010956401
34044,7298.34288,1,0,1,0,0,0,0.010911418
34046,7298.376224,1,0,1,0,0,0,0.010968257
34048,7298.409536,1,0,1,0,0,0,0.010945591
34050,7298.44288,1,0,1,0,0,0,0.010938966
34052,7298.476224,1,0,1,0,0,0,0.010918741
34054,7298.509536,1,0,1,0,0,0,0.010949776
34056,7298.54288,1,0,1,0,0,0,0.010930248
34058,7298.576192,1,0,1,0,0,0,0.010942801
34060,7298.609536,1,0,1,0,0,0,0.010937222
34062,7298.64288,1,0,1,0,0,0,0.010950473
34064,7298.676192,1,0,1,0,0,0,0.010928504
34066,7298.709536,1,0,1,0,0,0,0.010915254
34068,7298.74288,1,0,1,0,0,0,0.010988831
34070,7298.776192,1,0,1,0,0,0,0.010913859
34072,7298.809536,1,0,1,0,0,0,0.010944545
34074,7298.842848,1,0,1,0,0,0,0.010933735
34076,7298.876192,1,0,1,0,0,0,0.010931294
34078,7298.909536,1,0,1,0,0,0,0.010965816
34080,7298.942848,1,0,1,0,0,0,0.010958145
34082,7298.976192,1,0,1,0,0,0,0.010922228
34084,7299.009536,1,0,1,0,0,0,0.010981159
34086,7299.042848,1,0,1,0,0,0,0.010963724
34088,7299.076192,1,0,1,0,0,0,0.010976626
34090,7299.109504,1,0,1,0,0,0,0.010961632
34092,7299.142848,1,0,1,0,0,0,0.010931643
34094,7299.176192,1,0,1,0,0,0,0.010989528
34096,7299.209504,1,0,1,0,0,0,0.010966862
34098,7299.242848,1,0,1,0,0,0,0.010934084
34100,7299.276192,1,0,1,0,0,0,0.010949776
34102,7299.309504,1,0,1,0,0,0,0.010982554
34104,7299.342848,1,0,1,0,0,0,0.010994062
34106,7299.376192,1,0,1,0,0,0,0.010960586
34108,7299.409504,1,0,1,0,0,0,0.010971047
34110,7299.442848,1,0,1,0,0,0,0.011025097
34112,7299.47616,1,0,1,0,0,0,0.011013589
34114,7299.509504,1,0,1,0,0,0,0.010976975
34116,7299.542848,1,0,1,0,0,0,0.010973836
34118,7299.57616,1,0,1,0,0,0,0.010995108
34120,7299.609504,1,0,1,0,0,0,0.010978718
34122,7299.642848,1,0,1,0,0,0,0.011032419
34124,7299.67616,1,0,1,0,0,0,0.01104044
34126,7299.709504,1,0,1,0,0,0,0.011011148
34128,7299.742816,1,0,1,0,0,0,0.011006266
34130,7299.77616,1,0,1,0,0,0,0.011043229
34132,7299.809472,1,0,1,0,0,0,0.011035906
34134,7299.842816,1,0,1,0,0,0,0.011000687
34136,7299.87616,1,0,1,0,0,0,0.011047065
34138,7299.909472,1,0,1,0,0,0,0.011018471
34140,7299.942816,1,0,1,0,0,0,0.011046716
34142,7299.97616,1,0,1,0,0,0,0.011050203
34144,7300.009472,1,0,1,0,0,0,0.011008359
34146,7300.042816,1,0,1,0,0,0,0.011049855
34148,7300.07616,1,0,1,0,0,0,0.011010799
34150,7300.109472,1,0,1,0,0,0,0.011036953
34152,7300.142816,1,0,1,0,0,0,0.01103486
34154,7300.176128,1,0,1,0,0,0,0.011014287
34156,7300.209472,1,0,1,0,0,0,0.011014287
34158,7300.242816,1,0,1,0,0,0,0.011014635
34160,7300.276128,1,0,1,0,0,0,0.011025794
34162,7300.309472,1,0,1,0,0,0,0.010979416
34164,7300.342816,1,0,1,0,0,0,0.010998943
34166,7300.376128,1,0,1,0,0,0,0.011023702
34168,7300.409472,1,0,1,0,0,0,0.011005918
34170,7300.442816,1,0,1,0,0,0,0.011028584
34172,7300.476128,1,0,1,0,0,0,0.011030676
34174,7300.509472,1,0,1,0,0,0,0.011037999
34176,7300.542784,1,0,1,0,0,0,0.011015333
34178,7300.576128,1,0,1,0,0,0,0.011028235
34180,7300.609472,1,0,1,0,0,0,0.011043927
34182,7300.642784,1,0,1,0,0,0,0.011032419
34184,7300.676128,1,0,1,0,0,0,0.011041137
34186,7300.709472,1,0,1,0,0,0,0.011033814
34188,7300.742784,1,0,1,0,0,0,0.011050552
34190,7300.776128,1,0,1,0,0,0,0.011007661
34192,7300.809472,1,0,1,0,0,0,0.011006964
34194,7300.842784,1,0,1,0,0,0,0.011020215
34196,7300.876128,1,0,1,0,0,0,0.010992318
34198,7300.909472,1,0,1,0,0,0,0.011025445
34200,7300.942784,1,0,1,0,0,0,0.011004523
34202,7300.976128,1,0,1,0,0,0,0.011026491
34204,7301.009472,1,0,1,0,0,0,0.010988831
34206,7301.042784,1,0,1,0,0,0,0.010973139
34208,7301.076096,1,0,1,0,0,0,0.011001733
34210,7301.109472,1,0,1,0,0,0,0.011036604
34212,7301.142784,1,0,1,0,0,0,0.010982903
34214,7301.176096,1,0,1,0,0,0,0.011032419
34216,7301.209472,1,0,1,0,0,0,0.011056829
34218,7301.242784,1,0,1,0,0,0,0.011021261
34220,7301.276096,1,0,1,0,0,0,0.011011148
34222,7301.309472,1,0,1,0,0,0,0.010981508
34224,7301.342752,1,0,1,0,0,0,0.011025097
34226,7301.376096,1,0,1,0,0,0,0.010988133
34228,7301.409472,1,0,1,0,0,0,0.011056132
34230,7301.442752,1,0,1,0,0,0,0.011026491
34232,7301.476096,1,0,1,0,0,0,0.011074962
34234,7301.509472,1,0,1,0,0,0,0.011062408
34236,7301.542752,1,0,1,0,0,0,0.01102684
34238,7301.576096,1,0,1,0,0,0,0.011022656
34240,7301.609472,1,0,1,0,0,0,0.010987436
34242,7301.642752,1,0,1,0,0,0,0.011003825
34244,7301.676096,1,0,1,0,0,0,0.010998943
34246,7301.709408,1,0,1,0,0,0,0.010995805
34248,7301.742752,1,0,1,0,0,0,0.011037999
34250,7301.776064,1,0,1,0,0,0,0.011035906
34252,7301.809408,1,0,1,0,0,0,0.011013589
34254,7301.842752,1,0,1,0,0,0,0.011032071
34256,7301.876064,1,0,1,0,0,0,0.011032768
34258,7301.909408,1,0,1,0,0,0,0.011037999
34260,7301.942752,1,0,1,0,0,0,0.011034163
34262,7301.976064,1,0,1,0,0,0,0.011023353
34264,7302.009408,1,0,1,0,0,0,0.011073567
34266,7302.042752,1,0,1,0,0,0,0.01100522
34268,7302.076064,1,0,1,0,0,0,0.011043229
34270,7302.109408,1,0,1,0,0,0,0.011017425
34272,7302.14272,1,0,1,0,0,0,0.011036604
34274,7302.176064,1,0,1,0,0,0,0.011010451
34276,7302.209408,1,0,1,0,0,0,0.01105648
34278,7302.24272,1,0,1,0,0,0,0.011057526
34280,7302.276064,1,0,1,0,0,0,0.011027189
34282,7302.309408,1,0,1,0,0,0,0.011048111
34284,7302.34272,1,0,1,0,0,0,0.011041834
34286,7302.376064,1,0,1,0,0,0,0.011058224
34288,7302.409376,1,0,1,0,0,0,0.01103765
34290,7302.44272,1,0,1,0,0,0,0.01101882
34292,7302.476064,1,0,1,0,0,0,0.011035558
34294,7302.509376,1,0,1,0,0,0,0.011035558
34296,7302.54272,1,0,1,0,0,0,0.011017076
34298,7302.576064,1,0,1,0,0,0,0.011004871
34300,7302.609376,1,0,1,0,0,0,0.011054388
34302,7302.64272,1,0,1,0,0,0,0.011004174
34304,7302.676032,1,0,1,0,0,0,0.011014984
34306,7302.709376,1,0,1,0,0,0,0.011019517
34308,7302.74272,1,0,1,0,0,0,0.011027886
34310,7302.776032,1,0,1,0,0,0,0.011029281
34312,7302.809376,1,0,1,0,0,0,0.011009753
34314,7302.84272,1,0,1,0,0,0,0.011005918
34316,7302.876032,1,0,1,0,0,0,0.01103765
34318,7302.909376,1,0,1,0,0,0,0.011058921
34320,7302.942688,1,0,1,0,0,0,0.011029281
34322,7302.976032,1,0,1,0,0,0,0.011050203
34324,7303.009376,1,0,1,0,0,0,0.011032768
34326,7303.042688,1,0,1,0,0,0,0.010995805
34328,7303.076032,1,0,1,0,0,0,0.011024399
34330,7303.109344,1,0,1,0,0,0,0.010998595
34332,7303.142688,1,0,1,0,0,0,0.011032768
34334,7303.176032,1,0,1,0,0,0,0.011083679
34336,7303.209344,1,0,1,0,0,0,0.011008707
34338,7303.242688,1,0,1,0,0,0,0.011016728
34340,7303.276032,1,0,1,0,0,0,0.011025097
34342,7303.309344,1,0,1,0,0,0,0.011029281
34344,7303.342688,1,0,1,0,0,0,0.011087864
34346,7303.376,1,0,1,0,0,0,0.011019866
34348,7303.409344,1,0,1,0,0,0,0.011029281
34350,7303.442688,1,0,1,0,0,0,0.011004523
34352,7303.476,1,0,1,0,0,0,0.011049506
34354,7303.509344,1,0,1,0,0,0,0.011017425
34356,7303.542688,1,0,1,0,0,0,0.011046716
34358,7303.576,1,0,1,0,0,0,0.011000338
34360,7303.609344,1,0,1,0,0,0,0.011071823
34362,7303.642688,1,0,1,0,0,0,0.011050552
34364,7303.676,1,0,1,0,0,0,0.011006615
34366,7303.709344,1,0,1,0,0,0,0.011040091
34368,7303.742656,1,0,1,0,0,0,0.011039045
34370,7303.776,1,0,1,0,0,0,0.011014984
34372,7303.809344,1,0,1,0,0,0,0.011007661
34374,7303.842656,1,0,1,0,0,0,0.011022656
34376,7303.876,1,0,1,0,0,0,0.011022307
34378,7303.909344,1,0,1,0,0,0,0.011034163
34380,7303.942656,1,0,1,0,0,0,0.011051598
34382,7303.976,1,0,1,0,0,0,0.011059619
34384,7304.009312,1,0,1,0,0,0,0.011000687
34386,7304.042656,1,0,1,0,0,0,0.011025097
34388,7304.076,1,0,1,0,0,0,0.011034512
34390,7304.109312,1,0,1,0,0,0,0.011007661
34392,7304.142656,1,0,1,0,0,0,0.011028235
34394,7304.176,1,0,1,0,0,0,0.01105927
34396,7304.209312,1,0,1,0,0,0,0.011069382
34398,7304.242656,1,0,1,0,0,0,0.011069382
34400,7304.275968,1,0,1,0,0,0,0.011032071
34402,7304.309312,1,0,1,0,0,0,0.01105125
34404,7304.342656,1,0,1,0,0,0,0.011051947
34406,7304.375968,1,0,1,0,0,0,0.011015681
34408,7304.409312,1,0,1,0,0,0,0.011056829
34410,7304.442624,1,0,1,0,0,0,0.011071126
34412,7304.475968,1,0,1,0,0,0,0.011065547
34414,7304.509312,1,0,1,0,0,0,0.011030676
34416,7304.542624,1,0,1,0,0,0,0.011054388
34418,7304.575968,1,0,1,0,0,0,0.011038347
34420,7304.609312,1,0,1,0,0,0,0.011061362
34422,7304.642624,1,0,1,0,0,0,0.011052993
34424,7304.675968,1,0,1,0,0,0,0.010993015
34426,7304.70928,1,0,1,0,0,0,0.01101882
34428,7304.742624,1,0,1,0,0,0,0.011059967
34430,7304.775968,1,0,1,0,0,0,0.011032419
34432,7304.80928,1,0,1,0,0,0,0.011038347
34434,7304.842624,1,0,1,0,0,0,0.011042183
34436,7304.875968,1,0,1,0,0,0,0.010993713
34438,7304.90928,1,0,1,0,0,0,0.011024399
34440,7304.942624,1,0,1,0,0,0,0.01104846
34442,7304.975936,1,0,1,0,0,0,0.011032768
34444,7305.00928,1,0,1,0,0,0,0.011041137
34446,7305.042624,1,0,1,0,0,0,0.010998246
34448,7305.075936,1,0,1,0,0,0,0.011029281
34450,7305.10928,1,0,1,0,0,0,0.01097837
34452,7305.142624,1,0,1,0,0,0,0.010993713
34454,7305.175936,1,0,1,0,0,0,0.011039742
34456,7305.20928,1,0,1,0,0,0,0.01101882
34458,7305.242624,1,0,1,0,0,0,0.011063454
34460,7305.275936,1,0,1,0,0,0,0.011027189
34462,7305.30928,1,0,1,0,0,0,0.011003477
34464,7305.342592,1,0,1,0,0,0,0.011023004
34466,7305.375936,1,0,1,0,0,0,0.011025794
34468,7305.40928,1,0,1,0,0,0,0.011032419
34470,7305.442592,1,0,1,0,0,0,0.011017774
34472,7305.475936,1,0,1,0,0,0,0.011014287
34474,7305.50928,1,0,1,0,0,0,0.010998595
34476,7305.542592,1,0,1,0,0,0,0.011004523
34478,7305.575936,1,0,1,0,0,0,0.011012194
34480,7305.609248,1,0,1,0,0,0,0.010996154
34482,7305.642592,1,0,1,0,0,0,0.010995108
34484,7305.675936,1,0,1,0,0,0,0.010966165
34486,7305.709248,1,0,1,0,0,0,0.011021261
34488,7305.742592,1,0,1,0,0,0,0.01096756
34490,7305.775936,1,0,1,0,0,0,0.01097279
34492,7305.809248,1,0,1,0,0,0,0.010959888
34494,7305.842592,1,0,1,0,0,0,0.011025794
34496,7305.875904,1,0,1,0,0,0,0.010968955
34498,7305.909248,1,0,1,0,0,0,0.010962678
34500,7305.942592,1,0,1,0,0,0,0.010954658
34502,7305.975904,1,0,1,0,0,0,0.010999641
34504,7306.009248,1,0,1,0,0,0,0.010975929
34506,7306.042592,1,0,1,0,0,0,0.011011846
34508,7306.075904,1,0,1,0,0,0,0.011029978
34510,7306.109248,1,0,1,0,0,0,0.011031025
34512,7306.14256,1,0,1,0,0,0,0.011010102
34514,7306.175904,1,0,1,0,0,0,0.011020912
34516,7306.209248,1,0,1,0,0,0,0.011016379
34518,7306.24256,1,0,1,0,0,0,0.0109972
34520,7306.275904,1,0,1,0,0,0,0.010976975
34522,7306.309216,1,0,1,0,0,0,0.011017774
34524,7306.34256,1,0,1,0,0,0,0.0109972
34526,7306.375904,1,0,1,0,0,0,0.011004523
34528,7306.409216,1,0,1,0,0,0,0.01096198
34530,7306.44256,1,0,1,0,0,0,0.011015681
34532,7306.475904,1,0,1,0,0,0,0.011016728
34534,7306.509216,1,0,1,0,0,0,0.010988482
34536,7306.54256,1,0,1,0,0,0,0.011018471
34538,7306.575872,1,0,1,0,0,0,0.010984646
34540,7306.609216,1,0,1,0,0,0,0.011006615
34542,7306.64256,1,0,1,0,0,0,0.010974883
34544,7306.675872,1,0,1,0,0,0,0.010988482
34546,7306.709216,1,0,1,0,0,0,0.010997549
34548,7306.74256,1,0,1,0,0,0,0.01098918
34550,7306.775872,1,0,1,0,0,0,0.010992667
34552,7306.809216,1,0,1,0,0,0,0.011008359
34554,7306.84256,1,0,1,0,0,0,0.011006615
34556,7306.875872,1,0,1,0,0,0,0.011049157
34558,7306.909216,1,0,1,0,0,0,0.010976975
34560,7306.942528,1,0,1,0,0,0,0.011025097
34562,7306.975872,1,0,1,0,0,0,0.010954658
34564,7307.009216,1,0,1,0,0,0,0.011010451
34566,7307.042528,1,0,1,0,0,0,0.011044275
34568,7307.075872,1,0,1,0,0,0,0.011032071
34570,7307.109216,1,0,1,0,0,0,0.010997897
34572,7307.142528,1,0,1,0,0,0,0.010991969
34574,7307.175872,1,0,1,0,0,0,0.011006266
34576,7307.209184,1,0,1,0,0,0,0.011017076
34578,7307.242528,1,0,1,0,0,0,0.011009056
34580,7307.275872,1,0,1,0,0,0,0.011074613
34582,7307.309184,1,0,1,0,0,0,0.011052993
34584,7307.342528,1,0,1,0,0,0,0.010991272
34586,7307.375872,1,0,1,0,0,0,0.011027189
34588,7307.409184,1,0,1,0,0,0,0.011022656
34590,7307.442528,1,0,1,0,0,0,0.011023702
34592,7307.47584,1,0,1,0,0,0,0.011006964
34594,7307.509184,1,0,1,0,0,0,0.011001384
34596,7307.542528,1,0,1,0,0,0,0.011012194
34598,7307.57584,1,0,1,0,0,0,0.011029281
34600,7307.609184,1,0,1,0,0,0,0.011034163
34602,7307.642528,1,0,1,0,0,0,0.011006964
34604,7307.67584,1,0,1,0,0,0,0.011032768
34606,7307.709184,1,0,1,0,0,0,0.011052296
34608,7307.742496,1,0,1,0,0,0,0.01098918
34610,7307.77584,1,0,1,0,0,0,0.010981857
34612,7307.809184,1,0,1,0,0,0,0.010965467
34614,7307.842496,1,0,1,0,0,0,0.011011497
34616,7307.87584,1,0,1,0,0,0,0.011014635
34618,7307.909152,1,0,1,0,0,0,0.011023353
34620,7307.942496,1,0,1,0,0,0,0.010988831
34622,7307.97584,1,0,1,0,0,0,0.010978718
34624,7308.009152,1,0,1,0,0,0,0.010942801
34626,7308.042496,1,0,1,0,0,0,0.010970001
34628,7308.07584,1,0,1,0,0,0,0.010991969
34630,7308.109152,1,0,1,0,0,0,0.010974883
34632,7308.142496,1,0,1,0,0,0,0.011037301
34634,7308.175808,1,0,1,0,0,0,0.010979764
34636,7308.209152,1,0,1,0,0,0,0.010969652
34638,7308.242496,1,0,1,0,0,0,0.010998246
34640,7308.275808,1,0,1,0,0,0,0.011028584
34642,7308.309152,1,0,1,0,0,0,0.011012543
34644,7308.342496,1,0,1,0,0,0,0.011019517
34646,7308.375808,1,0,1,0,0,0,0.011043927
34648,7308.409152,1,0,1,0,0,0,0.011055783
34650,7308.442496,1,0,1,0,0,0,0.01104044
34652,7308.475808,1,0,1,0,0,0,0.011001036
34654,7308.509152,1,0,1,0,0,0,0.011006964
34656,7308.542464,1,0,1,0,0,0,0.011021261
34658,7308.575808,1,0,1,0,0,0,0.011014635
34660,7308.609152,1,0,1,0,0,0,0.011000687
34662,7308.642464,1,0,1,0,0,0,0.011011497
34664,7308.675808,1,0,1,0,0,0,0.011017774
34666,7308.709152,1,0,1,0,0,0,0.010996502
34668,7308.742464,1,0,1,0,0,0,0.011023353
34670,7308.775808,1,0,1,0,0,0,0.011028584
34672,7308.80912,1,0,1,0,0,0,0.010974883
34674,7308.842464,1,0,1,0,0,0,0.011012194
34676,7308.875808,1,0,1,0,0,0,0.011019517
34678,7308.90912,1,0,1,0,0,0,0.011022307
34680,7308.942464,1,0,1,0,0,0,0.011005918
34682,7308.975808,1,0,1,0,0,0,0.011007312
34684,7309.00912,1,0,1,0,0,0,0.010967908
34686,7309.042464,1,0,1,0,0,0,0.011011846
34688,7309.075808,1,0,1,0,0,0,0.010994062
34690,7309.10912,1,0,1,0,0,0,0.01103486
34692,7309.142464,1,0,1,0,0,0,0.011021609
34694,7309.175776,1,0,1,0,0,0,0.011025097
34696,7309.20912,1,0,1,0,0,0,0.011023353
34698,7309.242432,1,0,1,0,0,0,0.011044275
34700,7309.275776,1,0,1,0,0,0,0.010994062
34702,7309.30912,1,0,1,0,0,0,0.010979416
34704,7309.342464,1,0,1,0,0,0,0.011009753
34706,7309.375776,1,0,1,0,0,0,0.010992318
34708,7309.40912,1,0,1,0,0,0,0.010995805
34710,7309.442432,1,0,1,0,0,0,0.010990226
34712,7309.475776,1,0,1,0,0,0,0.010985693
34714,7309.509088,1,0,1,0,0,0,0.010959888
34716,7309.542432,1,0,1,0,0,0,0.010980113
34718,7309.575776,1,0,1,0,0,0,0.011023004
34720,7309.609088,1,0,1,0,0,0,0.011021261
34722,7309.642432,1,0,1,0,0,0,0.011013938
34724,7309.675776,1,0,1,0,0,0,0.010994759
34726,7309.709088,1,0,1,0,0,0,0.011005918
34728,7309.742432,1,0,1,0,0,0,0.011005918
34730,7309.775744,1,0,1,0,0,0,0.011026491
34732,7309.809088,1,0,1,0,0,0,0.011060316
34734,7309.842432,1,0,1,0,0,0,0.010997897
34736,7309.875744,1,0,1,0,0,0,0.011024748
34738,7309.909088,1,0,1,0,0,0,0.011028932
34740,7309.942432,1,0,1,0,0,0,0.011033465
34742,7309.975744,1,0,1,0,0,0,0.010972093
34744,7310.009088,1,0,1,0,0,0,0.011017076
34746,7310.042432,1,0,1,0,0,0,0.011031025
34748,7310.075744,1,0,1,0,0,0,0.011017425
34750,7310.109088,1,0,1,0,0,0,0.011021958
34752,7310.1424,1,0,1,0,0,0,0.011008707
34754,7310.175744,1,0,1,0,0,0,0.011007661
34756,7310.209088,1,0,1,0,0,0,0.011050203
34758,7310.2424,1,0,1,0,0,0,0.011006615
34760,7310.275744,1,0,1,0,0,0,0.010999641
34762,7310.309088,1,0,1,0,0,0,0.011026491
34764,7310.3424,1,0,1,0,0,0,0.010996154
34766,7310.375744,1,0,1,0,0,0,0.011011497
34768,7310.409056,1,0,1,0,0,0,0.010995805
34770,7310.4424,1,0,1,0,0,0,0.010979416
34772,7310.475744,1,0,1,0,0,0,0.010979067
34774,7310.509056,1,0,1,0,0,0,0.011015333
34776,7310.5424,1,0,1,0,0,0,0.011011148
34778,7310.575712,1,0,1,0,0,0,0.011025445
34780,7310.609056,1,0,1,0,0,0,0.010976277
34782,7310.6424,1,0,1,0,0,0,0.01098639
34784,7310.675712,1,0,1,0,0,0,0.011016379
34786,7310.709056,1,0,1,0,0,0,0.011013938
34788,7310.7424,1,0,1,0,0,0,0.010976626
34790,7310.775712,1,0,1,0,0,0,0.011022656
34792,7310.809056,1,0,1,0,0,0,0.011047414
34794,7310.842368,1,0,1,0,0,0,0.010995456
34796,7310.875712,1,0,1,0,0,0,0.011012543
34798,7310.909056,1,0,1,0,0,0,0.011023353
34800,7310.942368,1,0,1,0,0,0,0.010990574
34802,7310.975712,1,0,1,0,0,0,0.010990923
34804,7311.009056,1,0,1,0,0,0,0.010982903
34806,7311.042368,1,0,1,0,0,0,0.010988133
34808,7311.075712,1,0,1,0,0,0,0.011009056
34810,7311.109024,1,0,1,0,0,0,0.011010799
34812,7311.142368,1,0,1,0,0,0,0.011016728
34814,7311.175712,1,0,1,0,0,0,0.01102963
34816,7311.209024,1,0,1,0,0,0,0.011019168
34818,7311.242368,1,0,1,0,0,0,0.010991621
34820,7311.275712,1,0,1,0,0,0,0.010993713
34822,7311.309024,1,0,1,0,0,0,0.010996154
34824,7311.342368,1,0,1,0,0,0,0.011002779
34826,7311.37568,1,0,1,0,0,0,0.010988133
34828,7311.409024,1,0,1,0,0,0,0.010973139
34830,7311.442368,1,0,1,0,0,0,0.010982903
34832,7311.47568,1,0,1,0,0,0,0.010956401
34834,7311.509024,1,0,1,0,0,0,0.010948729
34836,7311.542368,1,0,1,0,0,0,0.010942104
34838,7311.57568,1,0,1,0,0,0,0.010951519
34840,7311.609024,1,0,1,0,0,0,0.010934084
34842,7311.642368,1,0,1,0,0,0,0.010909325
34844,7311.67568,1,0,1,0,0,0,0.010903397
34846,7311.709024,1,0,1,0,0,0,0.01094594
34848,7311.742336,1,0,1,0,0,0,0.010918043
34850,7311.77568,1,0,1,0,0,0,0.010927458
34852,7311.809024,1,0,1,0,0,0,0.010907233
34854,7311.842336,1,0,1,0,0,0,0.010922925
34856,7311.87568,1,0,1,0,0,0,0.010952565
34858,7311.909024,1,0,1,0,0,0,0.010981508
34860,7311.942336,1,0,1,0,0,0,0.010963724
34862,7311.97568,1,0,1,0,0,0,0.010974185
34864,7312.008992,1,0,1,0,0,0,0.010929551
34866,7312.042336,1,0,1,0,0,0,0.01093792
34868,7312.07568,1,0,1,0,0,0,0.010956052
34870,7312.108992,1,0,1,0,0,0,0.010952565
34872,7312.142336,1,0,1,0,0,0,0.010964421
34874,7312.17568,1,0,1,0,0,0,0.01093792
34876,7312.208992,1,0,1,0,0,0,0.010943499
34878,7312.242336,1,0,1,0,0,0,0.01095117
34880,7312.275648,1,0,1,0,0,0,0.010957098
34882,7312.308992,1,0,1,0,0,0,0.011001036
34884,7312.342336,1,0,1,0,0,0,0.01098639
34886,7312.375648,1,0,1,0,0,0,0.011030676
34888,7312.408992,1,0,1,0,0,0,0.010996502
34890,7312.442304,1,0,1,0,0,0,0.010955355
34892,7312.475648,1,0,1,0,0,0,0.011028932
34894,7312.508992,1,0,1,0,0,0,0.011018471
34896,7312.542304,1,0,1,0,0,0,0.011035209
34898,7312.575648,1,0,1,0,0,0,0.011002779
34900,7312.608992,1,0,1,0,0,0,0.011002082
34902,7312.642304,1,0,1,0,0,0,0.010964421
34904,7312.675648,1,0,1,0,0,0,0.010993364
34906,7312.70896,1,0,1,0,0,0,0.010985693
34908,7312.742304,1,0,1,0,0,0,0.010998595
34910,7312.775648,1,0,1,0,0,0,0.011011148
34912,7312.80896,1,0,1,0,0,0,0.010974534
34914,7312.842304,1,0,1,0,0,0,0.010963027
34916,7312.875648,1,0,1,0,0,0,0.011029281
34918,7312.90896,1,0,1,0,0,0,0.010973488
34920,7312.942304,1,0,1,0,0,0,0.010957447
34922,7312.975616,1,0,1,0,0,0,0.010979764
34924,7313.00896,1,0,1,0,0,0,0.010989877
34926,7313.042304,1,0,1,0,0,0,0.010963724
34928,7313.075616,1,0,1,0,0,0,0.010973836
34930,7313.10896,1,0,1,0,0,0,0.010987087
34932,7313.142304,1,0,1,0,0,0,0.010979416
34934,7313.175616,1,0,1,0,0,0,0.011028584
34936,7313.20896,1,0,1,0,0,0,0.010991969
34938,7313.242304,1,0,1,0,0,0,0.010989877
34940,7313.275616,1,0,1,0,0,0,0.011048111
34942,7313.30896,1,0,1,0,0,0,0.011028584
34944,7313.342272,1,0,1,0,0,0,0.011034163
34946,7313.375616,1,0,1,0,0,0,0.010999641
34948,7313.40896,1,0,1,0,0,0,0.011020912
34950,7313.442272,1,0,1,0,0,0,0.011006964
34952,7313.475616,1,0,1,0,0,0,0.01101603
34954,7313.50896,1,0,1,0,0,0,0.01104567
34956,7313.542272,1,0,1,0,0,0,0.010999292
34958,7313.575616,1,0,1,0,0,0,0.011036953
34960,7313.608928,1,0,1,0,0,0,0.011018471
34962,7313.642272,1,0,1,0,0,0,0.011035906
34964,7313.675616,1,0,1,0,0,0,0.011035906
34966,7313.708928,1,0,1,0,0,0,0.01105125
34968,7313.742272,1,0,1,0,0,0,0.011036255
34970,7313.775616,1,0,1,0,0,0,0.011027537
34972,7313.808928,1,0,1,0,0,0,0.01100243
34974,7313.842272,1,0,1,0,0,0,0.011014984
34976,7313.875584,1,0,1,0,0,0,0.011033465
34978,7313.908928,1,0,1,0,0,0,0.011009753
34980,7313.942272,1,0,1,0,0,0,0.011033814
34982,7313.975584,1,0,1,0,0,0,0.011018122
34984,7314.008928,1,0,1,0,0,0,0.011042881
34986,7314.042272,1,0,1,0,0,0,0.011065198
34988,7314.075584,1,0,1,0,0,0,0.011015681
34990,7314.108928,1,0,1,0,0,0,0.010993364
34992,7314.14224,1,0,1,0,0,0,0.011009056
34994,7314.175584,1,0,1,0,0,0,0.011017774
34996,7314.208928,1,0,1,0,0,0,0.011050552
34998,7314.24224,1,0,1,0,0,0,0.010997549
35000,7314.275584,1,0,1,0,0,0,0.011024748
35002,7314.308896,1,0,1,0,0,0,0.011048809
35004,7314.34224,1,0,1,0,0,0,0.011037999
35006,7314.375584,1,0,1,0,0,0,0.011027886
35008,7314.408896,1,0,1,0,0,0,0.011046019
35010,7314.44224,1,0,1,0,0,0,0.011035209
35012,7314.475584,1,0,1,0,0,0,0.011042183
35014,7314.508896,1,0,1,0,0,0,0.01098918
35016,7314.54224,1,0,1,0,0,0,0.011037301
35018,7314.575552,1,0,1,0,0,0,0.011045322
35020,7314.608896,1,0,1,0,0,0,0.011062408
35022,7314.64224,1,0,1,0,0,0,0.011047763
35024,7314.675552,1,0,1,0,0,0,0.011035906
35026,7314.708896,1,0,1,0,0,0,0.011035906
35028,7314.74224,1,0,1,0,0,0,0.011045322
35030,7314.775552,1,0,1,0,0,0,0.01103765
35032,7314.808896,1,0,1,0,0,0,0.011023353
35034,7314.84224,1,0,1,0,0,0,0.0110645
35036,7314.875552,1,0,1,0,0,0,0.011054388
35038,7314.908896,1,0,1,0,0,0,0.011037301
35040,7314.942208,1,0,1,0,0,0,0.011084726
35042,7314.975552,1,0,1,0,0,0,0.011062408
35044,7315.008896,1,0,1,0,0,0,0.011029978
35046,7315.042208,1,0,1,0,0,0,0.011022307
35048,7315.075552,1,0,1,0,0,0,0.011034512
35050,7315.108896,1,0,1,0,0,0,0.011028932
35052,7315.142208,1,0,1,0,0,0,0.011054039
35054,7315.175552,1,0,1,0,0,0,0.011007312
35056,7315.208864,1,0,1,0,0,0,0.011073218
35058,7315.242208,1,0,1,0,0,0,0.011019168
35060,7315.27552,1,0,1,0,0,0,0.011012194
35062,7315.308864,1,0,1,0,0,0,0.011018471
35064,7315.342208,1,0,1,0,0,0,0.011065198
35066,7315.37552,1,0,1,0,0,0,0.011013938
35068,7315.408864,1,0,1,0,0,0,0.011008707
35070,7315.442208,1,0,1,0,0,0,0.011018471
35072,7315.47552,1,0,1,0,0,0,0.011017425
35074,7315.508864,1,0,1,0,0,0,0.011013589
35076,7315.542208,1,0,1,0,0,0,0.011029978
35078,7315.57552,1,0,1,0,0,0,0.011035558
35080,7315.608864,1,0,1,0,0,0,0.010982205
35082,7315.642176,1,0,1,0,0,0,0.011006964
35084,7315.67552,1,0,1,0,0,0,0.011036953
35086,7315.708864,1,0,1,0,0,0,0.01101324
35088,7315.742176,1,0,1,0,0,0,0.010977672
35090,7315.77552,1,0,1,0,0,0,0.010961283
35092,7315.808864,1,0,1,0,0,0,0.01102405
35094,7315.842176,1,0,1,0,0,0,0.011006266
35096,7315.87552,1,0,1,0,0,0,0.011041137
35098,7315.908864,1,0,1,0,0,0,0.01098639
35100,7315.942176,1,0,1,0,0,0,0.011008707
35102,7315.97552,1,0,1,0,0,0,0.011003825
35104,7316.008832,1,0,1,0,0,0,0.011001733
35106,7316.042176,1,0,1,0,0,0,0.011012194
35108,7316.07552,1,0,1,0,0,0,0.011022307
35110,7316.108832,1,0,1,0,0,0,0.011065547
35112,7316.142176,1,0,1,0,0,0,0.011044275
35114,7316.17552,1,0,1,0,0,0,0.010964073
35116,7316.208832,1,0,1,0,0,0,0.010995805
35118,7316.242176,1,0,1,0,0,0,0.010970349
35120,7316.275488,1,0,1,0,0,0,0.011021958
35122,7316.308832,1,0,1,0,0,0,0.011049855
35124,7316.342176,1,0,1,0,0,0,0.011019517
35126,7316.375488,1,0,1,0,0,0,0.011033465
35128,7316.408832,1,0,1,0,0,0,0.011022656
35130,7316.442176,1,0,1,0,0,0,0.011029978
35132,7316.475488,1,0,1,0,0,0,0.011017425
35134,7316.508832,1,0,1,0,0,0,0.011016379
35136,7316.542144,1,0,1,0,0,0,0.010996851
35138,7316.575488,1,0,1,0,0,0,0.011056132
35140,7316.608832,1,0,1,0,0,0,0.011013938
35142,7316.642144,1,0,1,0,0,0,0.011025794
35144,7316.675488,1,0,1,0,0,0,0.011009753
35146,7316.7088,1,0,1,0,0,0,0.011020563
35148,7316.742144,1,0,1,0,0,0,0.010983949
35150,7316.775488,1,0,1,0,0,0,0.011036953
35152,7316.8088,1,0,1,0,0,0,0.010998943
35154,7316.842144,1,0,1,0,0,0,0.01096477
35156,7316.875488,1,0,1,0,0,0,0.010989528
35158,7316.9088,1,0,1,0,0,0,0.011039045
35160,7316.942144,1,0,1,0,0,0,0.010989528
35162,7316.975488,1,0,1,0,0,0,0.011008359
35164,7317.0088,1,0,1,0,0,0,0.011003477
35166,7317.042144,1,0,1,0,0,0,0.010990226
35168,7317.075488,1,0,1,0,0,0,0.01102684
35170,7317.1088,1,0,1,0,0,0,0.011019168
35172,7317.142144,1,0,1,0,0,0,0.010995456
35174,7317.175488,1,0,1,0,0,0,0.01095117
35176,7317.2088,1,0,1,0,0,0,0.011005918
35178,7317.242144,1,0,1,0,0,0,0.011004523
35180,7317.275488,1,0,1,0,0,0,0.011025794
35182,7317.3088,1,0,1,0,0,0,0.011021958
35184,7317.342112,1,0,1,0,0,0,0.011020215
35186,7317.375488,1,0,1,0,0,0,0.01099441
35188,7317.4088,1,0,1,0,0,0,0.010993713
35190,7317.442112,1,0,1,0,0,0,0.010984298
35192,7317.475488,1,0,1,0,0,0,0.010981857
35194,7317.5088,1,0,1,0,0,0,0.01100801
35196,7317.542112,1,0,1,0,0,0,0.010992667
35198,7317.575488,1,0,1,0,0,0,0.010987785
35200,7317.608768,1,0,1,0,0,0,0.011015681
35202,7317.642112,1,0,1,0,0,0,0.010995456
35204,7317.675488,1,0,1,0,0,0,0.010999641
35206,7317.708768,1,0,1,0,0,0,0.010978021
35208,7317.742112,1,0,1,0,0,0,0.01101324
35210,7317.775488,1,0,1,0,0,0,0.011012892
35212,7317.808768,1,0,1,0,0,0,0.011005569
35214,7317.842112,1,0,1,0,0,0,0.011017425
35216,7317.875488,1,0,1,0,0,0,0.010982205
35218,7317.908768,1,0,1,0,0,0,0.010981508
35220,7317.942112,1,0,1,0,0,0,0.010987087
35222,7317.975488,1,0,1,0,0,0,0.010991272
35224,7318.008768,1,0,1,0,0,0,0.010991272
35226,7318.04208,1,0,1,0,0,0,0.011031373
35228,7318.075488,1,0,1,0,0,0,0.011057526
35230,7318.108768,1,0,1,0,0,0,0.011023004
35232,7318.14208,1,0,1,0,0,0,0.011017076
35234,7318.175488,1,0,1,0,0,0,0.011057875
35236,7318.208768,1,0,1,0,0,0,0.011046368
35238,7318.24208,1,0,1,0,0,0,0.011065895
35240,7318.275488,1,0,1,0,0,0,0.010987785
35242,7318.308736,1,0,1,0,0,0,0.011008707
35244,7318.34208,1,0,1,0,0,0,0.010964073
35246,7318.375424,1,0,1,0,0,0,0.011010451
35248,7318.408736,1,0,1,0,0,0,0.010982903
35250,7318.44208,1,0,1,0,0,0,0.011002082
35252,7318.475424,1,0,1,0,0,0,0.011039045
35254,7318.508736,1,0,1,0,0,0,0.010991621
35256,7318.54208,1,0,1,0,0,0,0.011011497
35258,7318.575392,1,0,1,0,0,0,0.011065895
35260,7318.608736,1,0,1,0,0,0,0.010998246
35262,7318.64208,1,0,1,0,0,0,0.011037301
35264,7318.675392,1,0,1,0,0,0,0.011033814
35266,7318.708736,1,0,1,0,0,0,0.010996154
35268,7318.74208,1,0,1,0,0,0,0.011001036
35270,7318.775392,1,0,1,0,0,0,0.010995108
35272,7318.808736,1,0,1,0,0,0,0.011009056
35274,7318.84208,1,0,1,0,0,0,0.011025097
35276,7318.875392,1,0,1,0,0,0,0.010998246
35278,7318.908736,1,0,1,0,0,0,0.010986041
35280,7318.942048,1,0,1,0,0,0,0.010988133
35282,7318.975392,1,0,1,0,0,0,0.011003477
35284,7319.008736,1,0,1,0,0,0,0.010974883
35286,7319.042048,1,0,1,0,0,0,0.011019168
35288,7319.075392,1,0,1,0,0,0,0.01101324
35290,7319.108736,1,0,1,0,0,0,0.011003477
35292,7319.142048,1,0,1,0,0,0,0.01098639
35294,7319.175392,1,0,1,0,0,0,0.010994062
35296,7319.208704,1,0,1,0,0,0,0.010980811
35298,7319.242048,1,0,1,0,0,0,0.010975929
35300,7319.275392,1,0,1,0,0,0,0.010986041
35302,7319.308704,1,0,1,0,0,0,0.010970001
35304,7319.342048,1,0,1,0,0,0,0.011004871
35306,7319.375392,1,0,1,0,0,0,0.010982554
35308,7319.408704,1,0,1,0,0,0,0.010993015
35310,7319.442048,1,0,1,0,0,0,0.011006266
35312,7319.47536,1,0,1,0,0,0,0.010995456
35314,7319.508704,1,0,1,0,0,0,0.010982205
35316,7319.542048,1,0,1,0,0,0,0.010967211
35318,7319.57536,1,0,1,0,0,0,0.010986739
35320,7319.608704,1,0,1,0,0,0,0.010945591
35322,7319.642016,1,0,1,0,0,0,0.011030327
35324,7319.67536,1,0,1,0,0,0,0.010935827
35326,7319.708704,1,0,1,0,0,0,0.010993364
35328,7319.742016,1,0,1,0,0,0,0.010906536
35330,7319.77536,1,0,1,0,0,0,0.010960237
35332,7319.808704,1,0,1,0,0,0,0.010918392
35334,7319.842016,1,0,1,0,0,0,0.010944894
35336,7319.87536,1,0,1,0,0,0,0.010928504
35338,7319.908672,1,0,1,0,0,0,0.010938617
35340,7319.942016,1,0,1,0,0,0,0.010940012
35342,7319.97536,1,0,1,0,0,0,0.010950822
35344,7320.008672,1,0,1,0,0,0,0.010882475
35346,7320.042016,1,0,1,0,0,0,0.010950822
35348,7320.07536,1,0,1,0,0,0,0.01087585
35350,7320.108672,1,0,1,0,0,0,0.010904444
35352,7320.142016,1,0,1,0,0,0,0.01091351
35354,7320.17536,1,0,1,0,0,0,0.010928853
35356,7320.208672,1,0,1,0,0,0,0.010890147
35358,7320.242016,1,0,1,0,0,0,0.01094315
35360,7320.275328,1,0,1,0,0,0,0.010915254
35362,7320.308672,1,0,1,0,0,0,0.010957098
35364,7320.342016,1,0,1,0,0,0,0.010892588
35366,7320.375328,1,0,1,0,0,0,0.010976975
35368,7320.408672,1,0,1,0,0,0,0.010959191
35370,7320.442016,1,0,1,0,0,0,0.010985693
35372,7320.475328,1,0,1,0,0,0,0.01094594
35374,7320.508672,1,0,1,0,0,0,0.010952217
35376,7320.541984,1,0,1,0,0,0,0.010949427
35378,7320.575328,1,0,1,0,0,0,0.010936176
35380,7320.608672,1,0,1,0,0,0,0.010958145
35382,7320.641984,1,0,1,0,0,0,0.011005569
35384,7320.675328,1,0,1,0,0,0,0.01100243
35386,7320.708672,1,0,1,0,0,0,0.010965467
35388,7320.741984,1,0,1,0,0,0,0.010974534
35390,7320.775328,1,0,1,0,0,0,0.010959191
35392,7320.80864,1,0,1,0,0,0,0.010947683
35394,7320.841984,1,0,1,0,0,0,0.010923971
35396,7320.875328,1,0,1,0,0,0,0.010928156
35398,7320.90864,1,0,1,0,0,0,0.010967211
35400,7320.941984,1,0,1,0,0,0,0.010908279
35402,7320.975296,1,0,1,0,0,0,0.010942453
35404,7321.00864,1,0,1,0,0,0,0.010898864
35406,7321.041984,1,0,1,0,0,0,0.010885962
35408,7321.075296,1,0,1,0,0,0,0.010916648
35410,7321.10864,1,0,1,0,0,0,0.010892239
35412,7321.141984,1,0,1,0,0,0,0.010917694
35414,7321.175296,1,0,1,0,0,0,0.010955704
35416,7321.20864,1,0,1,0,0,0,0.010939663
35418,7321.241952,1,0,1,0,0,0,0.010896423
35420,7321.275296,1,0,1,0,0,0,0.010906187
35422,7321.30864,1,0,1,0,0,0,0.010923623
35424,7321.341952,1,0,1,0,0,0,0.010914556
35426,7321.375296,1,0,1,0,0,0,0.010912115
35428,7321.40864,1,0,1,0,0,0,0.010888403
35430,7321.441952,1,0,1,0,0,0,0.010928504
35432,7321.475296,1,0,1,0,0,0,0.010898864
35434,7321.50864,1,0,1,0,0,0,0.010887008
35436,7321.541952,1,0,1,0,0,0,0.0108891
35438,7321.575296,1,0,1,0,0,0,0.010904792
35440,7321.608608,1,0,1,0,0,0,0.010907582
35442,7321.641952,1,0,1,0,0,0,0.01092153
35444,7321.675296,1,0,1,0,0,0,0.010911766
35446,7321.708608,1,0,1,0,0,0,0.010922925
35448,7321.741952,1,0,1,0,0,0,0.010900957
35450,7321.775296,1,0,1,0,0,0,0.010909674
35452,7321.808608,1,0,1,0,0,0,0.010921182
35454,7321.841952,1,0,1,0,0,0,0.010932689
35456,7321.875264,1,0,1,0,0,0,0.010928504
35458,7321.908608,1,0,1,0,0,0,0.010921879
35460,7321.941952,1,0,1,0,0,0,0.010892936
35462,7321.975264,1,0,1,0,0,0,0.010906885
35464,7322.008608,1,0,1,0,0,0,0.010914905
35466,7322.041952,1,0,1,0,0,0,0.010913859
35468,7322.075264,1,0,1,0,0,0,0.010912464
35470,7322.108608,1,0,1,0,0,0,0.010922228
35472,7322.141952,1,0,1,0,0,0,0.010912464
35474,7322.175264,1,0,1,0,0,0,0.010895377
35476,7322.208608,1,0,1,0,0,0,0.010927458
35478,7322.24192,1,0,1,0,0,0,0.010927807
35480,7322.275264,1,0,1,0,0,0,0.010894331
35482,7322.308608,1,0,1,0,0,0,0.010898864
35484,7322.34192,1,0,1,0,0,0,0.010936525
35486,7322.375264,1,0,1,0,0,0,0.010907931
35488,7322.408576,1,0,1,0,0,0,0.010870619
35490,7322.44192,1,0,1,0,0,0,0.010927807
35492,7322.475264,1,0,1,0,0,0,0.010899562
35494,7322.508576,1,0,1,0,0,0,0.010894331
35496,7322.54192,1,0,1,0,0,0,0.010910023
35498,7322.575232,1,0,1,0,0,0,0.010930248
35500,7322.608576,1,0,1,0,0,0,0.010921182
35502,7322.64192,1,0,1,0,0,0,0.010939314
35504,7322.675232,1,0,1,0,0,0,0.010872362
35506,7322.708576,1,0,1,0,0,0,0.010899562
35508,7322.74192,1,0,1,0,0,0,0.010952914
35510,7322.775232,1,0,1,0,0,0,0.010907931
35512,7322.808576,1,0,1,0,0,0,0.010893285
35514,7322.84192,1,0,1,0,0,0,0.010893982
35516,7322.875232,1,0,1,0,0,0,0.010909674
35518,7322.908576,1,0,1,0,0,0,0.010945242
35520,7322.941888,1,0,1,0,0,0,0.010948381
35522,7322.975232,1,0,1,0,0,0,0.010941755
35524,7323.008576,1,0,1,0,0,0,0.01095117
35526,7323.041888,1,0,1,0,0,0,0.010939663
35528,7323.075232,1,0,1,0,0,0,0.010976975
35530,7323.108576,1,0,1,0,0,0,0.010974534
35532,7323.141888,1,0,1,0,0,0,0.010915951
35534,7323.175232,1,0,1,0,0,0,0.010948032
35536,7323.208544,1,0,1,0,0,0,0.010930248
35538,7323.241888,1,0,1,0,0,0,0.010970001
35540,7323.275232,1,0,1,0,0,0,0.010929202
35542,7323.308544,1,0,1,0,0,0,0.01095396
35544,7323.341888,1,0,1,0,0,0,0.010930945
35546,7323.375232,1,0,1,0,0,0,0.010969303
35548,7323.408544,1,0,1,0,0,0,0.010941755
35550,7323.441888,1,0,1,0,0,0,0.010941407
35552,7323.4752,1,0,1,0,0,0,0.010965467
35554,7323.508544,1,0,1,0,0,0,0.010927458
35556,7323.541888,1,0,1,0,0,0,0.010945242
35558,7323.5752,1,0,1,0,0,0,0.01092432
35560,7323.608544,1,0,1,0,0,0,0.010913161
35562,7323.641856,1,0,1,0,0,0,0.010951868
35564,7323.6752,1,0,1,0,0,0,0.010893634
35566,7323.708544,1,0,1,0,0,0,0.010939663
35568,7323.741856,1,0,1,0,0,0,0.010965119
35570,7323.7752,1,0,1,0,0,0,0.010900608
35572,7323.808544,1,0,1,0,0,0,0.010877942
35574,7323.841856,1,0,1,0,0,0,0.010945591
35576,7323.8752,1,0,1,0,0,0,0.010933735
35578,7323.908512,1,0,1,0,0,0,0.010902003
35580,7323.941856,1,0,1,0,0,0,0.010930597
35582,7323.9752,1,0,1,0,0,0,0.010926761
35584,7324.008512,1,0,1,0,0,0,0.01097279
35586,7324.041856,1,0,1,0,0,0,0.01094036
35588,7324.0752,1,0,1,0,0,0,0.010961632
35590,7324.108512,1,0,1,0,0,0,0.01094315
35592,7324.141856,1,0,1,0,0,0,0.010918043
35594,7324.1752,1,0,1,0,0,0,0.01097558
35596,7324.208512,1,0,1,0,0,0,0.010945242
35598,7324.241856,1,0,1,0,0,0,0.010928504
35600,7324.275168,1,0,1,0,0,0,0.011004174
35602,7324.308512,1,0,1,0,0,0,0.010946289
35604,7324.341856,1,0,1,0,0,0,0.010966514
35606,7324.375168,1,0,1,0,0,0,0.010990574
35608,7324.408512,1,0,1,0,0,0,0.011000687
35610,7324.441856,1,0,1,0,0,0,0.010934432
35612,7324.475168,1,0,1,0,0,0,0.010933038
35614,7324.508512,1,0,1,0,0,0,0.010941058
35616,7324.541824,1,0,1,0,0,0,0.010943848
35618,7324.575168,1,0,1,0,0,0,0.010984995
35620,7324.608512,1,0,1,0,0,0,0.010955355
35622,7324.641824,1,0,1,0,0,0,0.010970698
35624,7324.675168,1,0,1,0,0,0,0.010991621
35626,7324.708512,1,0,1,0,0,0,0.010950822
35628,7324.741824,1,0,1,0,0,0,0.010973139
35630,7324.775168,1,0,1,0,0,0,0.010982554
35632,7324.80848,1,0,1,0,0,0,0.01098639
35634,7324.841824,1,0,1,0,0,0,0.011019168
35636,7324.875168,1,0,1,0,0,0,0.010988133
35638,7324.90848,1,0,1,0,0,0,0.010962678
35640,7324.941824,1,0,1,0,0,0,0.010953611
35642,7324.975136,1,0,1,0,0,0,0.010984298
35644,7325.00848,1,0,1,0,0,0,0.010980811
35646,7325.041824,1,0,1,0,0,0,0.010977324
35648,7325.075136,1,0,1,0,0,0,0.010978718
35650,7325.10848,1,0,1,0,0,0,0.010965816
35652,7325.141824,1,0,1,0,0,0,0.010971395
35654,7325.175136,1,0,1,0,0,0,0.010977672
35656,7325.20848,1,0,1,0,0,0,0.010978021
35658,7325.241792,1,0,1,0,0,0,0.01096756
35660,7325.275136,1,0,1,0,0,0,0.010974883
35662,7325.30848,1,0,1,0,0,0,0.010962329
35664,7325.341792,1,0,1,0,0,0,0.010944196
35666,7325.375136,1,0,1,0,0,0,0.010974185
35668,7325.40848,1,0,1,0,0,0,0.010982205
35670,7325.441792,1,0,1,0,0,0,0.010983252
35672,7325.475136,1,0,1,0,0,0,0.010974534
35674,7325.50848,1,0,1,0,0,0,0.010951519
35676,7325.541792,1,0,1,0,0,0,0.010972442
35678,7325.575136,1,0,1,0,0,0,0.010969303
35680,7325.608448,1,0,1,0,0,0,0.011015681
35682,7325.641792,1,0,1,0,0,0,0.010989877
35684,7325.675136,1,0,1,0,0,0,0.010958842
35686,7325.708448,1,0,1,0,0,0,0.010955704
35688,7325.741792,1,0,1,0,0,0,0.010952914
35690,7325.775136,1,0,1,0,0,0,0.010951868
35692,7325.808448,1,0,1,0,0,0,0.01099441
35694,7325.841792,1,0,1,0,0,0,0.010968955
35696,7325.875104,1,0,1,0,0,0,0.010982554
35698,7325.908448,1,0,1,0,0,0,0.010948729
35700,7325.941792,1,0,1,0,0,0,0.010953611
35702,7325.975104,1,0,1,0,0,0,0.010963375
35704,7326.008448,1,0,1,0,0,0,0.010960586
35706,7326.04176,1,0,1,0,0,0,0.010959539
35708,7326.075104,1,0,1,0,0,0,0.010942453
35710,7326.108448,1,0,1,0,0,0,0.010987087
35712,7326.14176,1,0,1,0,0,0,0.011009405
35714,7326.175104,1,0,1,0,0,0,0.010987436
35716,7326.208448,1,0,1,0,0,0,0.01097558
35718,7326.24176,1,0,1,0,0,0,0.010957447
35720,7326.275104,1,0,1,0,0,0,0.010991272
35722,7326.308416,1,0,1,0,0,0,0.010972093
35724,7326.34176,1,0,1,0,0,0,0.010976975
35726,7326.375104,1,0,1,0,0,0,0.010952217
35728,7326.408416,1,0,1,0,0,0,0.010973488
35730,7326.44176,1,0,1,0,0,0,0.010958842
35732,7326.475104,1,0,1,0,0,0,0.010964421
35734,7326.508416,1,0,1,0,0,0,0.011003477
35736,7326.54176,1,0,1,0,0,0,0.011000687
35738,7326.575072,1,0,1,0,0,0,0.010944545
35740,7326.608416,1,0,1,0,0,0,0.011038696
35742,7326.64176,1,0,1,0,0,0,0.010982205
35744,7326.675072,1,0,1,0,0,0,0.010990923
35746,7326.708416,1,0,1,0,0,0,0.010980113
35748,7326.74176,1,0,1,0,0,0,0.010998943
35750,7326.775072,1,0,1,0,0,0,0.010953263
35752,7326.808416,1,0,1,0,0,0,0.010999641
35754,7326.84176,1,0,1,0,0,0,0.010987087
35756,7326.875072,1,0,1,0,0,0,0.010981159
35758,7326.908416,1,0,1,0,0,0,0.010981857
35760,7326.941728,1,0,1,0,0,0,0.010973488
35762,7326.975072,1,0,1,0,0,0,0.010988133
35764,7327.008416,1,0,1,0,0,0,0.010956401
35766,7327.041728,1,0,1,0,0,0,0.01096756
35768,7327.075072,1,0,1,0,0,0,0.011000687
35770,7327.108416,1,0,1,0,0,0,0.010988133
35772,7327.141728,1,0,1,0,0,0,0.010974534
35774,7327.175072,1,0,1,0,0,0,0.010979416
35776,7327.208384,1,0,1,0,0,0,0.010987087
35778,7327.241728,1,0,1,0,0,0,0.010952565
35780,7327.275072,1,0,1,0,0,0,0.010976277
35782,7327.308384,1,0,1,0,0,0,0.010970349
35784,7327.341728,1,0,1,0,0,0,0.010973836
35786,7327.375072,1,0,1,0,0,0,0.010976975
35788,7327.408384,1,0,1,0,0,0,0.010961283
35790,7327.441728,1,0,1,0,0,0,0.010964421
35792,7327.47504,1,0,1,0,0,0,0.010984646
35794,7327.508384,1,0,1,0,0,0,0.011001384
35796,7327.541728,1,0,1,0,0,0,0.010975231
35798,7327.57504,1,0,1,0,0,0,0.010989877
35800,7327.608384,1,0,1,0,0,0,0.010970349
35802,7327.641696,1,0,1,0,0,0,0.010967211
35804,7327.67504,1,0,1,0,0,0,0.01094315
35806,7327.708384,1,0,1,0,0,0,0.010965816
35808,7327.741696,1,0,1,0,0,0,0.010971744
35810,7327.77504,1,0,1,0,0,0,0.010945242
35812,7327.808384,1,0,1,0,0,0,0.010970349
35814,7327.841696,1,0,1,0,0,0,0.010973139
35816,7327.87504,1,0,1,0,0,0,0.010957796
35818,7327.908352,1,0,1,0,0,0,0.010959191
35820,7327.941696,1,0,1,0,0,0,0.010978718
35822,7327.97504,1,0,1,0,0,0,0.010939314
35824,7328.008352,1,0,1,0,0,0,0.010966862
35826,7328.041696,1,0,1,0,0,0,0.011022307
35828,7328.07504,1,0,1,0,0,0,0.010996502
35830,7328.108352,1,0,1,0,0,0,0.010970698
35832,7328.141696,1,0,1,0,0,0,0.010958145
35834,7328.17504,1,0,1,0,0,0,0.011017076
35836,7328.208352,1,0,1,0,0,0,0.010999641
35838,7328.241696,1,0,1,0,0,0,0.010960586
35840,7328.275008,1,0,1,0,0,0,0.010986041
35842,7328.308352,1,0,1,0,0,0,0.01102405
35844,7328.341696,1,0,1,0,0,0,0.011002779
35846,7328.375008,1,0,1,0,0,0,0.010999292
35848,7328.408352,1,0,1,0,0,0,0.010948729
35850,7328.441664,1,0,1,0,0,0,0.010990923
35852,7328.475008,1,0,1,0,0,0,0.010988482
35854,7328.508352,1,0,1,0,0,0,0.010984646
35856,7328.541664,1,0,1,0,0,0,0.010998943
35858,7328.575008,1,0,1,0,0,0,0.010998246
35860,7328.608352,1,0,1,0,0,0,0.011003825
35862,7328.641664,1,0,1,0,0,0,0.010999292
35864,7328.675008,1,0,1,0,0,0,0.010995108
35866,7328.708352,1,0,1,0,0,0,0.010980113
35868,7328.741664,1,0,1,0,0,0,0.010987436
35870,7328.775008,1,0,1,0,0,0,0.011006615
35872,7328.80832,1,0,1,0,0,0,0.010960586
35874,7328.841664,1,0,1,0,0,0,0.011007661
35876,7328.875008,1,0,1,0,0,0,0.01096477
35878,7328.90832,1,0,1,0,0,0,0.01100243
35880,7328.941664,1,0,1,0,0,0,0.010984995
35882,7328.974976,1,0,1,0,0,0,0.010960586
35884,7329.00832,1,0,1,0,0,0,0.010990923
35886,7329.041664,1,0,1,0,0,0,0.010981857
35888,7329.074976,1,0,1,0,0,0,0.01100522
35890,7329.10832,1,0,1,0,0,0,0.010954309
35892,7329.141632,1,0,1,0,0,0,0.010978021
35894,7329.174976,1,0,1,0,0,0,0.01098918
35896,7329.20832,1,0,1,0,0,0,0.011046716
35898,7329.241632,1,0,1,0,0,0,0.011012892
35900,7329.274976,1,0,1,0,0,0,0.010950473
35902,7329.30832,1,0,1,0,0,0,0.010975929
35904,7329.341632,1,0,1,0,0,0,0.010988133
35906,7329.374976,1,0,1,0,0,0,0.010998943
35908,7329.40832,1,0,1,0,0,0,0.011040091
35910,7329.441632,1,0,1,0,0,0,0.011004871
35912,7329.474976,1,0,1,0,0,0,0.01099999
35914,7329.50832,1,0,1,0,0,0,0.011025794
35916,7329.541632,1,0,1,0,0,0,0.010978021
35918,7329.574976,1,0,1,0,0,0,0.010987436
35920,7329.608288,1,0,1,0,0,0,0.011003825
35922,7329.641632,1,0,1,0,0,0,0.010979764
35924,7329.674976,1,0,1,0,0,0,0.010972093
35926,7329.708288,1,0,1,0,0,0,0.01101882
35928,7329.741632,1,0,1,0,0,0,0.011019517
35930,7329.774976,1,0,1,0,0,0,0.011001036
35932,7329.808288,1,0,1,0,0,0,0.011048111
35934,7329.841632,1,0,1,0,0,0,0.010986739
35936,7329.874944,1,0,1,0,0,0,0.011008359
35938,7329.908288,1,0,1,0,0,0,0.011007312
35940,7329.941632,1,0,1,0,0,0,0.011003825
35942,7329.974944,1,0,1,0,0,0,0.011011497
35944,7330.008288,1,0,1,0,0,0,0.01101603
35946,7330.0416,1,0,1,0,0,0,0.011012892
35948,7330.074944,1,0,1,0,0,0,0.010973836
35950,7330.108288,1,0,1,0,0,0,0.010971047
35952,7330.1416,1,0,1,0,0,0,0.011003825
35954,7330.174944,1,0,1,0,0,0,0.010957796
35956,7330.208288,1,0,1,0,0,0,0.010972093
35958,7330.2416,1,0,1,0,0,0,0.010971395
35960,7330.274944,1,0,1,0,0,0,0.0109836
35962,7330.308288,1,0,1,0,0,0,0.010973836
35964,7330.3416,1,0,1,0,0,0,0.010927807
35966,7330.374944,1,0,1,0,0,0,0.010920135
35968,7330.408256,1,0,1,0,0,0,0.010948032
35970,7330.4416,1,0,1,0,0,0,0.010939314
35972,7330.474944,1,0,1,0,0,0,0.010937571
35974,7330.508256,1,0,1,0,0,0,0.010928853
35976,7330.5416,1,0,1,0,0,0,0.010925366
35978,7330.574944,1,0,1,0,0,0,0.010934432
35980,7330.608256,1,0,1,0,0,0,0.0109027
35982,7330.6416,1,0,1,0,0,0,0.010962678
35984,7330.674944,1,0,1,0,0,0,0.010905838
35986,7330.708256,1,0,1,0,0,0,0.01093792
35988,7330.7416,1,0,1,0,0,0,0.010890495
35990,7330.774944,1,0,1,0,0,0,0.010910023
35992,7330.808256,1,0,1,0,0,0,0.010905141
35994,7330.841568,1,0,1,0,0,0,0.010921879
35996,7330.874912,1,0,1,0,0,0,0.010933386
35998,7330.908256,1,0,1,0,0,0,0.010910372
36000,7330.941568,1,0,1,0,0,0,0.01092711
36002,7330.974912,1,0,1,0,0,0,0.010936525
36004,7331.008256,1,0,1,0,0,0,0.010947335
36006,7331.041568,1,0,1,0,0,0,0.01095396
36008,7331.074912,1,0,1,0,0,0,0.010893285
36010,7331.108256,1,0,1,0,0,0,0.01095396
36012,7331.141568,1,0,1,0,0,0,0.01093234
36014,7331.174912,1,0,1,0,0,0,0.010957796
36016,7331.208224,1,0,1,0,0,0,0.010930945
36018,7331.241568,1,0,1,0,0,0,0.010916997
36020,7331.274912,1,0,1,0,0,0,0.010935479
36022,7331.308224,1,0,1,0,0,0,0.010942801
36024,7331.341568,1,0,1,0,0,0,0.010914905
36026,7331.374912,1,0,1,0,0,0,0.010957796
36028,7331.408224,1,0,1,0,0,0,0.010957447
36030,7331.441568,1,0,1,0,0,0,0.010957447
36032,7331.47488,1,0,1,0,0,0,0.010882475
36034,7331.508224,1,0,1,0,0,0,0.010879337
36036,7331.541568,1,0,1,0,0,0,0.010907931
36038,7331.57488,1,0,1,0,0,0,0.010944545
36040,7331.608224,1,0,1,0,0,0,0.01092153
36042,7331.641568,1,0,1,0,0,0,0.010897818
36044,7331.67488,1,0,1,0,0,0,0.010920135
36046,7331.708224,1,0,1,0,0,0,0.010945242
36048,7331.741536,1,0,1,0,0,0,0.010920135
36050,7331.77488,1,0,1,0,0,0,0.010942453
36052,7331.808224,1,0,1,0,0,0,0.01091072
36054,7331.841536,1,0,1,0,0,0,0.010915602
36056,7331.87488,1,0,1,0,0,0,0.010918741
36058,7331.908224,1,0,1,0,0,0,0.010919787
36060,7331.941536,1,0,1,0,0,0,0.010922925
36062,7331.97488,1,0,1,0,0,0,0.010926412
36064,7332.008192,1,0,1,0,0,0,0.010879337
36066,7332.041536,1,0,1,0,0,0,0.010918392
36068,7332.07488,1,0,1,0,0,0,0.01093513
36070,7332.108192,1,0,1,0,0,0,0.01089189
36072,7332.141536,1,0,1,0,0,0,0.010948381
36074,7332.174848,1,0,1,0,0,0,0.010869573
36076,7332.208192,1,0,1,0,0,0,0.010883172
36078,7332.241536,1,0,1,0,0,0,0.010918741
36080,7332.274848,1,0,1,0,0,0,0.010880034
36082,7332.308192,1,0,1,0,0,0,0.010872362
36084,7332.341536,1,0,1,0,0,0,0.010889798
36086,7332.374848,1,0,1,0,0,0,0.010879337
36088,7332.408192,1,0,1,0,0,0,0.010853881
36090,7332.441504,1,0,1,0,0,0,0.010890495
36092,7332.474848,1,0,1,0,0,0,0.010885613
36094,7332.508192,1,0,1,0,0,0,0.010866783
36096,7332.541504,1,0,1,0,0,0,0.01086225
36098,7332.574848,1,0,1,0,0,0,0.0108218
36100,7332.608192,1,0,1,0,0,0,0.01085423
36102,7332.641504,1,0,1,0,0,0,0.010863645
36104,7332.674848,1,0,1,0,0,0,0.010876896
36106,7332.708192,1,0,1,0,0,0,0.010880034
36108,7332.741504,1,0,1,0,0,0,0.010892588
36110,7332.774848,1,0,1,0,0,0,0.010877593
36112,7332.80816,1,0,1,0,0,0,0.010878988
36114,7332.841504,1,0,1,0,0,0,0.010905838
36116,7332.874848,1,0,1,0,0,0,0.01091351
36118,7332.90816,1,0,1,0,0,0,0.010875501
36120,7332.941504,1,0,1,0,0,0,0.010908279
36122,7332.974848,1,0,1,0,0,0,0.010914207
36124,7333.00816,1,0,1,0,0,0,0.010886659
36126,7333.041504,1,0,1,0,0,0,0.010947683
36128,7333.074816,1,0,1,0,0,0,0.010887008
36130,7333.10816,1,0,1,0,0,0,0.01095117
36132,7333.141504,1,0,1,0,0,0,0.010916997
36134,7333.174816,1,0,1,0,0,0,0.010984298
36136,7333.20816,1,0,1,0,0,0,0.010967211
36138,7333.241472,1,0,1,0,0,0,0.010958145
36140,7333.274816,1,0,1,0,0,0,0.010959888
36142,7333.30816,1,0,1,0,0,0,0.01098918
36144,7333.341472,1,0,1,0,0,0,0.010980113
36146,7333.374816,1,0,1,0,0,0,0.010986041
36148,7333.40816,1,0,1,0,0,0,0.010957796
36150,7333.441472,1,0,1,0,0,0,0.010950124
36152,7333.474816,1,0,1,0,0,0,0.010960934
36154,7333.508128,1,0,1,0,0,0,0.010947335
36156,7333.541472,1,0,1,0,0,0,0.010956052
36158,7333.574816,1,0,1,0,0,0,0.010948032
36160,7333.608128,1,0,1,0,0,0,0.010935827
36162,7333.641472,1,0,1,0,0,0,0.010954309
36164,7333.674816,1,0,1,0,0,0,0.01096477
36166,7333.708128,1,0,1,0,0,0,0.010967908
36168,7333.741472,1,0,1,0,0,0,0.010998246
36170,7333.774784,1,0,1,0,0,0,0.01096756
36172,7333.808128,1,0,1,0,0,0,0.010976626
36174,7333.841472,1,0,1,0,0,0,0.010963724
36176,7333.874784,1,0,1,0,0,0,0.010972093
36178,7333.908128,1,0,1,0,0,0,0.010977672
36180,7333.941472,1,0,1,0,0,0,0.010960586
36182,7333.974784,1,0,1,0,0,0,0.010896772
36184,7334.008128,1,0,1,0,0,0,0.010970698
36186,7334.041472,1,0,1,0,0,0,0.010968257
36188,7334.074784,1,0,1,0,0,0,0.010979764
36190,7334.108128,1,0,1,0,0,0,0.010939314
36192,7334.141472,1,0,1,0,0,0,0.010965816
36194,7334.174784,1,0,1,0,0,0,0.010959191
36196,7334.208128,1,0,1,0,0,0,0.010984646
36198,7334.241472,1,0,1,0,0,0,0.010953263
36200,7334.274784,1,0,1,0,0,0,0.011006964
36202,7334.308128,1,0,1,0,0,0,0.010991969
36204,7334.341472,1,0,1,0,0,0,0.01095396
36206,7334.374784,1,0,1,0,0,0,0.0109836
36208,7334.408096,1,0,1,0,0,0,0.010991272
36210,7334.441472,1,0,1,0,0,0,0.010948032
36212,7334.474784,1,0,1,0,0,0,0.010943848
36214,7334.508096,1,0,1,0,0,0,0.010954309
36216,7334.541472,1,0,1,0,0,0,0.010936525
36218,7334.574784,1,0,1,0,0,0,0.010935479
36220,7334.608096,1,0,1,0,0,0,0.01097558
36222,7334.641472,1,0,1,0,0,0,0.010932689
36224,7334.674752,1,0,1,0,0,0,0.010963724
36226,7334.708096,1,0,1,0,0,0,0.010957098
36228,7334.741472,1,0,1,0,0,0,0.010920135
36230,7334.774752,1,0,1,0,0,0,0.010978718
36232,7334.808096,1,0,1,0,0,0,0.010960586
36234,7334.841472,1,0,1,0,0,0,0.010936525
36236,7334.874752,1,0,1,0,0,0,0.010938268
36238,7334.908096,1,0,1,0,0,0,0.010956052
36240,7334.941472,1,0,1,0,0,0,0.010974534
36242,7334.974752,1,0,1,0,0,0,0.010962329
36244,7335.008096,1,0,1,0,0,0,0.010961632
36246,7335.041408,1,0,1,0,0,0,0.011003825
36248,7335.074752,1,0,1,0,0,0,0.010959539
36250,7335.108096,1,0,1,0,0,0,0.010963724
36252,7335.141408,1,0,1,0,0,0,0.010963724
36254,7335.174752,1,0,1,0,0,0,0.010917346
36256,7335.208064,1,0,1,0,0,0,0.010939314
36258,7335.241408,1,0,1,0,0,0,0.010940012
36260,7335.274752,1,0,1,0,0,0,0.010971744
36262,7335.308064,1,0,1,0,0,0,0.0109836
36264,7335.341408,1,0,1,0,0,0,0.010970001
36266,7335.374752,1,0,1,0,0,0,0.010955704
36268,7335.408064,1,0,1,0,0,0,0.01099441
36270,7335.441408,1,0,1,0,0,0,0.010925366
36272,7335.474752,1,0,1,0,0,0,0.010940012
36274,7335.508064,1,0,1,0,0,0,0.010947335
36276,7335.541408,1,0,1,0,0,0,0.010957796
36278,7335.57472,1,0,1,0,0,0,0.010959191
36280,7335.608064,1,0,1,0,0,0,0.010931992
36282,7335.641376,1,0,1,0,0,0,0.01091072
36284,7335.67472,1,0,1,0,0,0,0.010923623
36286,7335.708064,1,0,1,0,0,0,0.010954309
36288,7335.741376,1,0,1,0,0,0,0.010925017
36290,7335.77472,1,0,1,0,0,0,0.010921182
36292,7335.808064,1,0,1,0,0,0,0.010914905
36294,7335.841376,1,0,1,0,0,0,0.01091072
36296,7335.87472,1,0,1,0,0,0,0.01094036
36298,7335.908064,1,0,1,0,0,0,0.010922925
36300,7335.941376,1,0,1,0,0,0,0.01092153
36302,7335.97472,1,0,1,0,0,0,0.010921879
36304,7336.008032,1,0,1,0,0,0,0.010907931
36306,7336.041376,1,0,1,0,0,0,0.010900608
36308,7336.07472,1,0,1,0,0,0,0.010916997
36310,7336.108032,1,0,1,0,0,0,0.01092432
36312,7336.141376,1,0,1,0,0,0,0.010979067
36314,7336.17472,1,0,1,0,0,0,0.010938268
36316,7336.208032,1,0,1,0,0,0,0.010979067
36318,7336.241376,1,0,1,0,0,0,0.010889449
36320,7336.274688,1,0,1,0,0,0,0.010941058
36322,7336.308032,1,0,1,0,0,0,0.010921182
36324,7336.341376,1,0,1,0,0,0,0.010949776
36326,7336.374688,1,0,1,0,0,0,0.010943499
36328,7336.408032,1,0,1,0,0,0,0.010926412
36330,7336.441376,1,0,1,0,0,0,0.010943848
36332,7336.474688,1,0,1,0,0,0,0.010879337
36334,7336.508032,1,0,1,0,0,0,0.010933735
36336,7336.541344,1,0,1,0,0,0,0.010928504
36338,7336.574688,1,0,1,0,0,0,0.010973836
36340,7336.608032,1,0,1,0,0,0,0.010905838
36342,7336.641344,1,0,1,0,0,0,0.010940709
36344,7336.674688,1,0,1,0,0,0,0.010915951
36346,7336.708032,1,0,1,0,0,0,0.010966165
36348,7336.741344,1,0,1,0,0,0,0.010982205
36350,7336.774688,1,0,1,0,0,0,0.010905838
36352,7336.808,1,0,1,0,0,0,0.010958842
36354,7336.841344,1,0,1,0,0,0,0.010921879
36356,7336.874688,1,0,1,0,0,0,0.010953263
36358,7336.908,1,0,1,0,0,0,0.010962678
36360,7336.941344,1,0,1,0,0,0,0.010921879
36362,7336.974656,1,0,1,0,0,0,0.010907233
36364,7337.008,1,0,1,0,0,0,0.010968257
36366,7337.041344,1,0,1,0,0,0,0.010971395
36368,7337.074656,1,0,1,0,0,0,0.010946986
36370,7337.108,1,0,1,0,0,0,0.010959539
36372,7337.141344,1,0,1,0,0,0,0.010949078
36374,7337.174656,1,0,1,0,0,0,0.010936873
36376,7337.208,1,0,1,0,0,0,0.010964073
36378,7337.241312,1,0,1,0,0,0,0.010967211
36380,7337.274656,1,0,1,0,0,0,0.010973836
36382,7337.308,1,0,1,0,0,0,0.010968257
36384,7337.341312,1,0,1,0,0,0,0.01092711
36386,7337.374656,1,0,1,0,0,0,0.010964421
36388,7337.408,1,0,1,0,0,0,0.010940709
36390,7337.441312,1,0,1,0,0,0,0.010966862
36392,7337.474656,1,0,1,0,0,0,0.010980113
36394,7337.508,1,0,1,0,0,0,0.010957447
36396,7337.541312,1,0,1,0,0,0,0.010944894
36398,7337.574656,1,0,1,0,0,0,0.010941058
36400,7337.607968,1,0,1,0,0,0,0.010943499
36402,7337.641312,1,0,1,0,0,0,0.010933735
36404,7337.674656,1,0,1,0,0,0,0.010953611
36406,7337.707968,1,0,1,0,0,0,0.010936873
36408,7337.741312,1,0,1,0,0,0,0.01094315
36410,7337.774656,1,0,1,0,0,0,0.010979764
36412,7337.807968,1,0,1,0,0,0,0.010921182
36414,7337.841312,1,0,1,0,0,0,0.010893285
36416,7337.874624,1,0,1,0,0,0,0.011003128
36418,7337.907968,1,0,1,0,0,0,0.010903049
36420,7337.941312,1,0,1,0,0,0,0.010964073
36422,7337.974624,1,0,1,0,0,0,0.010926063
36424,7338.007968,1,0,1,0,0,0,0.010921182
36426,7338.041312,1,0,1,0,0,0,0.010940709
36428,7338.074624,1,0,1,0,0,0,0.010913859
36430,7338.107968,1,0,1,0,0,0,0.010933735
36432,7338.14128,1,0,1,0,0,0,0.010955355
36434,7338.174624,1,0,1,0,0,0,0.010957447
36436,7338.207968,1,0,1,0,0,0,0.010933386
36438,7338.24128,1,0,1,0,0,0,0.010900957
36440,7338.274624,1,0,1,0,0,0,0.010947683
36442,7338.307968,1,0,1,0,0,0,0.01092432
36444,7338.34128,1,0,1,0,0,0,0.010925715
36446,7338.374624,1,0,1,0,0,0,0.010881778
36448,7338.407936,1,0,1,0,0,0,0.010919787
36450,7338.44128,1,0,1,0,0,0,0.010949078
36452,7338.474624,1,0,1,0,0,0,0.010955006
36454,7338.507936,1,0,1,0,0,0,0.010937222
36456,7338.54128,1,0,1,0,0,0,0.010925715
36458,7338.574592,1,0,1,0,0,0,0.0109027
36460,7338.607936,1,0,1,0,0,0,0.010928156
36462,7338.64128,1,0,1,0,0,0,0.010906187
36464,7338.674592,1,0,1,0,0,0,0.010949776
36466,7338.707936,1,0,1,0,0,0,0.010950473
36468,7338.74128,1,0,1,0,0,0,0.010912464
36470,7338.774592,1,0,1,0,0,0,0.010933735
36472,7338.807936,1,0,1,0,0,0,0.010922576
36474,7338.84128,1,0,1,0,0,0,0.010933735
36476,7338.874592,1,0,1,0,0,0,0.010958842
36478,7338.907936,1,0,1,0,0,0,0.010950124
36480,7338.941248,1,0,1,0,0,0,0.010955006
36482,7338.974592,1,0,1,0,0,0,0.010904792
36484,7339.007936,1,0,1,0,0,0,0.010906885
36486,7339.041248,1,0,1,0,0,0,0.010965816
36488,7339.074592,1,0,1,0,0,0,0.010959191
36490,7339.107936,1,0,1,0,0,0,0.010939663
36492,7339.141248,1,0,1,0,0,0,0.010971395
36494,7339.174592,1,0,1,0,0,0,0.010898516
36496,7339.207904,1,0,1,0,0,0,0.010912813
36498,7339.241248,1,0,1,0,0,0,0.010944196
36500,7339.274592,1,0,1,0,0,0,0.010971395
36502,7339.307904,1,0,1,0,0,0,0.010932689
36504,7339.341248,1,0,1,0,0,0,0.010969303
36506,7339.374592,1,0,1,0,0,0,0.010911069
36508,7339.407904,1,0,1,0,0,0,0.010931643
36510,7339.441248,1,0,1,0,0,0,0.010940012
36512,7339.47456,1,0,1,0,0,0,0.010964421
36514,7339.507904,1,0,1,0,0,0,0.010933735
36516,7339.541248,1,0,1,0,0,0,0.010950822
36518,7339.57456,1,0,1,0,0,0,0.01091072
36520,7339.607904,1,0,1,0,0,0,0.010974185
36522,7339.641248,1,0,1,0,0,0,0.010960934
36524,7339.67456,1,0,1,0,0,0,0.010930248
36526,7339.707904,1,0,1,0,0,0,0.010950124
36528,7339.741216,1,0,1,0,0,0,0.01093234
36530,7339.77456,1,0,1,0,0,0,0.010950822
36532,7339.807904,1,0,1,0,0,0,0.010938268
36534,7339.841216,1,0,1,0,0,0,0.010930248
36536,7339.87456,1,0,1,0,0,0,0.010912813
36538,7339.907872,1,0,1,0,0,0,0.010896075
36540,7339.941216,1,0,1,0,0,0,0.010885962
36542,7339.97456,1,0,1,0,0,0,0.010900957
36544,7340.007872,1,0,1,0,0,0,0.01091351
36546,7340.041216,1,0,1,0,0,0,0.010904095
36548,7340.07456,1,0,1,0,0,0,0.01089189
36550,7340.107872,1,0,1,0,0,0,0.010897818
36552,7340.141216,1,0,1,0,0,0,0.01091072
36554,7340.174528,1,0,1,0,0,0,0.010892239
36556,7340.207872,1,0,1,0,0,0,0.010907931
36558,7340.241216,1,0,1,0,0,0,0.010926063
36560,7340.274528,1,0,1,0,0,0,0.010936873
36562,7340.307872,1,0,1,0,0,0,0.010907931
36564,7340.341216,1,0,1,0,0,0,0.010927458
36566,7340.374528,1,0,1,0,0,0,0.010903049
36568,7340.407872,1,0,1,0,0,0,0.010885613
36570,7340.441216,1,0,1,0,0,0,0.010927807
36572,7340.474528,1,0,1,0,0,0,0.010898864
36574,7340.507872,1,0,1,0,0,0,0.010926412
36576,7340.541184,1,0,1,0,0,0,0.010882126
36578,7340.574528,1,0,1,0,0,0,0.01089468
36580,7340.607872,1,0,1,0,0,0,0.010901654
36582,7340.641184,1,0,1,0,0,0,0.010904095
36584,7340.674528,1,0,1,0,0,0,0.010918741
36586,7340.707872,1,0,1,0,0,0,0.010921879
36588,7340.741184,1,0,1,0,0,0,0.010891193
36590,7340.774528,1,0,1,0,0,0,0.010878988
36592,7340.80784,1,0,1,0,0,0,0.010881429
36594,7340.841184,1,0,1,0,0,0,0.010882475
36596,7340.874528,1,0,1,0,0,0,0.010921879
36598,7340.90784,1,0,1,0,0,0,0.010903397
36600,7340.941184,1,0,1,0,0,0,0.010902003
36602,7340.974528,1,0,1,0,0,0,0.010923274
36604,7341.00784,1,0,1,0,0,0,0.010965467
36606,7341.041184,1,0,1,0,0,0,0.010934084
36608,7341.074496,1,0,1,0,0,0,0.010913161
36610,7341.10784,1,0,1,0,0,0,0.010901654
36612,7341.141184,1,0,1,0,0,0,0.010917346
36614,7341.174496,1,0,1,0,0,0,0.010944894
36616,7341.20784,1,0,1,0,0,0,0.010891193
36618,7341.241152,1,0,1,0,0,0,0.010901654
36620,7341.274496,1,0,1,0,0,0,0.010931643
36622,7341.30784,1,0,1,0,0,0,0.010954309
36624,7341.341152,1,0,1,0,0,0,0.010999641
36626,7341.374496,1,0,1,0,0,0,0.010996502
36628,7341.40784,1,0,1,0,0,0,0.010933386
36630,7341.441152,1,0,1,0,0,0,0.010941755
36632,7341.474496,1,0,1,0,0,0,0.010968606
36634,7341.507808,1,0,1,0,0,0,0.010952217
36636,7341.541152,1,0,1,0,0,0,0.010943499
36638,7341.574496,1,0,1,0,0,0,0.010949078
36640,7341.607808,1,0,1,0,0,0,0.010933386
36642,7341.641152,1,0,1,0,0,0,0.01093234
36644,7341.674496,1,0,1,0,0,0,0.010882475
36646,7341.707808,1,0,1,0,0,0,0.010893634
36648,7341.741152,1,0,1,0,0,0,0.0109027
36650,7341.774464,1,0,1,0,0,0,0.010895377
36652,7341.807808,1,0,1,0,0,0,0.010889798
36654,7341.841152,1,0,1,0,0,0,0.010912115
36656,7341.874464,1,0,1,0,0,0,0.010903746
36658,7341.907808,1,0,1,0,0,0,0.010890147
36660,7341.941152,1,0,1,0,0,0,0.010947335
36662,7341.974464,1,0,1,0,0,0,0.010917346
36664,7342.007808,1,0,1,0,0,0,0.010844466
36666,7342.041152,1,0,1,0,0,0,0.010850045
36668,7342.074464,1,0,1,0,0,0,0.010918043
36670,7342.107808,1,0,1,0,0,0,0.010928504
36672,7342.14112,1,0,1,0,0,0,0.010844117
36674,7342.174464,1,0,1,0,0,0,0.010886311
36676,7342.207808,1,0,1,0,0,0,0.010876896
36678,7342.24112,1,0,1,0,0,0,0.010870619
36680,7342.274464,1,0,1,0,0,0,0.010928504
36682,7342.307808,1,0,1,0,0,0,0.010904444
36684,7342.34112,1,0,1,0,0,0,0.010868875
36686,7342.374464,1,0,1,0,0,0,0.010893634
36688,7342.407776,1,0,1,0,0,0,0.010882475
36690,7342.44112,1,0,1,0,0,0,0.010869224
36692,7342.474464,1,0,1,0,0,0,0.010887357
36694,7342.507776,1,0,1,0,0,0,0.010878639
36696,7342.54112,1,0,1,0,0,0,0.010860506
36698,7342.574464,1,0,1,0,0,0,0.010896075
36700,7342.607776,1,0,1,0,0,0,0.010900608
36702,7342.64112,1,0,1,0,0,0,0.010861553
36704,7342.674432,1,0,1,0,0,0,0.010883521
36706,7342.707776,1,0,1,0,0,0,0.010890495
36708,7342.74112,1,0,1,0,0,0,0.010878639
36710,7342.774432,1,0,1,0,0,0,0.010859809
36712,7342.807776,1,0,1,0,0,0,0.01085144
36714,7342.84112,1,0,1,0,0,0,0.010862947
36716,7342.874432,1,0,1,0,0,0,0.010837492
36718,7342.907776,1,0,1,0,0,0,0.010864342
36720,7342.941088,1,0,1,0,0,0,0.010891193
36722,7342.974432,1,0,1,0,0,0,0.010861901
36724,7343.007776,1,0,1,0,0,0,0.010852137
36726,7343.041088,1,0,1,0,0,0,0.010875152
36728,7343.074432,1,0,1,0,0,0,0.010900259
36730,7343.107744,1,0,1,0,0,0,0.010852137
36732,7343.141088,1,0,1,0,0,0,0.010890147
36734,7343.174432,1,0,1,0,0,0,0.010874803
36736,7343.207744,1,0,1,0,0,0,0.010907931
36738,7343.241088,1,0,1,0,0,0,0.010890844
36740,7343.274432,1,0,1,0,0,0,0.010887706
36742,7343.307744,1,0,1,0,0,0,0.010891193
36744,7343.341088,1,0,1,0,0,0,0.01091072
36746,7343.3744,1,0,1,0,0,0,0.010920484
36748,7343.407744,1,0,1,0,0,0,0.010918043
36750,7343.441088,1,0,1,0,0,0,0.010916648
36752,7343.4744,1,0,1,0,0,0,0.010910372
36754,7343.507744,1,0,1,0,0,0,0.010919438
36756,7343.541088,1,0,1,0,0,0,0.010906885
36758,7343.5744,1,0,1,0,0,0,0.010928156
36760,7343.607744,1,0,1,0,0,0,0.010898864
36762,7343.641088,1,0,1,0,0,0,0.010981857
36764,7343.6744,1,0,1,0,0,0,0.010887357
36766,7343.707744,1,0,1,0,0,0,0.010933038
36768,7343.741056,1,0,1,0,0,0,0.010880034
36770,7343.7744,1,0,1,0,0,0,0.010895377
36772,7343.807744,1,0,1,0,0,0,0.010900957
36774,7343.841056,1,0,1,0,0,0,0.010888403
36776,7343.8744,1,0,1,0,0,0,0.010898864
36778,7343.907712,1,0,1,0,0,0,0.010925366
36780,7343.941056,1,0,1,0,0,0,0.010896075
36782,7343.9744,1,0,1,0,0,0,0.010915254
36784,7344.007712,1,0,1,0,0,0,0.010900957
36786,7344.041056,1,0,1,0,0,0,0.010918741
36788,7344.0744,1,0,1,0,0,0,0.010900957
36790,7344.107712,1,0,1,0,0,0,0.010907233
36792,7344.141056,1,0,1,0,0,0,0.010905838
36794,7344.1744,1,0,1,0,0,0,0.010872014
36796,7344.207712,1,0,1,0,0,0,0.010898167
36798,7344.241056,1,0,1,0,0,0,0.010906187
36800,7344.274368,1,0,1,0,0,0,0.010916997
36802,7344.307712,1,0,1,0,0,0,0.010921879
36804,7344.341056,1,0,1,0,0,0,0.010919787
36806,7344.374368,1,0,1,0,0,0,0.010903746
36808,7344.407712,1,0,1,0,0,0,0.010897818
36810,7344.441056,1,0,1,0,0,0,0.010904444
36812,7344.474368,1,0,1,0,0,0,0.010939314
36814,7344.507712,1,0,1,0,0,0,0.010889449
36816,7344.541024,1,0,1,0,0,0,0.010892588
36818,7344.574368,1,0,1,0,0,0,0.010896772
36820,7344.60768,1,0,1,0,0,0,0.010934084
36822,7344.641024,1,0,1,0,0,0,0.010888752
36824,7344.674368,1,0,1,0,0,0,0.010886311
36826,7344.70768,1,0,1,0,0,0,0.010919438
36828,7344.741024,1,0,1,0,0,0,0.010898516
36830,7344.774368,1,0,1,0,0,0,0.010900957
36832,7344.80768,1,0,1,0,0,0,0.010941407
36834,7344.841024,1,0,1,0,0,0,0.010877593
36836,7344.874368,1,0,1,0,0,0,0.010926761
36838,7344.90768,1,0,1,0,0,0,0.010888752
36840,7344.941024,1,0,1,0,0,0,0.010882824
36842,7344.974368,1,0,1,0,0,0,0.01091351
36844,7345.00768,1,0,1,0,0,0,0.010937571
36846,7345.041024,1,0,1,0,0,0,0.010942104
36848,7345.074336,1,0,1,0,0,0,0.010953263
36850,7345.10768,1,0,1,0,0,0,0.010965467
36852,7345.141024,1,0,1,0,0,0,0.010936176
36854,7345.174336,1,0,1,0,0,0,0.010929899
36856,7345.20768,1,0,1,0,0,0,0.010931294
36858,7345.240992,1,0,1,0,0,0,0.010900608
36860,7345.274336,1,0,1,0,0,0,0.010923274
36862,7345.30768,1,0,1,0,0,0,0.010955704
36864,7345.340992,1,0,1,0,0,0,0.01091351
36866,7345.374336,1,0,1,0,0,0,0.010993015
36868,7345.40768,1,0,1,0,0,0,0.010903049
36870,7345.440992,1,0,1,0,0,0,0.010900957
36872,7345.474336,1,0,1,0,0,0,0.010900259
36874,7345.507648,1,0,1,0,0,0,0.010900608
36876,7345.540992,1,0,1,0,0,0,0.010917346
36878,7345.574336,1,0,1,0,0,0,0.010891193
36880,7345.607648,1,0,1,0,0,0,0.010959539
36882,7345.640992,1,0,1,0,0,0,0.010897469
36884,7345.674336,1,0,1,0,0,0,0.010888054
36886,7345.707648,1,0,1,0,0,0,0.010894331
36888,7345.740992,1,0,1,0,0,0,0.010906885
36890,7345.774336,1,0,1,0,0,0,0.01087306
36892,7345.807648,1,0,1,0,0,0,0.010913161
36894,7345.840992,1,0,1,0,0,0,0.010906536
36896,7345.874304,1,0,1,0,0,0,0.010882126
36898,7345.907648,1,0,1,0,0,0,0.010909674
36900,7345.940992,1,0,1,0,0,0,0.010870968
36902,7345.974304,1,0,1,0,0,0,0.010876896
36904,7346.007648,1,0,1,0,0,0,0.010875501
36906,7346.040992,1,0,1,0,0,0,0.010887357
36908,7346.074304,1,0,1,0,0,0,0.010868875
36910,7346.107648,1,0,1,0,0,0,0.010895028
36912,7346.14096,1,0,1,0,0,0,0.010928156
36914,7346.174304,1,0,1,0,0,0,0.010884567
36916,7346.207648,1,0,1,0,0,0,0.010882824
36918,7346.24096,1,0,1,0,0,0,0.01087585
36920,7346.274304,1,0,1,0,0,0,0.010883172
36922,7346.307648,1,0,1,0,0,0,0.010904444
36924,7346.34096,1,0,1,0,0,0,0.010922925
36926,7346.374304,1,0,1,0,0,0,0.010925366
36928,7346.407616,1,0,1,0,0,0,0.010956052
36930,7346.44096,1,0,1,0,0,0,0.0109163
36932,7346.474304,1,0,1,0,0,0,0.010897818
36934,7346.507616,1,0,1,0,0,0,0.010892588
36936,7346.54096,1,0,1,0,0,0,0.010894331
36938,7346.574304,1,0,1,0,0,0,0.010863296
36940,7346.607616,1,0,1,0,0,0,0.010890147
36942,7346.64096,1,0,1,0,0,0,0.010847953
36944,7346.674272,1,0,1,0,0,0,0.010828774
36946,7346.707616,1,0,1,0,0,0,0.010849348
36948,7346.74096,1,0,1,0,0,0,0.010852835
36950,7346.774272,1,0,1,0,0,0,0.010830169
36952,7346.807616,1,0,1,0,0,0,0.01085946
36954,7346.84096,1,0,1,0,0,0,0.010877942
36956,7346.874272,1,0,1,0,0,0,0.01085423
36958,7346.907616,1,0,1,0,0,0,0.010871665
36960,7346.940928,1,0,1,0,0,0,0.01083261
36962,7346.974272,1,0,1,0,0,0,0.010851789
36964,7347.007616,1,0,1,0,0,0,0.01082982
36966,7347.040928,1,0,1,0,0,0,0.010825636
36968,7347.074272,1,0,1,0,0,0,0.010848999
36970,7347.107584,1,0,1,0,0,0,0.01083261
36972,7347.140928,1,0,1,0,0,0,0.01083784
36974,7347.174272,1,0,1,0,0,0,0.010838538
36976,7347.207584,1,0,1,0,0,0,0.010880034
36978,7347.240928,1,0,1,0,0,0,0.010816918
36980,7347.274272,1,0,1,0,0,0,0.010849348
36982,7347.307584,1,0,1,0,0,0,0.010874106
36984,7347.340928,1,0,1,0,0,0,0.010878639
36986,7347.37424,1,0,1,0,0,0,0.010871316
36988,7347.407584,1,0,1,0,0,0,0.010834702
36990,7347.440928,1,0,1,0,0,0,0.010900259
36992,7347.47424,1,0,1,0,0,0,0.010860855
36994,7347.507584,1,0,1,0,0,0,0.010815174
36996,7347.540928,1,0,1,0,0,0,0.010850394
36998,7347.57424,1,0,1,0,0,0,0.010854927
37000,7347.607584,1,0,1,0,0,0,0.010852137
37002,7347.640928,1,0,1,0,0,0,0.01085144
37004,7347.67424,1,0,1,0,0,0,0.010844117
37006,7347.707584,1,0,1,0,0,0,0.010839584
37008,7347.740896,1,0,1,0,0,0,0.010811339
37010,7347.77424,1,0,1,0,0,0,0.010861204
37012,7347.807584,1,0,1,0,0,0,0.010847255
37014,7347.840896,1,0,1,0,0,0,0.010851789
37016,7347.87424,1,0,1,0,0,0,0.010872711
37018,7347.907552,1,0,1,0,0,0,0.010883521
37020,7347.940896,1,0,1,0,0,0,0.010890147
37022,7347.97424,1,0,1,0,0,0,0.010865737
37024,7348.007552,1,0,1,0,0,0,0.010874106
37026,7348.040896,1,0,1,0,0,0,0.010882475
37028,7348.07424,1,0,1,0,0,0,0.010907931
37030,7348.107552,1,0,1,0,0,0,0.010845512
37032,7348.140896,1,0,1,0,0,0,0.010885265
37034,7348.17424,1,0,1,0,0,0,0.010898167
37036,7348.207552,1,0,1,0,0,0,0.010850045
37038,7348.240896,1,0,1,0,0,0,0.010888752
37040,7348.274208,1,0,1,0,0,0,0.010884567
37042,7348.307552,1,0,1,0,0,0,0.010884916
37044,7348.340896,1,0,1,0,0,0,0.010885613
37046,7348.374208,1,0,1,0,0,0,0.010846558
37048,7348.407552,1,0,1,0,0,0,0.010916648
37050,7348.440896,1,0,1,0,0,0,0.010852137
37052,7348.474208,1,0,1,0,0,0,0.010901305
37054,7348.507552,1,0,1,0,0,0,0.010845163
37056,7348.540864,1,0,1,0,0,0,0.010868875
37058,7348.574208,1,0,1,0,0,0,0.010858414
37060,7348.607552,1,0,1,0,0,0,0.010844466
37062,7348.640864,1,0,1,0,0,0,0.010870619
37064,7348.674208,1,0,1,0,0,0,0.010850743
37066,7348.70752,1,0,1,0,0,0,0.010879685
37068,7348.740864,1,0,1,0,0,0,0.01085423
37070,7348.774208,1,0,1,0,0,0,0.010876198
37072,7348.80752,1,0,1,0,0,0,0.010844466
37074,7348.840864,1,0,1,0,0,0,0.010900957
37076,7348.874208,1,0,1,0,0,0,0.01084342
37078,7348.90752,1,0,1,0,0,0,0.01082982
37080,7348.940864,1,0,1,0,0,0,0.010872362
37082,7348.974208,1,0,1,0,0,0,0.010842374
37084,7349.00752,1,0,1,0,0,0,0.010833656
37086,7349.040864,1,0,1,0,0,0,0.010875152
37088,7349.074176,1,0,1,0,0,0,0.01084342
37090,7349.10752,1,0,1,0,0,0,0.01086504
37092,7349.140864,1,0,1,0,0,0,0.010854578
37094,7349.174176,1,0,1,0,0,0,0.010826333
37096,7349.20752,1,0,1,0,0,0,0.010835051
37098,7349.240864,1,0,1,0,0,0,0.010890844
37100,7349.274176,1,0,1,0,0,0,0.010873757
37102,7349.30752,1,0,1,0,0,0,0.010885265
37104,7349.340832,1,0,1,0,0,0,0.010831912
37106,7349.374176,1,0,1,0,0,0,0.010873757
37108,7349.40752,1,0,1,0,0,0,0.01089991
37110,7349.440832,1,0,1,0,0,0,0.010864691
37112,7349.474176,1,0,1,0,0,0,0.01084865
37114,7349.507488,1,0,1,0,0,0,0.010858414
37116,7349.540832,1,0,1,0,0,0,0.010883172
37118,7349.574176,1,0,1,0,0,0,0.010861901
37120,7349.607488,1,0,1,0,0,0,0.010830866
37122,7349.640832,1,0,1,0,0,0,0.01085423
37124,7349.674176,1,0,1,0,0,0,0.010868527
37126,7349.707488,1,0,1,0,0,0,0.010896075
37128,7349.740832,1,0,1,0,0,0,0.01088108
37130,7349.774144,1,0,1,0,0,0,0.010893982
37132,7349.807488,1,0,1,0,0,0,0.01085144
37134,7349.840832,1,0,1,0,0,0,0.010852137
37136,7349.874144,1,0,1,0,0,0,0.010860855
37138,7349.907488,1,0,1,0,0,0,0.010834005
37140,7349.940832,1,0,1,0,0,0,0.010859112
37142,7349.974144,1,0,1,0,0,0,0.010851789
37144,7350.007488,1,0,1,0,0,0,0.0109163
37146,7350.0408,1,0,1,0,0,0,0.010812385
37148,7350.074144,1,0,1,0,0,0,0.01083784
37150,7350.107488,1,0,1,0,0,0,0.010877942
37152,7350.1408,1,0,1,0,0,0,0.010839235
37154,7350.174144,1,0,1,0,0,0,0.010829123
37156,7350.207488,1,0,1,0,0,0,0.010827379
37158,7350.2408,1,0,1,0,0,0,0.010840281
37160,7350.274144,1,0,1,0,0,0,0.010823543
37162,7350.307488,1,0,1,0,0,0,0.010857717
37164,7350.3408,1,0,1,0,0,0,0.010852835
37166,7350.374144,1,0,1,0,0,0,0.010842374
37168,7350.407488,1,0,1,0,0,0,0.01086504
37170,7350.4408,1,0,1,0,0,0,0.010798088
37172,7350.474144,1,0,1,0,0,0,0.010822497
37174,7350.507488,1,0,1,0,0,0,0.010848302
37176,7350.5408,1,0,1,0,0,0,0.010806108
37178,7350.574144,1,0,1,0,0,0,0.010886659
37180,7350.607488,1,0,1,0,0,0,0.01082982
37182,7350.6408,1,0,1,0,0,0,0.010833307
37184,7350.674112,1,0,1,0,0,0,0.010845163
37186,7350.707488,1,0,1,0,0,0,0.010849348
37188,7350.7408,1,0,1,0,0,0,0.010822497
37190,7350.774112,1,0,1,0,0,0,0.010857717
37192,7350.807488,1,0,1,0,0,0,0.010834005
37194,7350.8408,1,0,1,0,0,0,0.010871665
37196,7350.874112,1,0,1,0,0,0,0.010845163
37198,7350.907488,1,0,1,0,0,0,0.010853532
37200,7350.940768,1,0,1,0,0,0,0.010863296
37202,7350.974112,1,0,1,0,0,0,0.01085423
37204,7351.007488,1,0,1,0,0,0,0.010824241
37206,7351.040768,1,0,1,0,0,0,0.010861901
37208,7351.074112,1,0,1,0,0,0,0.010863993
37210,7351.107488,1,0,1,0,0,0,0.010844466
37212,7351.140768,1,0,1,0,0,0,0.01087585
37214,7351.174112,1,0,1,0,0,0,0.010860506
37216,7351.207488,1,0,1,0,0,0,0.010836794
37218,7351.240768,1,0,1,0,0,0,0.010827728
37220,7351.274112,1,0,1,0,0,0,0.010822846
37222,7351.307488,1,0,1,0,0,0,0.010841327
37224,7351.340768,1,0,1,0,0,0,0.010821451
37226,7351.37408,1,0,1,0,0,0,0.010823195
37228,7351.407488,1,0,1,0,0,0,0.010839584
37230,7351.440768,1,0,1,0,0,0,0.01085423
37232,7351.47408,1,0,1,0,0,0,0.010839235
37234,7351.507488,1,0,1,0,0,0,0.01084063
37236,7351.540768,1,0,1,0,0,0,0.010851091
37238,7351.57408,1,0,1,0,0,0,0.010828774
37240,7351.607488,1,0,1,0,0,0,0.010879337
37242,7351.640736,1,0,1,0,0,0,0.010830866
37244,7351.67408,1,0,1,0,0,0,0.010850394
37246,7351.707424,1,0,1,0,0,0,0.0109027
37248,7351.740736,1,0,1,0,0,0,0.010829123
37250,7351.77408,1,0,1,0,0,0,0.010863993
37252,7351.807424,1,0,1,0,0,0,0.010866434
37254,7351.840736,1,0,1,0,0,0,0.01085423
37256,7351.87408,1,0,1,0,0,0,0.010860506
37258,7351.907424,1,0,1,0,0,0,0.010862599
37260,7351.940736,1,0,1,0,0,0,0.010838887
37262,7351.97408,1,0,1,0,0,0,0.010868178
37264,7352.007392,1,0,1,0,0,0,0.010846209
37266,7352.040736,1,0,1,0,0,0,0.010827379
37268,7352.07408,1,0,1,0,0,0,0.010797739
37270,7352.107392,1,0,1,0,0,0,0.010882126
37272,7352.140736,1,0,1,0,0,0,0.010874455
37274,7352.17408,1,0,1,0,0,0,0.010849348
37276,7352.207392,1,0,1,0,0,0,0.010900957
37278,7352.240736,1,0,1,0,0,0,0.010853881
37280,7352.274048,1,0,1,0,0,0,0.010853184
37282,7352.307392,1,0,1,0,0,0,0.010824241
37284,7352.340736,1,0,1,0,0,0,0.010846907
37286,7352.374048,1,0,1,0,0,0,0.01086225
37288,7352.407392,1,0,1,0,0,0,0.01092153
37290,7352.440736,1,0,1,0,0,0,0.010955355
37292,7352.474048,1,0,1,0,0,0,0.010907582
37294,7352.507392,1,0,1,0,0,0,0.01091072
37296,7352.540704,1,0,1,0,0,0,0.01092432
37298,7352.574048,1,0,1,0,0,0,0.010981857
37300,7352.607392,1,0,1,0,0,0,0.010906536
37302,7352.640704,1,0,1,0,0,0,0.010912464
37304,7352.674048,1,0,1,0,0,0,0.010865388
37306,7352.707392,1,0,1,0,0,0,0.010908279
37308,7352.740704,1,0,1,0,0,0,0.010919787
37310,7352.774048,1,0,1,0,0,0,0.010868178
37312,7352.80736,1,0,1,0,0,0,0.01090549
37314,7352.840704,1,0,1,0,0,0,0.010898864
37316,7352.874048,1,0,1,0,0,0,0.010884567
37318,7352.90736,1,0,1,0,0,0,0.010886659
37320,7352.940704,1,0,1,0,0,0,0.010853881
37322,7352.974016,1,0,1,0,0,0,0.01089991
37324,7353.00736,1,0,1,0,0,0,0.010890147
37326,7353.040704,1,0,1,0,0,0,0.010869922
37328,7353.074016,1,0,1,0,0,0,0.01085423
37330,7353.10736,1,0,1,0,0,0,0.010853532
37332,7353.140704,1,0,1,0,0,0,0.010887008
37334,7353.174016,1,0,1,0,0,0,0.010839933
37336,7353.20736,1,0,1,0,0,0,0.010857019
37338,7353.240672,1,0,1,0,0,0,0.010852137
37340,7353.274016,1,0,1,0,0,0,0.010829471
37342,7353.30736,1,0,1,0,0,0,0.010831912
37344,7353.340672,1,0,1,0,0,0,0.01085946
37346,7353.374016,1,0,1,0,0,0,0.010846907
37348,7353.40736,1,0,1,0,0,0,0.010894331
37350,7353.440672,1,0,1,0,0,0,0.01089468
37352,7353.474016,1,0,1,0,0,0,0.010873757
37354,7353.50736,1,0,1,0,0,0,0.01086504
37356,7353.540672,1,0,1,0,0,0,0.010867481
37358,7353.574016,1,0,1,0,0,0,0.010871316
37360,7353.607328,1,0,1,0,0,0,0.01089189
37362,7353.640672,1,0,1,0,0,0,0.010827379
37364,7353.674016,1,0,1,0,0,0,0.010845512
37366,7353.707328,1,0,1,0,0,0,0.010845163
37368,7353.740672,1,0,1,0,0,0,0.010791811
37370,7353.774016,1,0,1,0,0,0,0.010843768
37372,7353.807328,1,0,1,0,0,0,0.010859112
37374,7353.840672,1,0,1,0,0,0,0.010830169
37376,7353.873984,1,0,1,0,0,0,0.010888054
37378,7353.907328,1,0,1,0,0,0,0.010833307
37380,7353.940672,1,0,1,0,0,0,0.010844117
37382,7353.973984,1,0,1,0,0,0,0.010826682
37384,7354.007328,1,0,1,0,0,0,0.010826333
37386,7354.040672,1,0,1,0,0,0,0.010895726
37388,7354.073984,1,0,1,0,0,0,0.010842722
37390,7354.107328,1,0,1,0,0,0,0.010866434
37392,7354.14064,1,0,1,0,0,0,0.010884567
37394,7354.173984,1,0,1,0,0,0,0.010831215
37396,7354.207328,1,0,1,0,0,0,0.010871316
37398,7354.24064,1,0,1,0,0,0,0.01081901
37400,7354.273984,1,0,1,0,0,0,0.01087027
37402,7354.307296,1,0,1,0,0,0,0.010841676
37404,7354.34064,1,0,1,0,0,0,0.010931992
37406,7354.373984,1,0,1,0,0,0,0.010917346
37408,7354.407296,1,0,1,0,0,0,0.010847604
37410,7354.44064,1,0,1,0,0,0,0.010920135
37412,7354.473984,1,0,1,0,0,0,0.010877244
37414,7354.507296,1,0,1,0,0,0,0.010901305
37416,7354.54064,1,0,1,0,0,0,0.010909674
37418,7354.573952,1,0,1,0,0,0,0.010878639
37420,7354.607296,1,0,1,0,0,0,0.01086504
37422,7354.64064,1,0,1,0,0,0,0.010893634
37424,7354.673952,1,0,1,0,0,0,0.010858065
37426,7354.707296,1,0,1,0,0,0,0.010899213
37428,7354.74064,1,0,1,0,0,0,0.010899213
37430,7354.773952,1,0,1,0,0,0,0.010882475
37432,7354.807296,1,0,1,0,0,0,0.010948381
37434,7354.84064,1,0,1,0,0,0,0.010885265
37436,7354.873952,1,0,1,0,0,0,0.010918741
37438,7354.907296,1,0,1,0,0,0,0.010905141
37440,7354.940608,1,0,1,0,0,0,0.010926063
37442,7354.973952,1,0,1,0,0,0,0.010836794
37444,7355.007296,1,0,1,0,0,0,0.010831912
37446,7355.040608,1,0,1,0,0,0,0.010851789
37448,7355.073952,1,0,1,0,0,0,0.010859809
37450,7355.107296,1,0,1,0,0,0,0.010909674
37452,7355.140608,1,0,1,0,0,0,0.010910023
37454,7355.173952,1,0,1,0,0,0,0.010844117
37456,7355.207264,1,0,1,0,0,0,0.010876198
37458,7355.240608,1,0,1,0,0,0,0.010906536
37460,7355.273952,1,0,1,0,0,0,0.010882824
37462,7355.307264,1,0,1,0,0,0,0.010907233
37464,7355.340608,1,0,1,0,0,0,0.010904444
37466,7355.373952,1,0,1,0,0,0,0.010883521
37468,7355.407264,1,0,1,0,0,0,0.010883521
37470,7355.440608,1,0,1,0,0,0,0.010897121
37472,7355.473952,1,0,1,0,0,0,0.01089468
37474,7355.507264,1,0,1,0,0,0,0.010875501
37476,7355.540608,1,0,1,0,0,0,0.010888752
37478,7355.57392,1,0,1,0,0,0,0.010910023
37480,7355.607264,1,0,1,0,0,0,0.010913161
37482,7355.640608,1,0,1,0,0,0,0.010852137
37484,7355.67392,1,0,1,0,0,0,0.010897121
37486,7355.707264,1,0,1,0,0,0,0.010952217
37488,7355.740576,1,0,1,0,0,0,0.01089991
37490,7355.77392,1,0,1,0,0,0,0.010899562
37492,7355.807264,1,0,1,0,0,0,0.010903397
37494,7355.840576,1,0,1,0,0,0,0.01092432
37496,7355.87392,1,0,1,0,0,0,0.010897818
37498,7355.907232,1,0,1,0,0,0,0.010926761
37500,7355.940576,1,0,1,0,0,0,0.010878988
37502,7355.97392,1,0,1,0,0,0,0.010884219
37504,7356.007232,1,0,1,0,0,0,0.010834702
37506,7356.040576,1,0,1,0,0,0,0.010823195
37508,7356.07392,1,0,1,0,0,0,0.010886311
37510,7356.107232,1,0,1,0,0,0,0.01088108
37512,7356.140576,1,0,1,0,0,0,0.010895726
37514,7356.173888,1,0,1,0,0,0,0.010901654
37516,7356.207232,1,0,1,0,0,0,0.010860158
37518,7356.240576,1,0,1,0,0,0,0.010898516
37520,7356.273888,1,0,1,0,0,0,0.010866434
37522,7356.307232,1,0,1,0,0,0,0.01086225
37524,7356.340576,1,0,1,0,0,0,0.010867829
37526,7356.373888,1,0,1,0,0,0,0.010853881
37528,7356.407232,1,0,1,0,0,0,0.010852137
37530,7356.440576,1,0,1,0,0,0,0.010853184
37532,7356.473888,1,0,1,0,0,0,0.010871665
37534,7356.507232,1,0,1,0,0,0,0.010869922
37536,7356.540544,1,0,1,0,0,0,0.010882126
37538,7356.573888,1,0,1,0,0,0,0.010843768
37540,7356.607232,1,0,1,0,0,0,0.010902003
37542,7356.640544,1,0,1,0,0,0,0.010860158
37544,7356.673888,1,0,1,0,0,0,0.01087585
37546,7356.707232,1,0,1,0,0,0,0.010878639
37548,7356.740544,1,0,1,0,0,0,0.010845163
37550,7356.773888,1,0,1,0,0,0,0.010867829
37552,7356.8072,1,0,1,0,0,0,0.010884219
37554,7356.840544,1,0,1,0,0,0,0.010885265
37556,7356.873888,1,0,1,0,0,0,0.010842025
37558,7356.9072,1,0,1,0,0,0,0.010867829
37560,7356.940544,1,0,1,0,0,0,0.010876896
37562,7356.973888,1,0,1,0,0,0,0.010824241
37564,7357.0072,1,0,1,0,0,0,0.010893634
37566,7357.040544,1,0,1,0,0,0,0.010895726
37568,7357.073856,1,0,1,0,0,0,0.010852137
37570,7357.1072,1,0,1,0,0,0,0.010909674
37572,7357.140544,1,0,1,0,0,0,0.010854927
37574,7357.173856,1,0,1,0,0,0,0.010876547
37576,7357.2072,1,0,1,0,0,0,0.010852835
37578,7357.240544,1,0,1,0,0,0,0.010863645
37580,7357.273856,1,0,1,0,0,0,0.010892588
37582,7357.3072,1,0,1,0,0,0,0.010870968
37584,7357.340512,1,0,1,0,0,0,0.010844117
37586,7357.373856,1,0,1,0,0,0,0.010876896
37588,7357.4072,1,0,1,0,0,0,0.01085946
37590,7357.440512,1,0,1,0,0,0,0.010877593
37592,7357.473856,1,0,1,0,0,0,0.010866086
37594,7357.507168,1,0,1,0,0,0,0.010876547
37596,7357.540512,1,0,1,0,0,0,0.010890147
37598,7357.573856,1,0,1,0,0,0,0.010876198
37600,7357.607168,1,0,1,0,0,0,0.010867829
37602,7357.640512,1,0,1,0,0,0,0.010836446
37604,7357.673856,1,0,1,0,0,0,0.010832261
37606,7357.707168,1,0,1,0,0,0,0.010856671
37608,7357.740512,1,0,1,0,0,0,0.010829123
37610,7357.773824,1,0,1,0,0,0,0.010875152
37612,7357.807168,1,0,1,0,0,0,0.010806457
37614,7357.840512,1,0,1,0,0,0,0.010856671
37616,7357.873824,1,0,1,0,0,0,0.010824938
37618,7357.907168,1,0,1,0,0,0,0.010867132
37620,7357.940512,1,0,1,0,0,0,0.010908977
37622,7357.973824,1,0,1,0,0,0,0.010840979
37624,7358.007168,1,0,1,0,0,0,0.010868178
37626,7358.040512,1,0,1,0,0,0,0.010877244
37628,7358.073824,1,0,1,0,0,0,0.01084865
37630,7358.107168,1,0,1,0,0,0,0.010867481
37632,7358.14048,1,0,1,0,0,0,0.010826682
37634,7358.173824,1,0,1,0,0,0,0.010853881
37636,7358.207168,1,0,1,0,0,0,0.010883521
37638,7358.24048,1,0,1,0,0,0,0.010817615
37640,7358.273824,1,0,1,0,0,0,0.010872014
37642,7358.307168,1,0,1,0,0,0,0.010902003
37644,7358.34048,1,0,1,0,0,0,0.010854578
37646,7358.373824,1,0,1,0,0,0,0.010895726
37648,7358.407136,1,0,1,0,0,0,0.010926761
37650,7358.44048,1,0,1,0,0,0,0.010879685
37652,7358.473824,1,0,1,0,0,0,0.010845861
37654,7358.507136,1,0,1,0,0,0,0.010892588
37656,7358.54048,1,0,1,0,0,0,0.010860158
37658,7358.573824,1,0,1,0,0,0,0.010893285
37660,7358.607136,1,0,1,0,0,0,0.010869224
37662,7358.64048,1,0,1,0,0,0,0.010870968
37664,7358.673792,1,0,1,0,0,0,0.010866434
37666,7358.707136,1,0,1,0,0,0,0.010832958
37668,7358.74048,1,0,1,0,0,0,0.010829471
37670,7358.773792,1,0,1,0,0,0,0.010839584
37672,7358.807136,1,0,1,0,0,0,0.010878988
37674,7358.84048,1,0,1,0,0,0,0.010898167
37676,7358.873792,1,0,1,0,0,0,0.010887706
37678,7358.907136,1,0,1,0,0,0,0.010887706
37680,7358.940448,1,0,1,0,0,0,0.010899562
37682,7358.973792,1,0,1,0,0,0,0.010851789
37684,7359.007136,1,0,1,0,0,0,0.010842722
37686,7359.040448,1,0,1,0,0,0,0.010857019
37688,7359.073792,1,0,1,0,0,0,0.010842025
37690,7359.107104,1,0,1,0,0,0,0.010898516
37692,7359.140448,1,0,1,0,0,0,0.010864342
37694,7359.173792,1,0,1,0,0,0,0.010888403
37696,7359.207104,1,0,1,0,0,0,0.010868527
37698,7359.240448,1,0,1,0,0,0,0.010844815
37700,7359.27376,1,0,1,0,0,0,0.010870968
37702,7359.307104,1,0,1,0,0,0,0.010867132
37704,7359.340448,1,0,1,0,0,0,0.010913859
37706,7359.37376,1,0,1,0,0,0,0.010897121
37708,7359.407104,1,0,1,0,0,0,0.010903397
37710,7359.440448,1,0,1,0,0,0,0.010878988
37712,7359.47376,1,0,1,0,0,0,0.010927458
37714,7359.507104,1,0,1,0,0,0,0.010900957
37716,7359.540448,1,0,1,0,0,0,0.010879685
37718,7359.57376,1,0,1,0,0,0,0.010925366
37720,7359.607104,1,0,1,0,0,0,0.010881778
37722,7359.640448,1,0,1,0,0,0,0.010885613
37724,7359.67376,1,0,1,0,0,0,0.010900259
37726,7359.707104,1,0,1,0,0,0,0.010900608
37728,7359.740416,1,0,1,0,0,0,0.010883172
37730,7359.77376,1,0,1,0,0,0,0.010918392
37732,7359.807104,1,0,1,0,0,0,0.010815523
37734,7359.840416,1,0,1,0,0,0,0.010862599
37736,7359.87376,1,0,1,0,0,0,0.010869224
37738,7359.907104,1,0,1,0,0,0,0.010923274
37740,7359.940416,1,0,1,0,0,0,0.010826682
37742,7359.97376,1,0,1,0,0,0,0.01084063
37744,7360.007072,1,0,1,0,0,0,0.010876896
37746,7360.040416,1,0,1,0,0,0,0.010866086
37748,7360.07376,1,0,1,0,0,0,0.010828774
37750,7360.107072,1,0,1,0,0,0,0.010883172
37752,7360.140416,1,0,1,0,0,0,0.010861553
37754,7360.17376,1,0,1,0,0,0,0.010909674
37756,7360.207072,1,0,1,0,0,0,0.010872711
37758,7360.240416,1,0,1,0,0,0,0.010884916
37760,7360.273728,1,0,1,0,0,0,0.010895726
37762,7360.307072,1,0,1,0,0,0,0.010832958
37764,7360.340416,1,0,1,0,0,0,0.010853184
37766,7360.373728,1,0,1,0,0,0,0.010839584
37768,7360.407072,1,0,1,0,0,0,0.01089991
37770,7360.440416,1,0,1,0,0,0,0.010845861
37772,7360.473728,1,0,1,0,0,0,0.010831912
37774,7360.507072,1,0,1,0,0,0,0.010872711
37776,7360.540384,1,0,1,0,0,0,0.010893982
37778,7360.573728,1,0,1,0,0,0,0.010893285
37780,7360.607072,1,0,1,0,0,0,0.010885265
37782,7360.640384,1,0,1,0,0,0,0.010872711
37784,7360.673728,1,0,1,0,0,0,0.010860855
37786,7360.707072,1,0,1,0,0,0,0.010852486
37788,7360.740384,1,0,1,0,0,0,0.010883172
37790,7360.773728,1,0,1,0,0,0,0.010873757
37792,7360.80704,1,0,1,0,0,0,0.010869224
37794,7360.840384,1,0,1,0,0,0,0.01089991
37796,7360.873728,1,0,1,0,0,0,0.010872362
37798,7360.90704,1,0,1,0,0,0,0.01085144
37800,7360.940384,1,0,1,0,0,0,0.010851091
37802,7360.973728,1,0,1,0,0,0,0.010847953
37804,7361.00704,1,0,1,0,0,0,0.010882824
37806,7361.040384,1,0,1,0,0,0,0.010874803
37808,7361.073696,1,0,1,0,0,0,0.010859809
37810,7361.10704,1,0,1,0,0,0,0.010882126
37812,7361.140384,1,0,1,0,0,0,0.010866086
37814,7361.173696,1,0,1,0,0,0,0.010885613
37816,7361.20704,1,0,1,0,0,0,0.010862599
37818,7361.240352,1,0,1,0,0,0,0.010849348
37820,7361.273696,1,0,1,0,0,0,0.010880731
37822,7361.30704,1,0,1,0,0,0,0.010868527
37824,7361.340352,1,0,1,0,0,0,0.010868178
37826,7361.373696,1,0,1,0,0,0,0.010859809
37828,7361.40704,1,0,1,0,0,0,0.010885613
37830,7361.440352,1,0,1,0,0,0,0.010839235
37832,7361.473696,1,0,1,0,0,0,0.010876198
37834,7361.507008,1,0,1,0,0,0,0.010835748
37836,7361.540352,1,0,1,0,0,0,0.010871316
37838,7361.573696,1,0,1,0,0,0,0.010831564
37840,7361.607008,1,0,1,0,0,0,0.010895726
37842,7361.640352,1,0,1,0,0,0,0.010870968
37844,7361.673696,1,0,1,0,0,0,0.010895377
37846,7361.707008,1,0,1,0,0,0,0.010865388
37848,7361.740352,1,0,1,0,0,0,0.010907582
37850,7361.773664,1,0,1,0,0,0,0.010890147
37852,7361.807008,1,0,1,0,0,0,0.010856671
37854,7361.840352,1,0,1,0,0,0,0.010868178
37856,7361.873664,1,0,1,0,0,0,0.010904095
37858,7361.907008,1,0,1,0,0,0,0.010881778
37860,7361.940352,1,0,1,0,0,0,0.010877593
37862,7361.973664,1,0,1,0,0,0,0.010895377
37864,7362.007008,1,0,1,0,0,0,0.010884916
37866,7362.040352,1,0,1,0,0,0,0.010934084
37868,7362.073664,1,0,1,0,0,0,0.010903049
37870,7362.107008,1,0,1,0,0,0,0.010884567
37872,7362.14032,1,0,1,0,0,0,0.010890495
37874,7362.173664,1,0,1,0,0,0,0.010896772
37876,7362.207008,1,0,1,0,0,0,0.010925366
37878,7362.24032,1,0,1,0,0,0,0.010893982
37880,7362.273664,1,0,1,0,0,0,0.010888403
37882,7362.307008,1,0,1,0,0,0,0.010850045
37884,7362.34032,1,0,1,0,0,0,0.010898864
37886,7362.373664,1,0,1,0,0,0,0.0109027
37888,7362.406976,1,0,1,0,0,0,0.010851789
37890,7362.44032,1,0,1,0,0,0,0.010864691
37892,7362.473664,1,0,1,0,0,0,0.010882475
37894,7362.506976,1,0,1,0,0,0,0.010862599
37896,7362.54032,1,0,1,0,0,0,0.010897469
37898,7362.573632,1,0,1,0,0,0,0.010853881
37900,7362.606976,1,0,1,0,0,0,0.010853184
37902,7362.64032,1,0,1,0,0,0,0.010817964
37904,7362.673632,1,0,1,0,0,0,0.010787975
37906,7362.706976,1,0,1,0,0,0,0.010807154
37908,7362.74032,1,0,1,0,0,0,0.010824241
37910,7362.773632,1,0,1,0,0,0,0.010806805
37912,7362.806976,1,0,1,0,0,0,0.01078658
37914,7362.84032,1,0,1,0,0,0,0.010707772
37916,7362.873632,1,0,1,0,0,0,0.010731136
37918,7362.906976,1,0,1,0,0,0,0.010733925
37920,7362.940288,1,0,1,0,0,0,0.010768448
37922,7362.973632,1,0,1,0,0,0,0.010760776
37924,7363.006976,1,0,1,0,0,0,0.010784488
37926,7363.040288,1,0,1,0,0,0,0.010779955
37928,7363.073632,1,0,1,0,0,0,0.010789719
37930,7363.106944,1,0,1,0,0,0,0.010827728
37932,7363.140288,1,0,1,0,0,0,0.010789719
37934,7363.173632,1,0,1,0,0,0,0.010847255
37936,7363.206944,1,0,1,0,0,0,0.010817615
37938,7363.240288,1,0,1,0,0,0,0.010761822
37940,7363.2736,1,0,1,0,0,0,0.010793206
37942,7363.306944,1,0,1,0,0,0,0.010769842
37944,7363.340288,1,0,1,0,0,0,0.010784837
37946,7363.3736,1,0,1,0,0,0,0.010767053
37948,7363.406944,1,0,1,0,0,0,0.010739853
37950,7363.440288,1,0,1,0,0,0,0.010773329
37952,7363.4736,1,0,1,0,0,0,0.010767053
37954,7363.506944,1,0,1,0,0,0,0.010767053
37956,7363.540288,1,0,1,0,0,0,0.010785883
37958,7363.5736,1,0,1,0,0,0,0.010805062
37960,7363.606944,1,0,1,0,0,0,0.010770191
37962,7363.640288,1,0,1,0,0,0,0.010785534
37964,7363.6736,1,0,1,0,0,0,0.010757638
37966,7363.706944,1,0,1,0,0,0,0.010801923
37968,7363.740256,1,0,1,0,0,0,0.010796344
37970,7363.7736,1,0,1,0,0,0,0.01077856
37972,7363.806944,1,0,1,0,0,0,0.010803667
37974,7363.840256,1,0,1,0,0,0,0.010797042
37976,7363.8736,1,0,1,0,0,0,0.010779257
37978,7363.906944,1,0,1,0,0,0,0.010825287
37980,7363.940256,1,0,1,0,0,0,0.010789719
37982,7363.9736,1,0,1,0,0,0,0.010812733
37984,7364.006944,1,0,1,0,0,0,0.010804016
37986,7364.040256,1,0,1,0,0,0,0.010799831
37988,7364.0736,1,0,1,0,0,0,0.010815174
37990,7364.106944,1,0,1,0,0,0,0.010785883
37992,7364.140256,1,0,1,0,0,0,0.010805062
37994,7364.1736,1,0,1,0,0,0,0.010771935
37996,7364.206912,1,0,1,0,0,0,0.010798436
37998,7364.240256,1,0,1,0,0,0,0.010796344
38000,7364.273568,1,0,1,0,0,0,0.010830866
38002,7364.306912,1,0,1,0,0,0,0.010802272
38004,7364.340256,1,0,1,0,0,0,0.010831564
38006,7364.373568,1,0,1,0,0,0,0.010818661
38008,7364.406912,1,0,1,0,0,0,0.010776119
38010,7364.440256,1,0,1,0,0,0,0.01078658
38012,7364.473568,1,0,1,0,0,0,0.010744735
38014,7364.506912,1,0,1,0,0,0,0.010791462
38016,7364.540224,1,0,1,0,0,0,0.010744735
38018,7364.573568,1,0,1,0,0,0,0.010757986
38020,7364.606912,1,0,1,0,0,0,0.010810292
38022,7364.640224,1,0,1,0,0,0,0.010772283
38024,7364.673568,1,0,1,0,0,0,0.010793206
38026,7364.70688,1,0,1,0,0,0,0.010824938
38028,7364.740224,1,0,1,0,0,0,0.010813082
38030,7364.773568,1,0,1,0,0,0,0.010826682
38032,7364.80688,1,0,1,0,0,0,0.010814477
38034,7364.840224,1,0,1,0,0,0,0.010813431
38036,7364.873568,1,0,1,0,0,0,0.010800877
38038,7364.90688,1,0,1,0,0,0,0.010790416
38040,7364.940224,1,0,1,0,0,0,0.010785534
38042,7364.973568,1,0,1,0,0,0,0.010778211
38044,7365.00688,1,0,1,0,0,0,0.010777165
38046,7365.040224,1,0,1,0,0,0,0.010780652
38048,7365.073536,1,0,1,0,0,0,0.010765658
38050,7365.10688,1,0,1,0,0,0,0.010801923
38052,7365.140224,1,0,1,0,0,0,0.010754499
38054,7365.173536,1,0,1,0,0,0,0.010744735
38056,7365.20688,1,0,1,0,0,0,0.010797739
38058,7365.240224,1,0,1,0,0,0,0.010753453
38060,7365.273536,1,0,1,0,0,0,0.010760427
38062,7365.30688,1,0,1,0,0,0,0.010775422
38064,7365.340192,1,0,1,0,0,0,0.010777863
38066,7365.373536,1,0,1,0,0,0,0.010781001
38068,7365.40688,1,0,1,0,0,0,0.010759032
38070,7365.440192,1,0,1,0,0,0,0.010755197
38072,7365.473536,1,0,1,0,0,0,0.010785185
38074,7365.50688,1,0,1,0,0,0,0.010795647
38076,7365.540192,1,0,1,0,0,0,0.010781698
38078,7365.573536,1,0,1,0,0,0,0.010863645
38080,7365.606848,1,0,1,0,0,0,0.010824589
38082,7365.640192,1,0,1,0,0,0,0.010798436
38084,7365.673504,1,0,1,0,0,0,0.010842374
38086,7365.706848,1,0,1,0,0,0,0.010798785
38088,7365.740192,1,0,1,0,0,0,0.010819708
38090,7365.773536,1,0,1,0,0,0,0.010855973
38092,7365.806848,1,0,1,0,0,0,0.010831215
38094,7365.840192,1,0,1,0,0,0,0.010832958
38096,7365.873504,1,0,1,0,0,0,0.010818661
38098,7365.906848,1,0,1,0,0,0,0.010817267
38100,7365.940192,1,0,1,0,0,0,0.010830518
38102,7365.973504,1,0,1,0,0,0,0.010806805
38104,7366.006848,1,0,1,0,0,0,0.010812733
38106,7366.04016,1,0,1,0,0,0,0.010802621
38108,7366.073504,1,0,1,0,0,0,0.010792857
38110,7366.106848,1,0,1,0,0,0,0.010813431
38112,7366.14016,1,0,1,0,0,0,0.010848999
38114,7366.173504,1,0,1,0,0,0,0.010841676
38116,7366.206848,1,0,1,0,0,0,0.01086225
38118,7366.24016,1,0,1,0,0,0,0.01080018
38120,7366.273504,1,0,1,0,0,0,0.010848302
38122,7366.306816,1,0,1,0,0,0,0.010850394
38124,7366.34016,1,0,1,0,0,0,0.01084865
38126,7366.373504,1,0,1,0,0,0,0.010797042
38128,7366.406816,1,0,1,0,0,0,0.010850045
38130,7366.44016,1,0,1,0,0,0,0.010817964
38132,7366.473504,1,0,1,0,0,0,0.010806805
38134,7366.506816,1,0,1,0,0,0,0.010828774
38136,7366.54016,1,0,1,0,0,0,0.01078135
38138,7366.573472,1,0,1,0,0,0,0.010818313
38140,7366.606816,1,0,1,0,0,0,0.010826682
38142,7366.64016,1,0,1,0,0,0,0.010818661
38144,7366.673472,1,0,1,0,0,0,0.010867481
38146,7366.706816,1,0,1,0,0,0,0.010835748
38148,7366.74016,1,0,1,0,0,0,0.010793554
38150,7366.773472,1,0,1,0,0,0,0.010819708
38152,7366.806816,1,0,1,0,0,0,0.010819359
38154,7366.84016,1,0,1,0,0,0,0.010811687
38156,7366.873472,1,0,1,0,0,0,0.01084865
38158,7366.906816,1,0,1,0,0,0,0.010812036
38160,7366.940128,1,0,1,0,0,0,0.010838189
38162,7366.973472,1,0,1,0,0,0,0.01085144
38164,7367.006816,1,0,1,0,0,0,0.010830169
38166,7367.040128,1,0,1,0,0,0,0.010838189
38168,7367.073472,1,0,1,0,0,0,0.010829471
38170,7367.106816,1,0,1,0,0,0,0.010820405
38172,7367.140128,1,0,1,0,0,0,0.010821102
38174,7367.173472,1,0,1,0,0,0,0.010851091
38176,7367.206784,1,0,1,0,0,0,0.010835748
38178,7367.240128,1,0,1,0,0,0,0.010826682
38180,7367.273472,1,0,1,0,0,0,0.010835051
38182,7367.306784,1,0,1,0,0,0,0.010845861
38184,7367.340128,1,0,1,0,0,0,0.010822149
38186,7367.373472,1,0,1,0,0,0,0.01087027
38188,7367.406784,1,0,1,0,0,0,0.010799831
38190,7367.440128,1,0,1,0,0,0,0.010868875
38192,7367.473472,1,0,1,0,0,0,0.010804364
38194,7367.506784,1,0,1,0,0,0,0.010839584
38196,7367.540128,1,0,1,0,0,0,0.010852835
38198,7367.573472,1,0,1,0,0,0,0.010887706
38200,7367.606784,1,0,1,0,0,0,0.010826682
38202,7367.640096,1,0,1,0,0,0,0.010855973
38204,7367.673472,1,0,1,0,0,0,0.010871316
38206,7367.706784,1,0,1,0,0,0,0.010867481
38208,7367.740096,1,0,1,0,0,0,0.010884567
38210,7367.773472,1,0,1,0,0,0,0.010877593
38212,7367.806784,1,0,1,0,0,0,0.010862599
38214,7367.840096,1,0,1,0,0,0,0.010888403
38216,7367.873472,1,0,1,0,0,0,0.010911766
38218,7367.906752,1,0,1,0,0,0,0.010888054
38220,7367.940096,1,0,1,0,0,0,0.010856322
38222,7367.973472,1,0,1,0,0,0,0.010875152
38224,7368.006752,1,0,1,0,0,0,0.010862599
38226,7368.040096,1,0,1,0,0,0,0.010895028
38228,7368.073472,1,0,1,0,0,0,0.010869573
38230,7368.106752,1,0,1,0,0,0,0.010863993
38232,7368.140096,1,0,1,0,0,0,0.010884219
38234,7368.173472,1,0,1,0,0,0,0.010875152
38236,7368.206752,1,0,1,0,0,0,0.010870619
38238,7368.240096,1,0,1,0,0,0,0.010888752
38240,7368.273472,1,0,1,0,0,0,0.010881429
38242,7368.306752,1,0,1,0,0,0,0.010868875
38244,7368.340096,1,0,1,0,0,0,0.010861204
38246,7368.373408,1,0,1,0,0,0,0.01081622
38248,7368.406752,1,0,1,0,0,0,0.0108218
38250,7368.440096,1,0,1,0,0,0,0.010849348
38252,7368.473408,1,0,1,0,0,0,0.010878639
38254,7368.506752,1,0,1,0,0,0,0.01085423
38256,7368.540064,1,0,1,0,0,0,0.010866783
38258,7368.573408,1,0,1,0,0,0,0.010893982
38260,7368.606752,1,0,1,0,0,0,0.010856671
38262,7368.640064,1,0,1,0,0,0,0.010876198
38264,7368.673408,1,0,1,0,0,0,0.010900957
38266,7368.706752,1,0,1,0,0,0,0.01087027
38268,7368.740064,1,0,1,0,0,0,0.010874803
38270,7368.773408,1,0,1,0,0,0,0.010825984
38272,7368.80672,1,0,1,0,0,0,0.01089468
38274,7368.840064,1,0,1,0,0,0,0.01087306
38276,7368.873408,1,0,1,0,0,0,0.010813082
38278,7368.90672,1,0,1,0,0,0,0.010831564
38280,7368.940064,1,0,1,0,0,0,0.010823892
38282,7368.973408,1,0,1,0,0,0,0.010863296
38284,7369.00672,1,0,1,0,0,0,0.010841327
38286,7369.040064,1,0,1,0,0,0,0.010839933
38288,7369.073376,1,0,1,0,0,0,0.010839584
38290,7369.10672,1,0,1,0,0,0,0.010866434
38292,7369.140064,1,0,1,0,0,0,0.010885613
38294,7369.173376,1,0,1,0,0,0,0.010855276
38296,7369.20672,1,0,1,0,0,0,0.010828774
38298,7369.240032,1,0,1,0,0,0,0.010861204
38300,7369.273376,1,0,1,0,0,0,0.010811687
38302,7369.30672,1,0,1,0,0,0,0.010828774
38304,7369.340032,1,0,1,0,0,0,0.010809246
38306,7369.373376,1,0,1,0,0,0,0.010804364
38308,7369.40672,1,0,1,0,0,0,0.010833656
38310,7369.440032,1,0,1,0,0,0,0.01083784
38312,7369.473376,1,0,1,0,0,0,0.010785185
38314,7369.506688,1,0,1,0,0,0,0.010792857
38316,7369.540032,1,0,1,0,0,0,0.010779606
38318,7369.573376,1,0,1,0,0,0,0.010762519
38320,7369.606688,1,0,1,0,0,0,0.010764263
38322,7369.640032,1,0,1,0,0,0,0.010773678
38324,7369.673376,1,0,1,0,0,0,0.010748222
38326,7369.706688,1,0,1,0,0,0,0.01078658
38328,7369.740032,1,0,1,0,0,0,0.010774376
38330,7369.773344,1,0,1,0,0,0,0.010722767
38332,7369.806688,1,0,1,0,0,0,0.010807503
38334,7369.840032,1,0,1,0,0,0,0.010771237
38336,7369.873344,1,0,1,0,0,0,0.010784488
38338,7369.906688,1,0,1,0,0,0,0.010760079
38340,7369.940032,1,0,1,0,0,0,0.010744735
38342,7369.973344,1,0,1,0,0,0,0.010812036
38344,7370.006688,1,0,1,0,0,0,0.01077054
38346,7370.040032,1,0,1,0,0,0,0.010789021
38348,7370.073344,1,0,1,0,0,0,0.010777514
38350,7370.106688,1,0,1,0,0,0,0.010811339
38352,7370.14,1,0,1,0,0,0,0.010765658
38354,7370.173344,1,0,1,0,0,0,0.010797042
38356,7370.206688,1,0,1,0,0,0,0.010801226
38358,7370.24,1,0,1,0,0,0,0.010807154
38360,7370.273344,1,0,1,0,0,0,0.010802621
38362,7370.306688,1,0,1,0,0,0,0.010802272
38364,7370.34,1,0,1,0,0,0,0.010780652
38366,7370.373344,1,0,1,0,0,0,0.010807503
38368,7370.406656,1,0,1,0,0,0,0.010766355
38370,7370.44,1,0,1,0,0,0,0.010793903
38372,7370.473344,1,0,1,0,0,0,0.01080297
38374,7370.506656,1,0,1,0,0,0,0.010805759
38376,7370.54,1,0,1,0,0,0,0.010841327
38378,7370.573344,1,0,1,0,0,0,0.01081901
38380,7370.606656,1,0,1,0,0,0,0.010854927
38382,7370.64,1,0,1,0,0,0,0.010775073
38384,7370.673312,1,0,1,0,0,0,0.0108082
38386,7370.706656,1,0,1,0,0,0,0.010833307
38388,7370.74,1,0,1,0,0,0,0.010794949
38390,7370.773312,1,0,1,0,0,0,0.010839933
38392,7370.806656,1,0,1,0,0,0,0.010849696
38394,7370.84,1,0,1,0,0,0,0.010832958
38396,7370.873312,1,0,1,0,0,0,0.010835051
38398,7370.906656,1,0,1,0,0,0,0.01080297
38400,7370.939968,1,0,1,0,0,0,0.01088108
38402,7370.973312,1,0,1,0,0,0,0.010825287
38404,7371.006656,1,0,1,0,0,0,0.010837492
38406,7371.039968,1,0,1,0,0,0,0.010810292
38408,7371.073312,1,0,1,0,0,0,0.010822497
38410,7371.106656,1,0,1,0,0,0,0.01082982
38412,7371.139968,1,0,1,0,0,0,0.010839933
38414,7371.173312,1,0,1,0,0,0,0.010834353
38416,7371.206624,1,0,1,0,0,0,0.010845163
38418,7371.239968,1,0,1,0,0,0,0.010822846
38420,7371.273312,1,0,1,0,0,0,0.010817964
38422,7371.306624,1,0,1,0,0,0,0.010829123
38424,7371.339968,1,0,1,0,0,0,0.010842374
38426,7371.37328,1,0,1,0,0,0,0.010848302
38428,7371.406624,1,0,1,0,0,0,0.010828774
38430,7371.439968,1,0,1,0,0,0,0.010845163
38432,7371.47328,1,0,1,0,0,0,0.01084865
38434,7371.506624,1,0,1,0,0,0,0.010839235
38436,7371.539968,1,0,1,0,0,0,0.010810641
38438,7371.57328,1,0,1,0,0,0,0.010805411
38440,7371.606624,1,0,1,0,0,0,0.010793554
38442,7371.639936,1,0,1,0,0,0,0.010780652
38444,7371.67328,1,0,1,0,0,0,0.010806108
38446,7371.706624,1,0,1,0,0,0,0.010805411
38448,7371.739936,1,0,1,0,0,0,0.010782745
38450,7371.77328,1,0,1,0,0,0,0.010761822
38452,7371.806624,1,0,1,0,0,0,0.010748222
38454,7371.839936,1,0,1,0,0,0,0.010792857
38456,7371.87328,1,0,1,0,0,0,0.010767053
38458,7371.906592,1,0,1,0,0,0,0.010779955
38460,7371.939936,1,0,1,0,0,0,0.010760776
38462,7371.97328,1,0,1,0,0,0,0.010778909
38464,7372.006592,1,0,1,0,0,0,0.010753453
38466,7372.039936,1,0,1,0,0,0,0.010769842
38468,7372.07328,1,0,1,0,0,0,0.010796344
38470,7372.106592,1,0,1,0,0,0,0.01074892
38472,7372.139936,1,0,1,0,0,0,0.010759032
38474,7372.17328,1,0,1,0,0,0,0.010792508
38476,7372.206592,1,0,1,0,0,0,0.010800529
38478,7372.239936,1,0,1,0,0,0,0.010797042
38480,7372.273248,1,0,1,0,0,0,0.010781698
38482,7372.306592,1,0,1,0,0,0,0.010787278
38484,7372.339936,1,0,1,0,0,0,0.010806457
38486,7372.373248,1,0,1,0,0,0,0.010772283
38488,7372.406592,1,0,1,0,0,0,0.010772283
38490,7372.439936,1,0,1,0,0,0,0.010791811
38492,7372.473248,1,0,1,0,0,0,0.010733925
38494,7372.506592,1,0,1,0,0,0,0.010755894
38496,7372.539904,1,0,1,0,0,0,0.010742294
38498,7372.573248,1,0,1,0,0,0,0.010761473
38500,7372.606592,1,0,1,0,0,0,0.010766704
38502,7372.639904,1,0,1,0,0,0,0.010787626
38504,7372.673248,1,0,1,0,0,0,0.010752058
38506,7372.706592,1,0,1,0,0,0,0.01075415
38508,7372.739904,1,0,1,0,0,0,0.010721721
38510,7372.773248,1,0,1,0,0,0,0.010741946
38512,7372.80656,1,0,1,0,0,0,0.010698706
38514,7372.839904,1,0,1,0,0,0,0.010736715
38516,7372.873248,1,0,1,0,0,0,0.010812385
38518,7372.90656,1,0,1,0,0,0,0.010765309
38520,7372.939904,1,0,1,0,0,0,0.010770888
38522,7372.973248,1,0,1,0,0,0,0.010745782
38524,7373.00656,1,0,1,0,0,0,0.010720675
38526,7373.039904,1,0,1,0,0,0,0.010732879
38528,7373.073216,1,0,1,0,0,0,0.010774027
38530,7373.10656,1,0,1,0,0,0,0.010726951
38532,7373.139904,1,0,1,0,0,0,0.010772632
38534,7373.173216,1,0,1,0,0,0,0.010733577
38536,7373.20656,1,0,1,0,0,0,0.010750315
38538,7373.239904,1,0,1,0,0,0,0.010757986
38540,7373.273216,1,0,1,0,0,0,0.01072451
38542,7373.30656,1,0,1,0,0,0,0.010740202
38544,7373.339872,1,0,1,0,0,0,0.010749617
38546,7373.373216,1,0,1,0,0,0,0.01075415
38548,7373.40656,1,0,1,0,0,0,0.010737413
38550,7373.439872,1,0,1,0,0,0,0.010753453
38552,7373.473216,1,0,1,0,0,0,0.010731484
38554,7373.506528,1,0,1,0,0,0,0.010765309
38556,7373.539872,1,0,1,0,0,0,0.010758335
38558,7373.573216,1,0,1,0,0,0,0.010751361
38560,7373.606528,1,0,1,0,0,0,0.010729044
38562,7373.639872,1,0,1,0,0,0,0.010767401
38564,7373.673216,1,0,1,0,0,0,0.01072451
38566,7373.706528,1,0,1,0,0,0,0.010766704
38568,7373.739872,1,0,1,0,0,0,0.010794949
38570,7373.773184,1,0,1,0,0,0,0.010792508
38572,7373.806528,1,0,1,0,0,0,0.010782047
38574,7373.839872,1,0,1,0,0,0,0.010745782
38576,7373.873184,1,0,1,0,0,0,0.010804364
38578,7373.906528,1,0,1,0,0,0,0.010757986
38580,7373.939872,1,0,1,0,0,0,0.010762868
38582,7373.973184,1,0,1,0,0,0,0.01082703
38584,7374.006528,1,0,1,0,0,0,0.010780304
38586,7374.039872,1,0,1,0,0,0,0.01077054
38588,7374.073184,1,0,1,0,0,0,0.010726951
38590,7374.106528,1,0,1,0,0,0,0.010782745
38592,7374.13984,1,0,1,0,0,0,0.010796693
38594,7374.173184,1,0,1,0,0,0,0.01075694
38596,7374.206528,1,0,1,0,0,0,0.010784488
38598,7374.23984,1,0,1,0,0,0,0.010822846
38600,7374.273184,1,0,1,0,0,0,0.010808898
38602,7374.306528,1,0,1,0,0,0,0.010792508
38604,7374.33984,1,0,1,0,0,0,0.010763566
38606,7374.373184,1,0,1,0,0,0,0.010772283
38608,7374.406496,1,0,1,0,0,0,0.010785534
38610,7374.43984,1,0,1,0,0,0,0.010771237
38612,7374.473184,1,0,1,0,0,0,0.010762519
38614,7374.506496,1,0,1,0,0,0,0.010778211
38616,7374.53984,1,0,1,0,0,0,0.010812733
38618,7374.573184,1,0,1,0,0,0,0.010858414
38620,7374.606496,1,0,1,0,0,0,0.010781001
38622,7374.63984,1,0,1,0,0,0,0.010741248
38624,7374.673152,1,0,1,0,0,0,0.010788324
38626,7374.706496,1,0,1,0,0,0,0.010844117
38628,7374.73984,1,0,1,0,0,0,0.010801226
38630,7374.773152,1,0,1,0,0,0,0.010855973
38632,7374.806496,1,0,1,0,0,0,0.010799483
38634,7374.83984,1,0,1,0,0,0,0.010776817
38636,7374.873152,1,0,1,0,0,0,0.010788673
38638,7374.906496,1,0,1,0,0,0,0.010826333
38640,7374.939808,1,0,1,0,0,0,0.010778909
38642,7374.973152,1,0,1,0,0,0,0.010795647
38644,7375.006496,1,0,1,0,0,0,0.010787626
38646,7375.039808,1,0,1,0,0,0,0.0107273
38648,7375.073152,1,0,1,0,0,0,0.010724162
38650,7375.106464,1,0,1,0,0,0,0.010763566
38652,7375.139808,1,0,1,0,0,0,0.010723813
38654,7375.173152,1,0,1,0,0,0,0.010733228
38656,7375.206464,1,0,1,0,0,0,0.010752058
38658,7375.239808,1,0,1,0,0,0,0.010752756
38660,7375.273152,1,0,1,0,0,0,0.010711608
38662,7375.306464,1,0,1,0,0,0,0.010739853
38664,7375.339808,1,0,1,0,0,0,0.010732182
38666,7375.37312,1,0,1,0,0,0,0.010753802
38668,7375.406464,1,0,1,0,0,0,0.01074613
38670,7375.439808,1,0,1,0,0,0,0.010762519
38672,7375.47312,1,0,1,0,0,0,0.010724162
38674,7375.506464,1,0,1,0,0,0,0.010712654
38676,7375.539808,1,0,1,0,0,0,0.010775422
38678,7375.57312,1,0,1,0,0,0,0.010749269
38680,7375.606464,1,0,1,0,0,0,0.01074613
38682,7375.639808,1,0,1,0,0,0,0.010753104
38684,7375.67312,1,0,1,0,0,0,0.010758684
38686,7375.706464,1,0,1,0,0,0,0.010780652
38688,7375.739776,1,0,1,0,0,0,0.010799831
38690,7375.77312,1,0,1,0,0,0,0.010811339
38692,7375.806464,1,0,1,0,0,0,0.010766355
38694,7375.839776,1,0,1,0,0,0,0.010766704
38696,7375.87312,1,0,1,0,0,0,0.010753802
38698,7375.906464,1,0,1,0,0,0,0.01075171
38700,7375.939776,1,0,1,0,0,0,0.010814128
38702,7375.97312,1,0,1,0,0,0,0.010795647
38704,7376.006432,1,0,1,0,0,0,0.010759381
38706,7376.039776,1,0,1,0,0,0,0.01071649
38708,7376.07312,1,0,1,0,0,0,0.010755197
38710,7376.106432,1,0,1,0,0,0,0.010806805
38712,7376.139776,1,0,1,0,0,0,0.010761822
38714,7376.17312,1,0,1,0,0,0,0.010779257
38716,7376.206432,1,0,1,0,0,0,0.010761473
38718,7376.239776,1,0,1,0,0,0,0.010761125
38720,7376.273088,1,0,1,0,0,0,0.010756243
38722,7376.306432,1,0,1,0,0,0,0.010739853
38724,7376.339744,1,0,1,0,0,0,0.010755894
38726,7376.373088,1,0,1,0,0,0,0.010747525
38728,7376.406432,1,0,1,0,0,0,0.010748222
38730,7376.439776,1,0,1,0,0,0,0.01073532
38732,7376.473088,1,0,1,0,0,0,0.010755197
38734,7376.506432,1,0,1,0,0,0,0.010753453
38736,7376.539744,1,0,1,0,0,0,0.010793554
38738,7376.573088,1,0,1,0,0,0,0.010793206
38740,7376.606432,1,0,1,0,0,0,0.010794949
38742,7376.639744,1,0,1,0,0,0,0.010786929
38744,7376.673088,1,0,1,0,0,0,0.010804016
38746,7376.7064,1,0,1,0,0,0,0.010774376
38748,7376.739744,1,0,1,0,0,0,0.010812385
38750,7376.773088,1,0,1,0,0,0,0.010794949
38752,7376.8064,1,0,1,0,0,0,0.010756591
38754,7376.839744,1,0,1,0,0,0,0.010794949
38756,7376.873088,1,0,1,0,0,0,0.010781698
38758,7376.9064,1,0,1,0,0,0,0.01073811
38760,7376.939744,1,0,1,0,0,0,0.010757638
38762,7376.973056,1,0,1,0,0,0,0.010793554
38764,7377.0064,1,0,1,0,0,0,0.010705331
38766,7377.039744,1,0,1,0,0,0,0.010732182
38768,7377.073056,1,0,1,0,0,0,0.010709865
38770,7377.1064,1,0,1,0,0,0,0.01069766
38772,7377.139744,1,0,1,0,0,0,0.010775073
38774,7377.173056,1,0,1,0,0,0,0.010724859
38776,7377.2064,1,0,1,0,0,0,0.010716839
38778,7377.239712,1,0,1,0,0,0,0.010680224
38780,7377.273056,1,0,1,0,0,0,0.010715793
38782,7377.3064,1,0,1,0,0,0,0.010709516
38784,7377.339712,1,0,1,0,0,0,0.010666276
38786,7377.373056,1,0,1,0,0,0,0.01069487
38788,7377.4064,1,0,1,0,0,0,0.010720675
38790,7377.439712,1,0,1,0,0,0,0.010707772
38792,7377.473056,1,0,1,0,0,0,0.010714398
38794,7377.5064,1,0,1,0,0,0,0.010737064
38796,7377.539712,1,0,1,0,0,0,0.010704983
38798,7377.573056,1,0,1,0,0,0,0.010677086
38800,7377.606368,1,0,1,0,0,0,0.010716839
38802,7377.639712,1,0,1,0,0,0,0.010705331
38804,7377.673056,1,0,1,0,0,0,0.0107273
38806,7377.706368,1,0,1,0,0,0,0.010677435
38808,7377.739712,1,0,1,0,0,0,0.01071649
38810,7377.773056,1,0,1,0,0,0,0.010658953
38812,7377.806368,1,0,1,0,0,0,0.010699403
38814,7377.839712,1,0,1,0,0,0,0.010672902
38816,7377.873024,1,0,1,0,0,0,0.010693475
38818,7377.906368,1,0,1,0,0,0,0.010708121
38820,7377.93968,1,0,1,0,0,0,0.010758335
38822,7377.973024,1,0,1,0,0,0,0.010752407
38824,7378.006368,1,0,1,0,0,0,0.010732531
38826,7378.03968,1,0,1,0,0,0,0.010760776
38828,7378.073024,1,0,1,0,0,0,0.01076775
38830,7378.106368,1,0,1,0,0,0,0.010739853
38832,7378.13968,1,0,1,0,0,0,0.010704285
38834,7378.173024,1,0,1,0,0,0,0.010755545
38836,7378.206368,1,0,1,0,0,0,0.010783093
38838,7378.23968,1,0,1,0,0,0,0.010801923
38840,7378.273024,1,0,1,0,0,0,0.010798436
38842,7378.306336,1,0,1,0,0,0,0.010798785
38844,7378.33968,1,0,1,0,0,0,0.01078658
38846,7378.373024,1,0,1,0,0,0,0.01075171
38848,7378.406336,1,0,1,0,0,0,0.010757638
38850,7378.43968,1,0,1,0,0,0,0.010749617
38852,7378.473024,1,0,1,0,0,0,0.010783093
38854,7378.506336,1,0,1,0,0,0,0.010798785
38856,7378.53968,1,0,1,0,0,0,0.010767401
38858,7378.573024,1,0,1,0,0,0,0.01075973
38860,7378.606336,1,0,1,0,0,0,0.010777165
38862,7378.63968,1,0,1,0,0,0,0.01075694
38864,7378.672992,1,0,1,0,0,0,0.010803318
38866,7378.706336,1,0,1,0,0,0,0.010809944
38868,7378.73968,1,0,1,0,0,0,0.010806805
38870,7378.772992,1,0,1,0,0,0,0.010813082
38872,7378.806336,1,0,1,0,0,0,0.010843768
38874,7378.83968,1,0,1,0,0,0,0.010795298
38876,7378.872992,1,0,1,0,0,0,0.010743689
38878,7378.906336,1,0,1,0,0,0,0.010801923
38880,7378.939648,1,0,1,0,0,0,0.010783791
38882,7378.972992,1,0,1,0,0,0,0.01075415
38884,7379.006336,1,0,1,0,0,0,0.01081099
38886,7379.039648,1,0,1,0,0,0,0.010798785
38888,7379.072992,1,0,1,0,0,0,0.010790765
38890,7379.106336,1,0,1,0,0,0,0.010797042
38892,7379.139648,1,0,1,0,0,0,0.010790765
38894,7379.172992,1,0,1,0,0,0,0.010798436
38896,7379.206304,1,0,1,0,0,0,0.010817615
38898,7379.239648,1,0,1,0,0,0,0.010822149
38900,7379.272992,1,0,1,0,0,0,0.010819708
38902,7379.306304,1,0,1,0,0,0,0.010753104
38904,7379.339648,1,0,1,0,0,0,0.010767053
38906,7379.372992,1,0,1,0,0,0,0.010807154
38908,7379.406304,1,0,1,0,0,0,0.010806108
38910,7379.439648,1,0,1,0,0,0,0.010779606
38912,7379.47296,1,0,1,0,0,0,0.010812036
38914,7379.506304,1,0,1,0,0,0,0.010784837
38916,7379.539648,1,0,1,0,0,0,0.010823195
38918,7379.57296,1,0,1,0,0,0,0.010829123
38920,7379.606304,1,0,1,0,0,0,0.010811339
38922,7379.639616,1,0,1,0,0,0,0.010785534
38924,7379.67296,1,0,1,0,0,0,0.010774724
38926,7379.706304,1,0,1,0,0,0,0.010806805
38928,7379.739616,1,0,1,0,0,0,0.010810641
38930,7379.77296,1,0,1,0,0,0,0.0108218
38932,7379.806304,1,0,1,0,0,0,0.010806108
38934,7379.839616,1,0,1,0,0,0,0.010749269
38936,7379.87296,1,0,1,0,0,0,0.010788673
38938,7379.906272,1,0,1,0,0,0,0.01080018
38940,7379.939616,1,0,1,0,0,0,0.010768796
38942,7379.97296,1,0,1,0,0,0,0.010836446
38944,7380.006272,1,0,1,0,0,0,0.010765309
38946,7380.039616,1,0,1,0,0,0,0.010763217
38948,7380.07296,1,0,1,0,0,0,0.010742294
38950,7380.106272,1,0,1,0,0,0,0.010809944
38952,7380.139616,1,0,1,0,0,0,0.010750315
38954,7380.172928,1,0,1,0,0,0,0.010747176
38956,7380.206272,1,0,1,0,0,0,0.010820754
38958,7380.239616,1,0,1,0,0,0,0.010762868
38960,7380.272928,1,0,1,0,0,0,0.010757289
38962,7380.306272,1,0,1,0,0,0,0.010736018
38964,7380.339616,1,0,1,0,0,0,0.010742643
38966,7380.372928,1,0,1,0,0,0,0.010729741
38968,7380.406272,1,0,1,0,0,0,0.010757986
38970,7380.439584,1,0,1,0,0,0,0.010755894
38972,7380.472928,1,0,1,0,0,0,0.010784837
38974,7380.506272,1,0,1,0,0,0,0.010746828
38976,7380.539584,1,0,1,0,0,0,0.010758684
38978,7380.572928,1,0,1,0,0,0,0.010737413
38980,7380.606272,1,0,1,0,0,0,0.010785883
38982,7380.639584,1,0,1,0,0,0,0.010734274
38984,7380.672928,1,0,1,0,0,0,0.010775422
38986,7380.706272,1,0,1,0,0,0,0.010745433
38988,7380.739584,1,0,1,0,0,0,0.010739853
38990,7380.772928,1,0,1,0,0,0,0.010703937
38992,7380.80624,1,0,1,0,0,0,0.01075171
38994,7380.839584,1,0,1,0,0,0,0.010785534
38996,7380.872928,1,0,1,0,0,0,0.010752058
38998,7380.90624,1,0,1,0,0,0,0.010766355
39000,7380.939584,1,0,1,0,0,0,0.010768099
39002,7380.972928,1,0,1,0,0,0,0.010751361
39004,7381.00624,1,0,1,0,0,0,0.010751361
39006,7381.039584,1,0,1,0,0,0,0.010785534
39008,7381.072896,1,0,1,0,0,0,0.010753104
39010,7381.10624,1,0,1,0,0,0,0.010724859
39012,7381.139584,1,0,1,0,0,0,0.010787278
39014,7381.172896,1,0,1,0,0,0,0.010731833
39016,7381.20624,1,0,1,0,0,0,0.010796344
39018,7381.239552,1,0,1,0,0,0,0.01075171
39020,7381.272896,1,0,1,0,0,0,0.010753104
39022,7381.30624,1,0,1,0,0,0,0.010773329
39024,7381.339552,1,0,1,0,0,0,0.010758684
39026,7381.372896,1,0,1,0,0,0,0.010748571
39028,7381.40624,1,0,1,0,0,0,0.010750663
39030,7381.439552,1,0,1,0,0,0,0.010800529
39032,7381.472896,1,0,1,0,0,0,0.010760427
39034,7381.50624,1,0,1,0,0,0,0.010788324
39036,7381.539552,1,0,1,0,0,0,0.010809595
39038,7381.572896,1,0,1,0,0,0,0.010782047
39040,7381.606208,1,0,1,0,0,0,0.010787975
39042,7381.639552,1,0,1,0,0,0,0.010761822
39044,7381.672896,1,0,1,0,0,0,0.01075694
39046,7381.706208,1,0,1,0,0,0,0.01076775
39048,7381.739552,1,0,1,0,0,0,0.010792508
39050,7381.772864,1,0,1,0,0,0,0.010782396
39052,7381.806208,1,0,1,0,0,0,0.01075415
39054,7381.839552,1,0,1,0,0,0,0.010776817
39056,7381.872864,1,0,1,0,0,0,0.010846558
39058,7381.906208,1,0,1,0,0,0,0.01076496
39060,7381.93952,1,0,1,0,0,0,0.010765658
39062,7381.972864,1,0,1,0,0,0,0.010788673
39064,7382.006208,1,0,1,0,0,0,0.010766007
39066,7382.03952,1,0,1,0,0,0,0.010714747
39068,7382.072864,1,0,1,0,0,0,0.010824938
39070,7382.106208,1,0,1,0,0,0,0.010789719
39072,7382.13952,1,0,1,0,0,0,0.010798785
39074,7382.172864,1,0,1,0,0,0,0.010786232
39076,7382.206208,1,0,1,0,0,0,0.010838887
39078,7382.23952,1,0,1,0,0,0,0.01081099
39080,7382.272864,1,0,1,0,0,0,0.010798088
39082,7382.306176,1,0,1,0,0,0,0.010803667
39084,7382.33952,1,0,1,0,0,0,0.010797042
39086,7382.372864,1,0,1,0,0,0,0.010833307
39088,7382.406176,1,0,1,0,0,0,0.010791811
39090,7382.43952,1,0,1,0,0,0,0.010793554
39092,7382.472864,1,0,1,0,0,0,0.01077054
39094,7382.506176,1,0,1,0,0,0,0.010795647
39096,7382.53952,1,0,1,0,0,0,0.01080297
39098,7382.572864,1,0,1,0,0,0,0.010799831
39100,7382.606176,1,0,1,0,0,0,0.010836097
39102,7382.63952,1,0,1,0,0,0,0.010794949
39104,7382.672832,1,0,1,0,0,0,0.01082703
39106,7382.706176,1,0,1,0,0,0,0.010811339
39108,7382.73952,1,0,1,0,0,0,0.010842722
39110,7382.772832,1,0,1,0,0,0,0.010812733
39112,7382.806176,1,0,1,0,0,0,0.010790765
39114,7382.83952,1,0,1,0,0,0,0.010803318
39116,7382.872832,1,0,1,0,0,0,0.01081622
39118,7382.906176,1,0,1,0,0,0,0.010787975
39120,7382.939488,1,0,1,0,0,0,0.010836446
39122,7382.972832,1,0,1,0,0,0,0.010827728
39124,7383.006176,1,0,1,0,0,0,0.010802272
39126,7383.039488,1,0,1,0,0,0,0.010794949
39128,7383.072832,1,0,1,0,0,0,0.010847604
39130,7383.106176,1,0,1,0,0,0,0.010819359
39132,7383.139488,1,0,1,0,0,0,0.010794252
39134,7383.172832,1,0,1,0,0,0,0.010725208
39136,7383.206144,1,0,1,0,0,0,0.010780304
39138,7383.239488,1,0,1,0,0,0,0.010786232
39140,7383.272832,1,0,1,0,0,0,0.01078658
39142,7383.306144,1,0,1,0,0,0,0.01080297
39144,7383.339488,1,0,1,0,0,0,0.01078937
39146,7383.372832,1,0,1,0,0,0,0.010804364
39148,7383.406144,1,0,1,0,0,0,0.010747525
39150,7383.439488,1,0,1,0,0,0,0.010782396
39152,7383.4728,1,0,1,0,0,0,0.010760776
39154,7383.506144,1,0,1,0,0,0,0.010770191
39156,7383.539488,1,0,1,0,0,0,0.010781001
39158,7383.5728,1,0,1,0,0,0,0.01075171
39160,7383.606144,1,0,1,0,0,0,0.010800529
39162,7383.639488,1,0,1,0,0,0,0.010752058
39164,7383.6728,1,0,1,0,0,0,0.010744387
39166,7383.706144,1,0,1,0,0,0,0.010744735
39168,7383.739488,1,0,1,0,0,0,0.01075171
39170,7383.7728,1,0,1,0,0,0,0.010747874
39172,7383.806144,1,0,1,0,0,0,0.010787975
39174,7383.839488,1,0,1,0,0,0,0.010750663
39176,7383.8728,1,0,1,0,0,0,0.010777514
39178,7383.906112,1,0,1,0,0,0,0.010777514
39180,7383.939488,1,0,1,0,0,0,0.010769494
39182,7383.9728,1,0,1,0,0,0,0.010791811
39184,7384.006112,1,0,1,0,0,0,0.010773329
39186,7384.039488,1,0,1,0,0,0,0.010771237
39188,7384.0728,1,0,1,0,0,0,0.010791114
39190,7384.106112,1,0,1,0,0,0,0.010782396
39192,7384.139488,1,0,1,0,0,0,0.01080018
39194,7384.172768,1,0,1,0,0,0,0.010801226
39196,7384.206112,1,0,1,0,0,0,0.010746828
39198,7384.239488,1,0,1,0,0,0,0.010784488
39200,7384.272768,1,0,1,0,0,0,0.010788673
39202,7384.306112,1,0,1,0,0,0,0.010775422
39204,7384.339488,1,0,1,0,0,0,0.010831564
39206,7384.372768,1,0,1,0,0,0,0.010797739
39208,7384.406112,1,0,1,0,0,0,0.010812036
39210,7384.439488,1,0,1,0,0,0,0.010797739
39212,7384.472768,1,0,1,0,0,0,0.010806108
39214,7384.506112,1,0,1,0,0,0,0.010798785
39216,7384.539488,1,0,1,0,0,0,0.010765309
39218,7384.572768,1,0,1,0,0,0,0.010787278
39220,7384.606112,1,0,1,0,0,0,0.010777165
39222,7384.639488,1,0,1,0,0,0,0.010755197
39224,7384.672768,1,0,1,0,0,0,0.010809944
39226,7384.706112,1,0,1,0,0,0,0.010752407
39228,7384.739488,1,0,1,0,0,0,0.01076496
39230,7384.772768,1,0,1,0,0,0,0.01081378
39232,7384.80608,1,0,1,0,0,0,0.01075415
39234,7384.839488,1,0,1,0,0,0,0.010786232
39236,7384.872768,1,0,1,0,0,0,0.010799134
39238,7384.90608,1,0,1,0,0,0,0.010794949
39240,7384.939488,1,0,1,0,0,0,0.010746828
39242,7384.972768,1,0,1,0,0,0,0.010759032
39244,7385.00608,1,0,1,0,0,0,0.010759032
39246,7385.039424,1,0,1,0,0,0,0.010733228
39248,7385.072736,1,0,1,0,0,0,0.010785883
39250,7385.10608,1,0,1,0,0,0,0.010742294
39252,7385.139424,1,0,1,0,0,0,0.010761473
39254,7385.172736,1,0,1,0,0,0,0.010747525
39256,7385.20608,1,0,1,0,0,0,0.01075415
39258,7385.239424,1,0,1,0,0,0,0.010751012
39260,7385.272736,1,0,1,0,0,0,0.010743341
39262,7385.30608,1,0,1,0,0,0,0.010792857
39264,7385.339392,1,0,1,0,0,0,0.010765309
39266,7385.372736,1,0,1,0,0,0,0.010804016
39268,7385.40608,1,0,1,0,0,0,0.010727649
39270,7385.439392,1,0,1,0,0,0,0.010753104
39272,7385.472736,1,0,1,0,0,0,0.010736715
39274,7385.50608,1,0,1,0,0,0,0.010768099
39276,7385.539392,1,0,1,0,0,0,0.010775073
39278,7385.572736,1,0,1,0,0,0,0.010724859
39280,7385.606048,1,0,1,0,0,0,0.010747874
39282,7385.639392,1,0,1,0,0,0,0.010766007
39284,7385.672736,1,0,1,0,0,0,0.010774027
39286,7385.706048,1,0,1,0,0,0,0.010764263
39288,7385.739392,1,0,1,0,0,0,0.010788324
39290,7385.772736,1,0,1,0,0,0,0.01074892
39292,7385.806048,1,0,1,0,0,0,0.010792857
39294,7385.839392,1,0,1,0,0,0,0.010746479
39296,7385.872704,1,0,1,0,0,0,0.010742643
39298,7385.906048,1,0,1,0,0,0,0.010804016
39300,7385.939392,1,0,1,0,0,0,0.010747874
39302,7385.972704,1,0,1,0,0,0,0.01078135
39304,7386.006048,1,0,1,0,0,0,0.010774027
39306,7386.039392,1,0,1,0,0,0,0.010804713
39308,7386.072704,1,0,1,0,0,0,0.01077856
39310,7386.106048,1,0,1,0,0,0,0.010755894
39312,7386.13936,1,0,1,0,0,0,0.010779955
39314,7386.172704,1,0,1,0,0,0,0.010762519
39316,7386.206048,1,0,1,0,0,0,0.010769494
39318,7386.23936,1,0,1,0,0,0,0.010790416
39320,7386.272704,1,0,1,0,0,0,0.010764612
39322,7386.306048,1,0,1,0,0,0,0.010775422
39324,7386.33936,1,0,1,0,0,0,0.010764612
39326,7386.372704,1,0,1,0,0,0,0.01075694
39328,7386.406016,1,0,1,0,0,0,0.010803318
39330,7386.43936,1,0,1,0,0,0,0.01075171
39332,7386.472704,1,0,1,0,0,0,0.010766007
39334,7386.506016,1,0,1,0,0,0,0.010761473
39336,7386.53936,1,0,1,0,0,0,0.010766007
39338,7386.572672,1,0,1,0,0,0,0.010754848
39340,7386.606016,1,0,1,0,0,0,0.010777863
39342,7386.63936,1,0,1,0,0,0,0.010812036
39344,7386.672672,1,0,1,0,0,0,0.010763914
39346,7386.706016,1,0,1,0,0,0,0.010805411
39348,7386.73936,1,0,1,0,0,0,0.010782745
39350,7386.772672,1,0,1,0,0,0,0.010767053
39352,7386.806016,1,0,1,0,0,0,0.01080297
39354,7386.839328,1,0,1,0,0,0,0.01075171
39356,7386.872672,1,0,1,0,0,0,0.010777863
39358,7386.906016,1,0,1,0,0,0,0.010766355
39360,7386.939328,1,0,1,0,0,0,0.010795298
39362,7386.972672,1,0,1,0,0,0,0.010758335
39364,7387.006016,1,0,1,0,0,0,0.010772632
39366,7387.039328,1,0,1,0,0,0,0.010761125
39368,7387.072672,1,0,1,0,0,0,0.010790067
39370,7387.106016,1,0,1,0,0,0,0.010766007
39372,7387.139328,1,0,1,0,0,0,0.010757638
39374,7387.172672,1,0,1,0,0,0,0.010766704
39376,7387.205984,1,0,1,0,0,0,0.01073532
39378,7387.239328,1,0,1,0,0,0,0.010752407
39380,7387.272672,1,0,1,0,0,0,0.010718234
39382,7387.305984,1,0,1,0,0,0,0.01077577
39384,7387.339328,1,0,1,0,0,0,0.01073532
39386,7387.372672,1,0,1,0,0,0,0.010728346
39388,7387.405984,1,0,1,0,0,0,0.010738459
39390,7387.439328,1,0,1,0,0,0,0.010732531
39392,7387.47264,1,0,1,0,0,0,0.010747874
39394,7387.505984,1,0,1,0,0,0,0.010713352
39396,7387.539328,1,0,1,0,0,0,0.010755545
39398,7387.57264,1,0,1,0,0,0,0.010746828
39400,7387.605984,1,0,1,0,0,0,0.010729741
39402,7387.639328,1,0,1,0,0,0,0.010761822
39404,7387.67264,1,0,1,0,0,0,0.010706378
39406,7387.705984,1,0,1,0,0,0,0.010736366
39408,7387.739296,1,0,1,0,0,0,0.01070847
39410,7387.77264,1,0,1,0,0,0,0.01071928
39412,7387.805984,1,0,1,0,0,0,0.010725905
39414,7387.839296,1,0,1,0,0,0,0.010721372
39416,7387.87264,1,0,1,0,0,0,0.01077856
39418,7387.905984,1,0,1,0,0,0,0.010737761
39420,7387.939296,1,0,1,0,0,0,0.010755545
39422,7387.97264,1,0,1,0,0,0,0.010757289
39424,7388.005952,1,0,1,0,0,0,0.010716141
39426,7388.039296,1,0,1,0,0,0,0.010769145
39428,7388.07264,1,0,1,0,0,0,0.010754499
39430,7388.105952,1,0,1,0,0,0,0.010784837
39432,7388.139296,1,0,1,0,0,0,0.010764263
39434,7388.17264,1,0,1,0,0,0,0.010722767
39436,7388.205952,1,0,1,0,0,0,0.010711608
39438,7388.239296,1,0,1,0,0,0,0.010736366
39440,7388.272608,1,0,1,0,0,0,0.010721372
39442,7388.305952,1,0,1,0,0,0,0.010755197
39444,7388.339296,1,0,1,0,0,0,0.010741597
39446,7388.372608,1,0,1,0,0,0,0.010734623
39448,7388.405952,1,0,1,0,0,0,0.010726951
39450,7388.439264,1,0,1,0,0,0,0.010715444
39452,7388.472608,1,0,1,0,0,0,0.010745782
39454,7388.505952,1,0,1,0,0,0,0.010756591
39456,7388.539264,1,0,1,0,0,0,0.010742992
39458,7388.572608,1,0,1,0,0,0,0.010737064
39460,7388.605952,1,0,1,0,0,0,0.010761125
39462,7388.639264,1,0,1,0,0,0,0.010739505
39464,7388.672608,1,0,1,0,0,0,0.010726951
39466,7388.705952,1,0,1,0,0,0,0.010728346
39468,7388.739264,1,0,1,0,0,0,0.010750663
39470,7388.772608,1,0,1,0,0,0,0.010765309
39472,7388.80592,1,0,1,0,0,0,0.01083784
39474,7388.839264,1,0,1,0,0,0,0.010796344
39476,7388.872608,1,0,1,0,0,0,0.010785883
39478,7388.905952,1,0,1,0,0,0,0.010795298
39480,7388.939264,1,0,1,0,0,0,0.010761473
39482,7388.972576,1,0,1,0,0,0,0.010774027
39484,7389.00592,1,0,1,0,0,0,0.010791462
39486,7389.039264,1,0,1,0,0,0,0.010787626
39488,7389.072576,1,0,1,0,0,0,0.010797739
39490,7389.10592,1,0,1,0,0,0,0.010795647
39492,7389.139264,1,0,1,0,0,0,0.01081378
39494,7389.172576,1,0,1,0,0,0,0.01078658
39496,7389.20592,1,0,1,0,0,0,0.01078135
39498,7389.239264,1,0,1,0,0,0,0.010792857
39500,7389.272576,1,0,1,0,0,0,0.010752756
39502,7389.30592,1,0,1,0,0,0,0.010799831
39504,7389.339232,1,0,1,0,0,0,0.010844815
39506,7389.372576,1,0,1,0,0,0,0.01076496
39508,7389.40592,1,0,1,0,0,0,0.010782396
39510,7389.439232,1,0,1,0,0,0,0.010796344
39512,7389.472576,1,0,1,0,0,0,0.010812036
39514,7389.50592,1,0,1,0,0,0,0.010809595
39516,7389.539232,1,0,1,0,0,0,0.010757289
39518,7389.572576,1,0,1,0,0,0,0.01076496
39520,7389.605888,1,0,1,0,0,0,0.010759032
39522,7389.639232,1,0,1,0,0,0,0.01075694
39524,7389.672576,1,0,1,0,0,0,0.010760079
39526,7389.705888,1,0,1,0,0,0,0.010785534
39528,7389.739232,1,0,1,0,0,0,0.010765658
39530,7389.772576,1,0,1,0,0,0,0.010750663
39532,7389.805888,1,0,1,0,0,0,0.010772981
39534,7389.839232,1,0,1,0,0,0,0.010772981
39536,7389.872544,1,0,1,0,0,0,0.010786929
39538,7389.905888,1,0,1,0,0,0,0.010764263
39540,7389.939232,1,0,1,0,0,0,0.010756591
39542,7389.972544,1,0,1,0,0,0,0.010747176
39544,7390.005888,1,0,1,0,0,0,0.010777863
39546,7390.039232,1,0,1,0,0,0,0.010725905
39548,7390.072544,1,0,1,0,0,0,0.010756243
39550,7390.105888,1,0,1,0,0,0,0.010795298
39552,7390.1392,1,0,1,0,0,0,0.010772283
39554,7390.172544,1,0,1,0,0,0,0.010748222
39556,7390.205888,1,0,1,0,0,0,0.010772981
39558,7390.2392,1,0,1,0,0,0,0.010721721
39560,7390.272544,1,0,1,0,0,0,0.010752407
39562,7390.305888,1,0,1,0,0,0,0.010779955
39564,7390.3392,1,0,1,0,0,0,0.010750663
39566,7390.372544,1,0,1,0,0,0,0.010798088
39568,7390.405856,1,0,1,0,0,0,0.010759381
39570,7390.4392,1,0,1,0,0,0,0.010776119
39572,7390.472544,1,0,1,0,0,0,0.010763566
39574,7390.505856,1,0,1,0,0,0,0.010722418
39576,7390.5392,1,0,1,0,0,0,0.010697311
39578,7390.572544,1,0,1,0,0,0,0.010697311
39580,7390.605856,1,0,1,0,0,0,0.010733228
39582,7390.6392,1,0,1,0,0,0,0.010736366
39584,7390.672512,1,0,1,0,0,0,0.010728695
39586,7390.705856,1,0,1,0,0,0,0.010688245
39588,7390.7392,1,0,1,0,0,0,0.010724162
39590,7390.772512,1,0,1,0,0,0,0.01074892
39592,7390.805856,1,0,1,0,0,0,0.010677435
39594,7390.8392,1,0,1,0,0,0,0.010731484
39596,7390.872512,1,0,1,0,0,0,0.01075171
39598,7390.905856,1,0,1,0,0,0,0.010723464
39600,7390.939168,1,0,1,0,0,0,0.010734623
39602,7390.972512,1,0,1,0,0,0,0.010692429
39604,7391.005856,1,0,1,0,0,0,0.010764263
39606,7391.039168,1,0,1,0,0,0,0.01073811
39608,7391.072512,1,0,1,0,0,0,0.010745782
39610,7391.105856,1,0,1,0,0,0,0.010745782
39612,7391.139168,1,0,1,0,0,0,0.010749269
39614,7391.172512,1,0,1,0,0,0,0.010725556
39616,7391.205824,1,0,1,0,0,0,0.01075171
39618,7391.239168,1,0,1,0,0,0,0.010725905
39620,7391.272512,1,0,1,0,0,0,0.010746479
39622,7391.305824,1,0,1,0,0,0,0.01070568
39624,7391.339168,1,0,1,0,0,0,0.010800877
39626,7391.37248,1,0,1,0,0,0,0.010752756
39628,7391.405824,1,0,1,0,0,0,0.010733925
39630,7391.439168,1,0,1,0,0,0,0.010706029
39632,7391.47248,1,0,1,0,0,0,0.010762519
39634,7391.505824,1,0,1,0,0,0,0.010729044
39636,7391.539168,1,0,1,0,0,0,0.010744038
39638,7391.57248,1,0,1,0,0,0,0.010781001
39640,7391.605824,1,0,1,0,0,0,0.010729044
39642,7391.639136,1,0,1,0,0,0,0.010754848
39644,7391.67248,1,0,1,0,0,0,0.010749966
39646,7391.705824,1,0,1,0,0,0,0.010725556
39648,7391.739136,1,0,1,0,0,0,0.010731833
39650,7391.77248,1,0,1,0,0,0,0.010813431
39652,7391.805824,1,0,1,0,0,0,0.010764263
39654,7391.839136,1,0,1,0,0,0,0.010798436
39656,7391.87248,1,0,1,0,0,0,0.010744038
39658,7391.905792,1,0,1,0,0,0,0.010721023
39660,7391.939136,1,0,1,0,0,0,0.010753104
39662,7391.97248,1,0,1,0,0,0,0.010732182
39664,7392.005792,1,0,1,0,0,0,0.010755197
39666,7392.039136,1,0,1,0,0,0,0.010765658
39668,7392.07248,1,0,1,0,0,0,0.010785185
39670,7392.105792,1,0,1,0,0,0,0.010760079
39672,7392.139136,1,0,1,0,0,0,0.010790416
39674,7392.172448,1,0,1,0,0,0,0.010753104
39676,7392.205792,1,0,1,0,0,0,0.010775073
39678,7392.239136,1,0,1,0,0,0,0.01075973
39680,7392.272448,1,0,1,0,0,0,0.010739505
39682,7392.305792,1,0,1,0,0,0,0.010742992
39684,7392.339136,1,0,1,0,0,0,0.010756243
39686,7392.372448,1,0,1,0,0,0,0.010777514
39688,7392.405792,1,0,1,0,0,0,0.010721023
39690,7392.439104,1,0,1,0,0,0,0.010792508
39692,7392.472448,1,0,1,0,0,0,0.010714049
39694,7392.505792,1,0,1,0,0,0,0.010752407
39696,7392.539104,1,0,1,0,0,0,0.010725208
39698,7392.572448,1,0,1,0,0,0,0.010704285
39700,7392.605792,1,0,1,0,0,0,0.010731484
39702,7392.639104,1,0,1,0,0,0,0.010756591
39704,7392.672448,1,0,1,0,0,0,0.010771935
39706,7392.70576,1,0,1,0,0,0,0.010708818
39708,7392.739104,1,0,1,0,0,0,0.010777863
39710,7392.772448,1,0,1,0,0,0,0.01074613
39712,7392.80576,1,0,1,0,0,0,0.010729741
39714,7392.839104,1,0,1,0,0,0,0.01075973
39716,7392.872448,1,0,1,0,0,0,0.01074892
39718,7392.90576,1,0,1,0,0,0,0.010736715
39720,7392.939104,1,0,1,0,0,0,0.010755545
39722,7392.972448,1,0,1,0,0,0,0.010740551
39724,7393.00576,1,0,1,0,0,0,0.010755545
39726,7393.039104,1,0,1,0,0,0,0.010740202
39728,7393.072416,1,0,1,0,0,0,0.010755894
39730,7393.10576,1,0,1,0,0,0,0.010723813
39732,7393.139104,1,0,1,0,0,0,0.010785185
39734,7393.172416,1,0,1,0,0,0,0.01077577
39736,7393.20576,1,0,1,0,0,0,0.010725556
39738,7393.239104,1,0,1,0,0,0,0.010762519
39740,7393.272416,1,0,1,0,0,0,0.010749269
39742,7393.30576,1,0,1,0,0,0,0.010753802
39744,7393.339072,1,0,1,0,0,0,0.0107273
39746,7393.372416,1,0,1,0,0,0,0.010752407
39748,7393.40576,1,0,1,0,0,0,0.01077054
39750,7393.439072,1,0,1,0,0,0,0.010774724
39752,7393.472416,1,0,1,0,0,0,0.010734274
39754,7393.50576,1,0,1,0,0,0,0.010749269
39756,7393.539072,1,0,1,0,0,0,0.010760427
39758,7393.572416,1,0,1,0,0,0,0.010782745
39760,7393.605728,1,0,1,0,0,0,0.010752756
39762,7393.639072,1,0,1,0,0,0,0.010724162
39764,7393.672416,1,0,1,0,0,0,0.010779257
39766,7393.705728,1,0,1,0,0,0,0.010742643
39768,7393.739072,1,0,1,0,0,0,0.010757289
39770,7393.772384,1,0,1,0,0,0,0.010784488
39772,7393.805728,1,0,1,0,0,0,0.010753802
39774,7393.839072,1,0,1,0,0,0,0.010736366
39776,7393.872384,1,0,1,0,0,0,0.010761473
39778,7393.905728,1,0,1,0,0,0,0.010783442
39780,7393.939072,1,0,1,0,0,0,0.010764263
39782,7393.972384,1,0,1,0,0,0,0.010783791
39784,7394.005728,1,0,1,0,0,0,0.010744387
39786,7394.03904,1,0,1,0,0,0,0.010772981
39788,7394.072384,1,0,1,0,0,0,0.010780304
39790,7394.105728,1,0,1,0,0,0,0.010738459
39792,7394.13904,1,0,1,0,0,0,0.010784488
39794,7394.172384,1,0,1,0,0,0,0.010739853
39796,7394.205728,1,0,1,0,0,0,0.01078135
39798,7394.23904,1,0,1,0,0,0,0.010748571
39800,7394.272384,1,0,1,0,0,0,0.010739505
39802,7394.305696,1,0,1,0,0,0,0.010783791
39804,7394.33904,1,0,1,0,0,0,0.010768796
39806,7394.372384,1,0,1,0,0,0,0.010749617
39808,7394.405696,1,0,1,0,0,0,0.010789021
39810,7394.43904,1,0,1,0,0,0,0.01075415
39812,7394.472384,1,0,1,0,0,0,0.010723115
39814,7394.505696,1,0,1,0,0,0,0.01070847
39816,7394.53904,1,0,1,0,0,0,0.010761473
39818,7394.572384,1,0,1,0,0,0,0.010712306
39820,7394.605696,1,0,1,0,0,0,0.010754848
39822,7394.63904,1,0,1,0,0,0,0.010744387
39824,7394.672352,1,0,1,0,0,0,0.010751361
39826,7394.705696,1,0,1,0,0,0,0.010723813
39828,7394.73904,1,0,1,0,0,0,0.010721372
39830,7394.772352,1,0,1,0,0,0,0.010719628
39832,7394.805696,1,0,1,0,0,0,0.010703937
39834,7394.83904,1,0,1,0,0,0,0.010710562
39836,7394.872352,1,0,1,0,0,0,0.010785883
39838,7394.905696,1,0,1,0,0,0,0.010717885
39840,7394.939008,1,0,1,0,0,0,0.010756591
39842,7394.972352,1,0,1,0,0,0,0.010742992
39844,7395.005696,1,0,1,0,0,0,0.010739156
39846,7395.039008,1,0,1,0,0,0,0.010721372
39848,7395.072352,1,0,1,0,0,0,0.01073811
39850,7395.105696,1,0,1,0,0,0,0.010729044
39852,7395.139008,1,0,1,0,0,0,0.010736715
39854,7395.172352,1,0,1,0,0,0,0.01074613
39856,7395.205664,1,0,1,0,0,0,0.010762519
39858,7395.239008,1,0,1,0,0,0,0.010755545
39860,7395.272352,1,0,1,0,0,0,0.010697311
39862,7395.305664,1,0,1,0,0,0,0.01073009
39864,7395.339008,1,0,1,0,0,0,0.010734972
39866,7395.372352,1,0,1,0,0,0,0.010712654
39868,7395.405664,1,0,1,0,0,0,0.010691732
39870,7395.439008,1,0,1,0,0,0,0.010753802
39872,7395.47232,1,0,1,0,0,0,0.010758684
39874,7395.505664,1,0,1,0,0,0,0.010757289
39876,7395.539008,1,0,1,0,0,0,0.010758335
39878,7395.57232,1,0,1,0,0,0,0.010825984
39880,7395.605664,1,0,1,0,0,0,0.010799483
39882,7395.639008,1,0,1,0,0,0,0.010849348
39884,7395.67232,1,0,1,0,0,0,0.010786232
39886,7395.705664,1,0,1,0,0,0,0.010818661
39888,7395.738976,1,0,1,0,0,0,0.010780304
39890,7395.77232,1,0,1,0,0,0,0.010801923
39892,7395.805632,1,0,1,0,0,0,0.010802272
39894,7395.838976,1,0,1,0,0,0,0.010785534
39896,7395.87232,1,0,1,0,0,0,0.010781698
39898,7395.905632,1,0,1,0,0,0,0.010755894
39900,7395.938976,1,0,1,0,0,0,0.010824589
39902,7395.97232,1,0,1,0,0,0,0.010798436
39904,7396.005632,1,0,1,0,0,0,0.010769494
39906,7396.038976,1,0,1,0,0,0,0.010769494
39908,7396.07232,1,0,1,0,0,0,0.010778211
39910,7396.105632,1,0,1,0,0,0,0.0108082
39912,7396.138976,1,0,1,0,0,0,0.010806457
39914,7396.172288,1,0,1,0,0,0,0.010784837
39916,7396.205632,1,0,1,0,0,0,0.010774376
39918,7396.238976,1,0,1,0,0,0,0.010762868
39920,7396.272288,1,0,1,0,0,0,0.010761822
39922,7396.305632,1,0,1,0,0,0,0.010782047
39924,7396.338976,1,0,1,0,0,0,0.01078937
39926,7396.372288,1,0,1,0,0,0,0.010780304
39928,7396.405632,1,0,1,0,0,0,0.010762868
39930,7396.438944,1,0,1,0,0,0,0.010800529
39932,7396.472288,1,0,1,0,0,0,0.010783442
39934,7396.505632,1,0,1,0,0,0,0.010783442
39936,7396.538944,1,0,1,0,0,0,0.01077577
39938,7396.572288,1,0,1,0,0,0,0.010795298
39940,7396.605632,1,0,1,0,0,0,0.010780652
39942,7396.638944,1,0,1,0,0,0,0.010777165
39944,7396.672288,1,0,1,0,0,0,0.010766355
39946,7396.7056,1,0,1,0,0,0,0.01074892
39948,7396.738944,1,0,1,0,0,0,0.010753453
39950,7396.772288,1,0,1,0,0,0,0.010741597
39952,7396.8056,1,0,1,0,0,0,0.010765658
39954,7396.838944,1,0,1,0,0,0,0.010754848
39956,7396.872288,1,0,1,0,0,0,0.010725905
39958,7396.9056,1,0,1,0,0,0,0.010777863
39960,7396.938944,1,0,1,0,0,0,0.010739156
39962,7396.972288,1,0,1,0,0,0,0.010745433
39964,7397.0056,1,0,1,0,0,0,0.010731136
39966,7397.038944,1,0,1,0,0,0,0.010718582
39968,7397.072256,1,0,1,0,0,0,0.0107137
39970,7397.1056,1,0,1,0,0,0,0.01073532
39972,7397.138944,1,0,1,0,0,0,0.010732879
39974,7397.172256,1,0,1,0,0,0,0.010707075
39976,7397.2056,1,0,1,0,0,0,0.010701496
39978,7397.238944,1,0,1,0,0,0,0.010709167
39980,7397.272256,1,0,1,0,0,0,0.01069766
39982,7397.3056,1,0,1,0,0,0,0.010666276
39984,7397.338944,1,0,1,0,0,0,0.010741597
39986,7397.372256,1,0,1,0,0,0,0.010706029
39988,7397.4056,1,0,1,0,0,0,0.010720675
39990,7397.438944,1,0,1,0,0,0,0.010650584
39992,7397.472256,1,0,1,0,0,0,0.010685804
39994,7397.5056,1,0,1,0,0,0,0.010664184
39996,7397.538912,1,0,1,0,0,0,0.010707075
39998,7397.572256,1,0,1,0,0,0,0.010698009
40000,7397.605568,1,0,1,0,0,0,0.010637333
40002,7397.638912,1,0,1,0,0,0,0.010670809
40004,7397.672256,1,0,1,0,0,0,0.010698009
40006,7397.705568,1,0,1,0,0,0,0.010663835
40008,7397.738912,1,0,1,0,0,0,0.01067883
40010,7397.772224,1,0,1,0,0,0,0.010645005
40012,7397.805568,1,0,1,0,0,0,0.010727649
40014,7397.838912,1,0,1,0,0,0,0.01062757
40016,7397.872224,1,0,1,0,0,0,0.010667322
40018,7397.905568,1,0,1,0,0,0,0.010679178
40020,7397.938912,1,0,1,0,0,0,0.010666974
40022,7397.972224,1,0,1,0,0,0,0.010655117
40024,7398.005568,1,0,1,0,0,0,0.010700449
40026,7398.03888,1,0,1,0,0,0,0.010682317
40028,7398.072224,1,0,1,0,0,0,0.010677783
40030,7398.105568,1,0,1,0,0,0,0.010686501
40032,7398.13888,1,0,1,0,0,0,0.010681271
40034,7398.172224,1,0,1,0,0,0,0.010696265
40036,7398.205568,1,0,1,0,0,0,0.010694521
40038,7398.23888,1,0,1,0,0,0,0.010675343
40040,7398.272224,1,0,1,0,0,0,0.010723464
40042,7398.305536,1,0,1,0,0,0,0.010745782
40044,7398.33888,1,0,1,0,0,0,0.0107273
40046,7398.372224,1,0,1,0,0,0,0.010703239
40048,7398.405536,1,0,1,0,0,0,0.010769842
40050,7398.43888,1,0,1,0,0,0,0.010699403
40052,7398.472224,1,0,1,0,0,0,0.010743689
40054,7398.505536,1,0,1,0,0,0,0.01069208
40056,7398.53888,1,0,1,0,0,0,0.010701496
40058,7398.572224,1,0,1,0,0,0,0.010724859
40060,7398.605536,1,0,1,0,0,0,0.010742992
40062,7398.63888,1,0,1,0,0,0,0.010741946
40064,7398.672192,1,0,1,0,0,0,0.010752058
40066,7398.705536,1,0,1,0,0,0,0.010784139
40068,7398.73888,1,0,1,0,0,0,0.010732182
40070,7398.772192,1,0,1,0,0,0,0.010749966
40072,7398.805536,1,0,1,0,0,0,0.010771237
40074,7398.83888,1,0,1,0,0,0,0.010767401
40076,7398.872192,1,0,1,0,0,0,0.010787975
40078,7398.905536,1,0,1,0,0,0,0.010754848
40080,7398.938848,1,0,1,0,0,0,0.010801923
40082,7398.972192,1,0,1,0,0,0,0.010779606
40084,7399.005536,1,0,1,0,0,0,0.01076775
40086,7399.038848,1,0,1,0,0,0,0.010758335
40088,7399.072192,1,0,1,0,0,0,0.010825287
40090,7399.105504,1,0,1,0,0,0,0.010755197
40092,7399.138848,1,0,1,0,0,0,0.010794949
40094,7399.172192,1,0,1,0,0,0,0.010804364
40096,7399.205504,1,0,1,0,0,0,0.010842374
40098,7399.238848,1,0,1,0,0,0,0.010781698
40100,7399.272192,1,0,1,0,0,0,0.010768099
40102,7399.305504,1,0,1,0,0,0,0.010804364
40104,7399.338848,1,0,1,0,0,0,0.010805759
40106,7399.372192,1,0,1,0,0,0,0.010780304
40108,7399.405504,1,0,1,0,0,0,0.010772632
40110,7399.438848,1,0,1,0,0,0,0.010782396
40112,7399.47216,1,0,1,0,0,0,0.010752756
40114,7399.505504,1,0,1,0,0,0,0.010786232
40116,7399.538848,1,0,1,0,0,0,0.010787278
40118,7399.57216,1,0,1,0,0,0,0.010754499
40120,7399.605504,1,0,1,0,0,0,0.010785883
40122,7399.638848,1,0,1,0,0,0,0.010743341
40124,7399.67216,1,0,1,0,0,0,0.010738807
40126,7399.705504,1,0,1,0,0,0,0.010743689
40128,7399.738816,1,0,1,0,0,0,0.010717885
40130,7399.77216,1,0,1,0,0,0,0.01077577
40132,7399.805504,1,0,1,0,0,0,0.010718582
40134,7399.838816,1,0,1,0,0,0,0.010774724
40136,7399.87216,1,0,1,0,0,0,0.010758684
40138,7399.905472,1,0,1,0,0,0,0.010776119
40140,7399.938816,1,0,1,0,0,0,0.010752756
40142,7399.97216,1,0,1,0,0,0,0.010759381
40144,7400.005472,1,0,1,0,0,0,0.010736715
40146,7400.038816,1,0,1,0,0,0,0.010787626
40148,7400.07216,1,0,1,0,0,0,0.010770191
40150,7400.105472,1,0,1,0,0,0,0.010761473
40152,7400.138816,1,0,1,0,0,0,0.010764263
40154,7400.172128,1,0,1,0,0,0,0.010763566
40156,7400.205472,1,0,1,0,0,0,0.010769842
40158,7400.238816,1,0,1,0,0,0,0.01078937
40160,7400.272128,1,0,1,0,0,0,0.010783093
40162,7400.305472,1,0,1,0,0,0,0.010754499
40164,7400.338816,1,0,1,0,0,0,0.01073532
40166,7400.372128,1,0,1,0,0,0,0.010728346
40168,7400.405472,1,0,1,0,0,0,0.010729741
40170,7400.438784,1,0,1,0,0,0,0.010732531
40172,7400.472128,1,0,1,0,0,0,0.010745782
40174,7400.505472,1,0,1,0,0,0,0.010753453
40176,7400.538784,1,0,1,0,0,0,0.010730438
40178,7400.572128,1,0,1,0,0,0,0.010752407
40180,7400.605472,1,0,1,0,0,0,0.010752756
40182,7400.638784,1,0,1,0,0,0,0.010723464
40184,7400.672128,1,0,1,0,0,0,0.010726603
40186,7400.705472,1,0,1,0,0,0,0.010769842
40188,7400.738784,1,0,1,0,0,0,0.01074613
40190,7400.772128,1,0,1,0,0,0,0.010729044
40192,7400.805472,1,0,1,0,0,0,0.010746479
40194,7400.838784,1,0,1,0,0,0,0.010757289
40196,7400.872128,1,0,1,0,0,0,0.010724162
40198,7400.905472,1,0,1,0,0,0,0.010744735
40200,7400.938784,1,0,1,0,0,0,0.010760776
40202,7400.972096,1,0,1,0,0,0,0.01074892
40204,7401.005472,1,0,1,0,0,0,0.010717536
40206,7401.038784,1,0,1,0,0,0,0.010755894
40208,7401.072096,1,0,1,0,0,0,0.010730438
40210,7401.105472,1,0,1,0,0,0,0.010696614
40212,7401.138784,1,0,1,0,0,0,0.010703239
40214,7401.172096,1,0,1,0,0,0,0.010719628
40216,7401.205472,1,0,1,0,0,0,0.01071649
40218,7401.238752,1,0,1,0,0,0,0.010731833
40220,7401.272096,1,0,1,0,0,0,0.010723115
40222,7401.305472,1,0,1,0,0,0,0.01074613
40224,7401.338752,1,0,1,0,0,0,0.010714747
40226,7401.372096,1,0,1,0,0,0,0.010757986
40228,7401.405472,1,0,1,0,0,0,0.010715793
40230,7401.438752,1,0,1,0,0,0,0.010697311
40232,7401.472096,1,0,1,0,0,0,0.010736366
40234,7401.505472,1,0,1,0,0,0,0.010688245
40236,7401.538752,1,0,1,0,0,0,0.010701147
40238,7401.572096,1,0,1,0,0,0,0.010671507
40240,7401.605472,1,0,1,0,0,0,0.010714049
40242,7401.638752,1,0,1,0,0,0,0.010744387
40244,7401.672096,1,0,1,0,0,0,0.010700798
40246,7401.705408,1,0,1,0,0,0,0.010714747
40248,7401.738752,1,0,1,0,0,0,0.010745433
40250,7401.772096,1,0,1,0,0,0,0.010707772
40252,7401.805408,1,0,1,0,0,0,0.010713003
40254,7401.838752,1,0,1,0,0,0,0.010715095
40256,7401.872064,1,0,1,0,0,0,0.010774724
40258,7401.905408,1,0,1,0,0,0,0.010707424
40260,7401.938752,1,0,1,0,0,0,0.010692429
40262,7401.972064,1,0,1,0,0,0,0.01072451
40264,7402.005408,1,0,1,0,0,0,0.010733577
40266,7402.038752,1,0,1,0,0,0,0.010723115
40268,7402.072064,1,0,1,0,0,0,0.010733228
40270,7402.105408,1,0,1,0,0,0,0.010716839
40272,7402.13872,1,0,1,0,0,0,0.01070568
40274,7402.172064,1,0,1,0,0,0,0.010732879
40276,7402.205408,1,0,1,0,0,0,0.010685106
40278,7402.23872,1,0,1,0,0,0,0.01073009
40280,7402.272064,1,0,1,0,0,0,0.010713003
40282,7402.305408,1,0,1,0,0,0,0.010691034
40284,7402.33872,1,0,1,0,0,0,0.010706029
40286,7402.372064,1,0,1,0,0,0,0.010741248
40288,7402.405376,1,0,1,0,0,0,0.010703239
40290,7402.43872,1,0,1,0,0,0,0.01071649
40292,7402.472064,1,0,1,0,0,0,0.010708121
40294,7402.505376,1,0,1,0,0,0,0.010707424
40296,7402.53872,1,0,1,0,0,0,0.01073009
40298,7402.572064,1,0,1,0,0,0,0.01070847
40300,7402.605376,1,0,1,0,0,0,0.010724859
40302,7402.63872,1,0,1,0,0,0,0.010703588
40304,7402.672032,1,0,1,0,0,0,0.010720675
40306,7402.705376,1,0,1,0,0,0,0.010700798
40308,7402.73872,1,0,1,0,0,0,0.010703937
40310,7402.772032,1,0,1,0,0,0,0.010709865
40312,7402.805376,1,0,1,0,0,0,0.010713003
40314,7402.83872,1,0,1,0,0,0,0.010732879
40316,7402.872032,1,0,1,0,0,0,0.010715793
40318,7402.905376,1,0,1,0,0,0,0.010717187
40320,7402.938688,1,0,1,0,0,0,0.010708818
40322,7402.972032,1,0,1,0,0,0,0.010701147
40324,7403.005376,1,0,1,0,0,0,0.010747874
40326,7403.038688,1,0,1,0,0,0,0.010740551
40328,7403.072032,1,0,1,0,0,0,0.010726254
40330,7403.105344,1,0,1,0,0,0,0.010713003
40332,7403.138688,1,0,1,0,0,0,0.010723464
40334,7403.172032,1,0,1,0,0,0,0.010700798
40336,7403.205344,1,0,1,0,0,0,0.010710562
40338,7403.238688,1,0,1,0,0,0,0.010731833
40340,7403.272032,1,0,1,0,0,0,0.010726254
40342,7403.305344,1,0,1,0,0,0,0.010729392
40344,7403.338688,1,0,1,0,0,0,0.010751361
40346,7403.372,1,0,1,0,0,0,0.010713003
40348,7403.405344,1,0,1,0,0,0,0.010733228
40350,7403.438688,1,0,1,0,0,0,0.010754848
40352,7403.472,1,0,1,0,0,0,0.010751361
40354,7403.505344,1,0,1,0,0,0,0.01074892
40356,7403.538688,1,0,1,0,0,0,0.010769842
40358,7403.572,1,0,1,0,0,0,0.010743341
40360,7403.605344,1,0,1,0,0,0,0.010731136
40362,7403.638656,1,0,1,0,0,0,0.010741597
40364,7403.672,1,0,1,0,0,0,0.010755545
40366,7403.705344,1,0,1,0,0,0,0.010724859
40368,7403.738656,1,0,1,0,0,0,0.010787975
40370,7403.772,1,0,1,0,0,0,0.010743341
40372,7403.805344,1,0,1,0,0,0,0.010698706
40374,7403.838656,1,0,1,0,0,0,0.010729741
40376,7403.872,1,0,1,0,0,0,0.010761125
40378,7403.905312,1,0,1,0,0,0,0.010771935
40380,7403.938656,1,0,1,0,0,0,0.010712654
40382,7403.972,1,0,1,0,0,0,0.010684409
40384,7404.005312,1,0,1,0,0,0,0.010659651
40386,7404.038656,1,0,1,0,0,0,0.010720675
40388,7404.072,1,0,1,0,0,0,0.010774376
40390,7404.105312,1,0,1,0,0,0,0.010710911
40392,7404.138656,1,0,1,0,0,0,0.010721721
40394,7404.172,1,0,1,0,0,0,0.010733577
40396,7404.205312,1,0,1,0,0,0,0.01072451
40398,7404.238656,1,0,1,0,0,0,0.0107137
40400,7404.271968,1,0,1,0,0,0,0.01071649
40402,7404.305312,1,0,1,0,0,0,0.010718582
40404,7404.338656,1,0,1,0,0,0,0.010718931
40406,7404.371968,1,0,1,0,0,0,0.010730787
40408,7404.405312,1,0,1,0,0,0,0.010729392
40410,7404.438656,1,0,1,0,0,0,0.010742992
40412,7404.471968,1,0,1,0,0,0,0.010743689
40414,7404.505312,1,0,1,0,0,0,0.01075973
40416,7404.538624,1,0,1,0,0,0,0.010732182
40418,7404.571968,1,0,1,0,0,0,0.010725905
40420,7404.605312,1,0,1,0,0,0,0.010711608
40422,7404.638624,1,0,1,0,0,0,0.010748222
40424,7404.671968,1,0,1,0,0,0,0.010739156
40426,7404.705312,1,0,1,0,0,0,0.010737064
40428,7404.738624,1,0,1,0,0,0,0.010716141
40430,7404.771968,1,0,1,0,0,0,0.010746479
40432,7404.80528,1,0,1,0,0,0,0.010772981
40434,7404.838624,1,0,1,0,0,0,0.010753104
40436,7404.871968,1,0,1,0,0,0,0.01072451
40438,7404.90528,1,0,1,0,0,0,0.010739156
40440,7404.938624,1,0,1,0,0,0,0.01070847
40442,7404.971968,1,0,1,0,0,0,0.010726254
40444,7405.00528,1,0,1,0,0,0,0.010735669
40446,7405.038624,1,0,1,0,0,0,0.010756243
40448,7405.071936,1,0,1,0,0,0,0.010761473
40450,7405.10528,1,0,1,0,0,0,0.010731833
40452,7405.138624,1,0,1,0,0,0,0.010729392
40454,7405.171936,1,0,1,0,0,0,0.010718234
40456,7405.20528,1,0,1,0,0,0,0.010749966
40458,7405.238624,1,0,1,0,0,0,0.010776817
40460,7405.271936,1,0,1,0,0,0,0.010718234
40462,7405.30528,1,0,1,0,0,0,0.010754499
40464,7405.338592,1,0,1,0,0,0,0.010757638
40466,7405.371936,1,0,1,0,0,0,0.010734623
40468,7405.40528,1,0,1,0,0,0,0.010730787
40470,7405.438592,1,0,1,0,0,0,0.010729044
40472,7405.471936,1,0,1,0,0,0,0.010733925
40474,7405.505248,1,0,1,0,0,0,0.01075973
40476,7405.538592,1,0,1,0,0,0,0.010792508
40478,7405.571936,1,0,1,0,0,0,0.010743689
40480,7405.605248,1,0,1,0,0,0,0.010738807
40482,7405.638592,1,0,1,0,0,0,0.01078658
40484,7405.671936,1,0,1,0,0,0,0.010755197
40486,7405.705248,1,0,1,0,0,0,0.010745433
40488,7405.738592,1,0,1,0,0,0,0.010728346
40490,7405.771904,1,0,1,0,0,0,0.010723464
40492,7405.805248,1,0,1,0,0,0,0.01073811
40494,7405.838592,1,0,1,0,0,0,0.010735669
40496,7405.871904,1,0,1,0,0,0,0.010694521
40498,7405.905248,1,0,1,0,0,0,0.010688942
40500,7405.938592,1,0,1,0,0,0,0.010695219
40502,7405.971904,1,0,1,0,0,0,0.010667671
40504,7406.005248,1,0,1,0,0,0,0.010710562
40506,7406.03856,1,0,1,0,0,0,0.010659302
40508,7406.071904,1,0,1,0,0,0,0.010666625
40510,7406.105248,1,0,1,0,0,0,0.010656512
40512,7406.13856,1,0,1,0,0,0,0.01069208
40514,7406.171904,1,0,1,0,0,0,0.010720326
40516,7406.205248,1,0,1,0,0,0,0.01070568
40518,7406.23856,1,0,1,0,0,0,0.010674994
40520,7406.271904,1,0,1,0,0,0,0.01066802
40522,7406.305248,1,0,1,0,0,0,0.010705331
40524,7406.33856,1,0,1,0,0,0,0.01067325
40526,7406.371904,1,0,1,0,0,0,0.010666625
40528,7406.405216,1,0,1,0,0,0,0.010639077
40530,7406.43856,1,0,1,0,0,0,0.010656861
40532,7406.471904,1,0,1,0,0,0,0.010621642
40534,7406.505216,1,0,1,0,0,0,0.010653374
40536,7406.53856,1,0,1,0,0,0,0.010662092
40538,7406.571904,1,0,1,0,0,0,0.010626175
40540,7406.605216,1,0,1,0,0,0,0.010604206
40542,7406.63856,1,0,1,0,0,0,0.010665579
40544,7406.671872,1,0,1,0,0,0,0.010607344
40546,7406.705216,1,0,1,0,0,0,0.010626175
40548,7406.73856,1,0,1,0,0,0,0.01061676
40550,7406.771872,1,0,1,0,0,0,0.01062757
40552,7406.805216,1,0,1,0,0,0,0.010613621
40554,7406.83856,1,0,1,0,0,0,0.010636636
40556,7406.871872,1,0,1,0,0,0,0.010639426
40558,7406.905216,1,0,1,0,0,0,0.010620247
40560,7406.938528,1,0,1,0,0,0,0.010641518
40562,7406.971872,1,0,1,0,0,0,0.010639426
40564,7407.005216,1,0,1,0,0,0,0.010649887
40566,7407.038528,1,0,1,0,0,0,0.010602114
40568,7407.071872,1,0,1,0,0,0,0.010629313
40570,7407.105216,1,0,1,0,0,0,0.010625826
40572,7407.138528,1,0,1,0,0,0,0.010576309
40574,7407.171872,1,0,1,0,0,0,0.010617108
40576,7407.205184,1,0,1,0,0,0,0.010594094
40578,7407.238528,1,0,1,0,0,0,0.010572125
40580,7407.271872,1,0,1,0,0,0,0.010567592
40582,7407.305184,1,0,1,0,0,0,0.010567592
40584,7407.338528,1,0,1,0,0,0,0.010617108
40586,7407.371872,1,0,1,0,0,0,0.010586073
40588,7407.405184,1,0,1,0,0,0,0.010619201
40590,7407.438528,1,0,1,0,0,0,0.010641867
40592,7407.47184,1,0,1,0,0,0,0.010540741
40594,7407.505184,1,0,1,0,0,0,0.010568638
40596,7407.538528,1,0,1,0,0,0,0.01056794
40598,7407.57184,1,0,1,0,0,0,0.010558525
40600,7407.605184,1,0,1,0,0,0,0.010596535
40602,7407.638528,1,0,1,0,0,0,0.010569335
40604,7407.67184,1,0,1,0,0,0,0.010568638
40606,7407.705184,1,0,1,0,0,0,0.010595837
40608,7407.738496,1,0,1,0,0,0,0.010580145
40610,7407.77184,1,0,1,0,0,0,0.010572125
40612,7407.805184,1,0,1,0,0,0,0.010563407
40614,7407.838496,1,0,1,0,0,0,0.010591653
40616,7407.87184,1,0,1,0,0,0,0.010549808
40618,7407.905152,1,0,1,0,0,0,0.010562361
40620,7407.938496,1,0,1,0,0,0,0.010557131
40622,7407.97184,1,0,1,0,0,0,0.010588863
40624,7408.005152,1,0,1,0,0,0,0.010598975
40626,7408.038496,1,0,1,0,0,0,0.010546669
40628,7408.07184,1,0,1,0,0,0,0.010617457
40630,7408.105152,1,0,1,0,0,0,0.010545972
40632,7408.138496,1,0,1,0,0,0,0.010582586
40634,7408.171808,1,0,1,0,0,0,0.01056794
40636,7408.205152,1,0,1,0,0,0,0.010597929
40638,7408.238496,1,0,1,0,0,0,0.010604206
40640,7408.271808,1,0,1,0,0,0,0.01056794
40642,7408.305152,1,0,1,0,0,0,0.01062199
40644,7408.338496,1,0,1,0,0,0,0.010625826
40646,7408.371808,1,0,1,0,0,0,0.010624082
40648,7408.405152,1,0,1,0,0,0,0.010630708
40650,7408.438464,1,0,1,0,0,0,0.010626872
40652,7408.471808,1,0,1,0,0,0,0.010668717
40654,7408.505152,1,0,1,0,0,0,0.010662092
40656,7408.538464,1,0,1,0,0,0,0.010668717
40658,7408.571808,1,0,1,0,0,0,0.010665927
40660,7408.605152,1,0,1,0,0,0,0.010711608
40662,7408.638464,1,0,1,0,0,0,0.010680573
40664,7408.671808,1,0,1,0,0,0,0.010660697
40666,7408.705152,1,0,1,0,0,0,0.010674296
40668,7408.738464,1,0,1,0,0,0,0.010717536
40670,7408.771808,1,0,1,0,0,0,0.010663138
40672,7408.80512,1,0,1,0,0,0,0.010674296
40674,7408.838464,1,0,1,0,0,0,0.010690337
40676,7408.871808,1,0,1,0,0,0,0.01072451
40678,7408.90512,1,0,1,0,0,0,0.010672902
40680,7408.938464,1,0,1,0,0,0,0.010663835
40682,7408.971808,1,0,1,0,0,0,0.010698009
40684,7409.00512,1,0,1,0,0,0,0.010678132
40686,7409.038464,1,0,1,0,0,0,0.010718931
40688,7409.071776,1,0,1,0,0,0,0.010753453
40690,7409.10512,1,0,1,0,0,0,0.010761125
40692,7409.138464,1,0,1,0,0,0,0.010733228
40694,7409.171776,1,0,1,0,0,0,0.010725556
40696,7409.20512,1,0,1,0,0,0,0.010668368
40698,7409.238464,1,0,1,0,0,0,0.010704634
40700,7409.271776,1,0,1,0,0,0,0.010688245
40702,7409.30512,1,0,1,0,0,0,0.010698009
40704,7409.338432,1,0,1,0,0,0,0.010679178
40706,7409.371776,1,0,1,0,0,0,0.010696614
40708,7409.40512,1,0,1,0,0,0,0.010707424
40710,7409.438432,1,0,1,0,0,0,0.010703239
40712,7409.471776,1,0,1,0,0,0,0.010701496
40714,7409.50512,1,0,1,0,0,0,0.010698357
40716,7409.538432,1,0,1,0,0,0,0.010722069
40718,7409.571776,1,0,1,0,0,0,0.01071928
40720,7409.605088,1,0,1,0,0,0,0.010748222
40722,7409.638432,1,0,1,0,0,0,0.010775073
40724,7409.671776,1,0,1,0,0,0,0.01077054
40726,7409.705088,1,0,1,0,0,0,0.010789021
40728,7409.738432,1,0,1,0,0,0,0.01071649
40730,7409.771776,1,0,1,0,0,0,0.010734623
40732,7409.805088,1,0,1,0,0,0,0.010728695
40734,7409.838432,1,0,1,0,0,0,0.010690686
40736,7409.871744,1,0,1,0,0,0,0.01073009
40738,7409.905088,1,0,1,0,0,0,0.01071928
40740,7409.938432,1,0,1,0,0,0,0.010699403
40742,7409.971744,1,0,1,0,0,0,0.010685106
40744,7410.005088,1,0,1,0,0,0,0.010710213
40746,7410.0384,1,0,1,0,0,0,0.010689291
40748,7410.071744,1,0,1,0,0,0,0.010729044
40750,7410.105088,1,0,1,0,0,0,0.010687896
40752,7410.1384,1,0,1,0,0,0,0.010695219
40754,7410.171744,1,0,1,0,0,0,0.010709865
40756,7410.205088,1,0,1,0,0,0,0.010680922
40758,7410.2384,1,0,1,0,0,0,0.010732531
40760,7410.271744,1,0,1,0,0,0,0.010684409
40762,7410.305056,1,0,1,0,0,0,0.010683014
40764,7410.3384,1,0,1,0,0,0,0.010669763
40766,7410.371744,1,0,1,0,0,0,0.010661045
40768,7410.405056,1,0,1,0,0,0,0.010666625
40770,7410.4384,1,0,1,0,0,0,0.01068406
40772,7410.471744,1,0,1,0,0,0,0.010638379
40774,7410.505056,1,0,1,0,0,0,0.010620944
40776,7410.5384,1,0,1,0,0,0,0.010642215
40778,7410.571712,1,0,1,0,0,0,0.010666625
40780,7410.605056,1,0,1,0,0,0,0.01062478
40782,7410.6384,1,0,1,0,0,0,0.010629662
40784,7410.671712,1,0,1,0,0,0,0.010580843
40786,7410.705056,1,0,1,0,0,0,0.01064082
40788,7410.7384,1,0,1,0,0,0,0.010585376
40790,7410.771712,1,0,1,0,0,0,0.010566894
40792,7410.805056,1,0,1,0,0,0,0.010621642
40794,7410.8384,1,0,1,0,0,0,0.010540044
40796,7410.871712,1,0,1,0,0,0,0.010543182
40798,7410.905056,1,0,1,0,0,0,0.010563756
40800,7410.938368,1,0,1,0,0,0,0.010590955
40802,7410.971712,1,0,1,0,0,0,0.010574566
40804,7411.005056,1,0,1,0,0,0,0.010579797
40806,7411.038368,1,0,1,0,0,0,0.010601068
40808,7411.071712,1,0,1,0,0,0,0.010589212
40810,7411.105056,1,0,1,0,0,0,0.010568638
40812,7411.138368,1,0,1,0,0,0,0.010550505
40814,7411.171712,1,0,1,0,0,0,0.010609785
40816,7411.205024,1,0,1,0,0,0,0.010607693
40818,7411.238368,1,0,1,0,0,0,0.010594791
40820,7411.271712,1,0,1,0,0,0,0.01064082
40822,7411.305024,1,0,1,0,0,0,0.010614319
40824,7411.338368,1,0,1,0,0,0,0.010617457
40826,7411.37168,1,0,1,0,0,0,0.010610483
40828,7411.405024,1,0,1,0,0,0,0.010598278
40830,7411.438368,1,0,1,0,0,0,0.010607344
40832,7411.47168,1,0,1,0,0,0,0.010615365
40834,7411.505024,1,0,1,0,0,0,0.01062757
40836,7411.538368,1,0,1,0,0,0,0.010615713
40838,7411.57168,1,0,1,0,0,0,0.010646051
40840,7411.605024,1,0,1,0,0,0,0.01064361
40842,7411.638368,1,0,1,0,0,0,0.010648841
40844,7411.67168,1,0,1,0,0,0,0.010545972
40846,7411.705024,1,0,1,0,0,0,0.010655815
40848,7411.738336,1,0,1,0,0,0,0.010598975
40850,7411.77168,1,0,1,0,0,0,0.010621642
40852,7411.805024,1,0,1,0,0,0,0.010627221
40854,7411.838336,1,0,1,0,0,0,0.010657907
40856,7411.87168,1,0,1,0,0,0,0.01069208
40858,7411.904992,1,0,1,0,0,0,0.010657907
40860,7411.938336,1,0,1,0,0,0,0.0106464
40862,7411.97168,1,0,1,0,0,0,0.010654071
40864,7412.004992,1,0,1,0,0,0,0.010672553
40866,7412.038336,1,0,1,0,0,0,0.010672902
40868,7412.07168,1,0,1,0,0,0,0.010658256
40870,7412.104992,1,0,1,0,0,0,0.010626872
40872,7412.138336,1,0,1,0,0,0,0.010677435
40874,7412.171648,1,0,1,0,0,0,0.010642564
40876,7412.204992,1,0,1,0,0,0,0.010660348
40878,7412.238336,1,0,1,0,0,0,0.01068406
40880,7412.271648,1,0,1,0,0,0,0.010668717
40882,7412.304992,1,0,1,0,0,0,0.010653723
40884,7412.338336,1,0,1,0,0,0,0.010645702
40886,7412.371648,1,0,1,0,0,0,0.010688245
40888,7412.404992,1,0,1,0,0,0,0.010658256
40890,7412.438304,1,0,1,0,0,0,0.010688245
40892,7412.471648,1,0,1,0,0,0,0.010653723
40894,7412.504992,1,0,1,0,0,0,0.010663138
40896,7412.538304,1,0,1,0,0,0,0.010651282
40898,7412.571648,1,0,1,0,0,0,0.010693475
40900,7412.604992,1,0,1,0,0,0,0.010668717
40902,7412.638304,1,0,1,0,0,0,0.010612226
40904,7412.671648,1,0,1,0,0,0,0.010670809
40906,7412.704992,1,0,1,0,0,0,0.010661045
40908,7412.738304,1,0,1,0,0,0,0.010680224
40910,7412.771648,1,0,1,0,0,0,0.010674645
40912,7412.80496,1,0,1,0,0,0,0.010703239
40914,7412.838304,1,0,1,0,0,0,0.010660697
40916,7412.871648,1,0,1,0,0,0,0.010680573
40918,7412.90496,1,0,1,0,0,0,0.010701844
40920,7412.938304,1,0,1,0,0,0,0.010680922
40922,7412.971648,1,0,1,0,0,0,0.010670112
40924,7413.00496,1,0,1,0,0,0,0.010703937
40926,7413.038304,1,0,1,0,0,0,0.010709865
40928,7413.071616,1,0,1,0,0,0,0.010707772
40930,7413.10496,1,0,1,0,0,0,0.010696614
40932,7413.138304,1,0,1,0,0,0,0.010699055
40934,7413.171616,1,0,1,0,0,0,0.010680224
40936,7413.20496,1,0,1,0,0,0,0.010672204
40938,7413.238304,1,0,1,0,0,0,0.010668717
40940,7413.271616,1,0,1,0,0,0,0.010674994
40942,7413.30496,1,0,1,0,0,0,0.010681968
40944,7413.338272,1,0,1,0,0,0,0.010696614
40946,7413.371616,1,0,1,0,0,0,0.010704634
40948,7413.40496,1,0,1,0,0,0,0.010698706
40950,7413.438272,1,0,1,0,0,0,0.010687199
40952,7413.471616,1,0,1,0,0,0,0.010672902
40954,7413.50496,1,0,1,0,0,0,0.01068406
40956,7413.538272,1,0,1,0,0,0,0.010683014
40958,7413.571616,1,0,1,0,0,0,0.010617108
40960,7413.604928,1,0,1,0,0,0,0.010664184
40962,7413.638272,1,0,1,0,0,0,0.010704285
40964,7413.671616,1,0,1,0,0,0,0.010616062
40966,7413.704928,1,0,1,0,0,0,0.010593396
40968,7413.738272,1,0,1,0,0,0,0.010602114
40970,7413.771584,1,0,1,0,0,0,0.010638728
40972,7413.804928,1,0,1,0,0,0,0.01063001
40974,7413.838272,1,0,1,0,0,0,0.010639077
40976,7413.871584,1,0,1,0,0,0,0.010641169
40978,7413.904928,1,0,1,0,0,0,0.010644656
40980,7413.938272,1,0,1,0,0,0,0.010641169
40982,7413.971584,1,0,1,0,0,0,0.010684409
40984,7414.004928,1,0,1,0,0,0,0.010623385
40986,7414.03824,1,0,1,0,0,0,0.010658256
40988,7414.071584,1,0,1,0,0,0,0.010621642
40990,7414.104928,1,0,1,0,0,0,0.010680573
40992,7414.13824,1,0,1,0,0,0,0.010669763
40994,7414.171584,1,0,1,0,0,0,0.010665927
40996,7414.204928,1,0,1,0,0,0,0.010665927
40998,7414.23824,1,0,1,0,0,0,0.010644308
41000,7414.271584,1,0,1,0,0,0,0.010620595
41002,7414.304928,1,0,1,0,0,0,0.010633498
41004,7414.33824,1,0,1,0,0,0,0.01065442
41006,7414.371584,1,0,1,0,0,0,0.010617457
41008,7414.404896,1,0,1,0,0,0,0.010626872
41010,7414.43824,1,0,1,0,0,0,0.010616411
41012,7414.471584,1,0,1,0,0,0,0.010606996
41014,7414.504896,1,0,1,0,0,0,0.010608042
41016,7414.53824,1,0,1,0,0,0,0.010612924
41018,7414.571552,1,0,1,0,0,0,0.010581889
41020,7414.604896,1,0,1,0,0,0,0.010583284
41022,7414.63824,1,0,1,0,0,0,0.01058154
41024,7414.671552,1,0,1,0,0,0,0.010576309
41026,7414.704896,1,0,1,0,0,0,0.010629313
41028,7414.73824,1,0,1,0,0,0,0.010602463
41030,7414.771552,1,0,1,0,0,0,0.010564453
41032,7414.804896,1,0,1,0,0,0,0.010597581
41034,7414.83824,1,0,1,0,0,0,0.010605252
41036,7414.871552,1,0,1,0,0,0,0.010562361
41038,7414.904896,1,0,1,0,0,0,0.010560966
41040,7414.938208,1,0,1,0,0,0,0.010597581
41042,7414.971552,1,0,1,0,0,0,0.01054388
41044,7415.004896,1,0,1,0,0,0,0.010586422
41046,7415.038208,1,0,1,0,0,0,0.010576309
41048,7415.071552,1,0,1,0,0,0,0.010572125
41050,7415.104896,1,0,1,0,0,0,0.010571079
41052,7415.138208,1,0,1,0,0,0,0.010553992
41054,7415.171552,1,0,1,0,0,0,0.010556782
41056,7415.204864,1,0,1,0,0,0,0.010538649
41058,7415.238208,1,0,1,0,0,0,0.010558177
41060,7415.27152,1,0,1,0,0,0,0.010551203
41062,7415.304864,1,0,1,0,0,0,0.010602463
41064,7415.338208,1,0,1,0,0,0,0.010555736
41066,7415.37152,1,0,1,0,0,0,0.010602811
41068,7415.404864,1,0,1,0,0,0,0.010558874
41070,7415.438208,1,0,1,0,0,0,0.010556782
41072,7415.47152,1,0,1,0,0,0,0.010624431
41074,7415.504864,1,0,1,0,0,0,0.010604555
41076,7415.538208,1,0,1,0,0,0,0.010607693
41078,7415.57152,1,0,1,0,0,0,0.010618852
41080,7415.604864,1,0,1,0,0,0,0.010633498
41082,7415.638176,1,0,1,0,0,0,0.010662789
41084,7415.67152,1,0,1,0,0,0,0.010692429
41086,7415.704864,1,0,1,0,0,0,0.010695916
41088,7415.738176,1,0,1,0,0,0,0.010683363
41090,7415.77152,1,0,1,0,0,0,0.010675343
41092,7415.804864,1,0,1,0,0,0,0.010680224
41094,7415.838176,1,0,1,0,0,0,0.010686501
41096,7415.87152,1,0,1,0,0,0,0.010620944
41098,7415.904864,1,0,1,0,0,0,0.010674994
41100,7415.938176,1,0,1,0,0,0,0.010647795
41102,7415.97152,1,0,1,0,0,0,0.010648841
41104,7416.004832,1,0,1,0,0,0,0.01067604
41106,7416.038176,1,0,1,0,0,0,0.010652328
41108,7416.07152,1,0,1,0,0,0,0.010636287
41110,7416.104832,1,0,1,0,0,0,0.010609088
41112,7416.138176,1,0,1,0,0,0,0.010674645
41114,7416.17152,1,0,1,0,0,0,0.010604904
41116,7416.204832,1,0,1,0,0,0,0.010637682
41118,7416.238176,1,0,1,0,0,0,0.010638728
41120,7416.271488,1,0,1,0,0,0,0.010670809
41122,7416.304832,1,0,1,0,0,0,0.010655815
41124,7416.338176,1,0,1,0,0,0,0.010636287
41126,7416.371488,1,0,1,0,0,0,0.010605601
41128,7416.404832,1,0,1,0,0,0,0.01063001
41130,7416.438176,1,0,1,0,0,0,0.010571079
41132,7416.471488,1,0,1,0,0,0,0.010660348
41134,7416.504832,1,0,1,0,0,0,0.01065163
41136,7416.538144,1,0,1,0,0,0,0.0106328
41138,7416.571488,1,0,1,0,0,0,0.010657907
41140,7416.604832,1,0,1,0,0,0,0.010650236
41142,7416.638144,1,0,1,0,0,0,0.010679178
41144,7416.671488,1,0,1,0,0,0,0.010683712
41146,7416.7048,1,0,1,0,0,0,0.010683363
41148,7416.738144,1,0,1,0,0,0,0.010694173
41150,7416.771488,1,0,1,0,0,0,0.01071928
41152,7416.8048,1,0,1,0,0,0,0.01070568
41154,7416.838144,1,0,1,0,0,0,0.01069487
41156,7416.871488,1,0,1,0,0,0,0.010651979
41158,7416.9048,1,0,1,0,0,0,0.010693127
41160,7416.938144,1,0,1,0,0,0,0.010688942
41162,7416.971488,1,0,1,0,0,0,0.010702193
41164,7417.0048,1,0,1,0,0,0,0.01070289
41166,7417.038144,1,0,1,0,0,0,0.010656512
41168,7417.071488,1,0,1,0,0,0,0.010695568
41170,7417.1048,1,0,1,0,0,0,0.010659651
41172,7417.138144,1,0,1,0,0,0,0.010687896
41174,7417.171488,1,0,1,0,0,0,0.01067604
41176,7417.2048,1,0,1,0,0,0,0.010713003
41178,7417.238112,1,0,1,0,0,0,0.010731833
41180,7417.271488,1,0,1,0,0,0,0.010671855
41182,7417.3048,1,0,1,0,0,0,0.010680224
41184,7417.338112,1,0,1,0,0,0,0.010693127
41186,7417.371488,1,0,1,0,0,0,0.010689988
41188,7417.4048,1,0,1,0,0,0,0.010675691
41190,7417.438112,1,0,1,0,0,0,0.01068406
41192,7417.471488,1,0,1,0,0,0,0.010678132
41194,7417.5048,1,0,1,0,0,0,0.010672553
41196,7417.538112,1,0,1,0,0,0,0.010700101
41198,7417.571488,1,0,1,0,0,0,0.010730787
41200,7417.604768,1,0,1,0,0,0,0.010687199
41202,7417.638112,1,0,1,0,0,0,0.010752407
41204,7417.671488,1,0,1,0,0,0,0.010685455
41206,7417.704768,1,0,1,0,0,0,0.010709865
41208,7417.738112,1,0,1,0,0,0,0.010726254
41210,7417.771488,1,0,1,0,0,0,0.010673948
41212,7417.804768,1,0,1,0,0,0,0.010692778
41214,7417.838112,1,0,1,0,0,0,0.010722418
41216,7417.871488,1,0,1,0,0,0,0.010738459
41218,7417.904768,1,0,1,0,0,0,0.010729392
41220,7417.938112,1,0,1,0,0,0,0.010683363
41222,7417.971488,1,0,1,0,0,0,0.010704634
41224,7418.004768,1,0,1,0,0,0,0.010700449
41226,7418.038112,1,0,1,0,0,0,0.010737761
41228,7418.071488,1,0,1,0,0,0,0.01067883
41230,7418.104768,1,0,1,0,0,0,0.010725905
41232,7418.13808,1,0,1,0,0,0,0.010723115
41234,7418.171488,1,0,1,0,0,0,0.01071649
41236,7418.204768,1,0,1,0,0,0,0.010725556
41238,7418.23808,1,0,1,0,0,0,0.010698009
41240,7418.271488,1,0,1,0,0,0,0.010707075
41242,7418.304736,1,0,1,0,0,0,0.010724162
41244,7418.33808,1,0,1,0,0,0,0.010726951
41246,7418.371424,1,0,1,0,0,0,0.010681968
41248,7418.404736,1,0,1,0,0,0,0.010723115
41250,7418.43808,1,0,1,0,0,0,0.010698706
41252,7418.471424,1,0,1,0,0,0,0.010706726
41254,7418.504736,1,0,1,0,0,0,0.010728346
41256,7418.53808,1,0,1,0,0,0,0.010664881
41258,7418.571392,1,0,1,0,0,0,0.01067325
41260,7418.604736,1,0,1,0,0,0,0.010683712
41262,7418.63808,1,0,1,0,0,0,0.01066802
41264,7418.671392,1,0,1,0,0,0,0.010676737
41266,7418.704736,1,0,1,0,0,0,0.010677435
41268,7418.73808,1,0,1,0,0,0,0.010672902
41270,7418.771392,1,0,1,0,0,0,0.010661743
41272,7418.804736,1,0,1,0,0,0,0.010649887
41274,7418.838048,1,0,1,0,0,0,0.010682665
41276,7418.871392,1,0,1,0,0,0,0.010621642
41278,7418.904736,1,0,1,0,0,0,0.010654769
41280,7418.938048,1,0,1,0,0,0,0.010655466
41282,7418.971392,1,0,1,0,0,0,0.010657558
41284,7419.004736,1,0,1,0,0,0,0.010636287
41286,7419.038048,1,0,1,0,0,0,0.010645005
41288,7419.071392,1,0,1,0,0,0,0.010649189
41290,7419.104736,1,0,1,0,0,0,0.010680224
41292,7419.138048,1,0,1,0,0,0,0.01068406
41294,7419.171392,1,0,1,0,0,0,0.010674994
41296,7419.204704,1,0,1,0,0,0,0.0106464
41298,7419.238048,1,0,1,0,0,0,0.010684758
41300,7419.271392,1,0,1,0,0,0,0.010683712
41302,7419.304704,1,0,1,0,0,0,0.010689291
41304,7419.338048,1,0,1,0,0,0,0.010674645
41306,7419.371392,1,0,1,0,0,0,0.010665927
41308,7419.404704,1,0,1,0,0,0,0.010676737
41310,7419.438048,1,0,1,0,0,0,0.010705331
41312,7419.47136,1,0,1,0,0,0,0.010658605
41314,7419.504704,1,0,1,0,0,0,0.010716839
41316,7419.538048,1,0,1,0,0,0,0.010706029
41318,7419.57136,1,0,1,0,0,0,0.010655117
41320,7419.604704,1,0,1,0,0,0,0.0107137
41322,7419.638048,1,0,1,0,0,0,0.010711608
41324,7419.67136,1,0,1,0,0,0,0.010721721
41326,7419.704704,1,0,1,0,0,0,0.010714049
41328,7419.738016,1,0,1,0,0,0,0.010683014
41330,7419.77136,1,0,1,0,0,0,0.010686501
41332,7419.804704,1,0,1,0,0,0,0.010708818
41334,7419.838016,1,0,1,0,0,0,0.01068685
41336,7419.87136,1,0,1,0,0,0,0.010688593
41338,7419.904704,1,0,1,0,0,0,0.010695219
41340,7419.938016,1,0,1,0,0,0,0.010680224
41342,7419.97136,1,0,1,0,0,0,0.010691732
41344,7420.004672,1,0,1,0,0,0,0.010725208
41346,7420.038016,1,0,1,0,0,0,0.010710911
41348,7420.07136,1,0,1,0,0,0,0.01070847
41350,7420.104672,1,0,1,0,0,0,0.010689988
41352,7420.138016,1,0,1,0,0,0,0.010719977
41354,7420.171328,1,0,1,0,0,0,0.010720326
41356,7420.204672,1,0,1,0,0,0,0.010704634
41358,7420.238016,1,0,1,0,0,0,0.010675343
41360,7420.271328,1,0,1,0,0,0,0.010677435
41362,7420.304672,1,0,1,0,0,0,0.010666974
41364,7420.338016,1,0,1,0,0,0,0.010716141
41366,7420.371328,1,0,1,0,0,0,0.010670809
41368,7420.404672,1,0,1,0,0,0,0.010661045
41370,7420.437984,1,0,1,0,0,0,0.010662789
41372,7420.471328,1,0,1,0,0,0,0.010618154
41374,7420.504672,1,0,1,0,0,0,0.010650584
41376,7420.537984,1,0,1,0,0,0,0.010635241
41378,7420.571328,1,0,1,0,0,0,0.010673948
41380,7420.604672,1,0,1,0,0,0,0.010633846
41382,7420.637984,1,0,1,0,0,0,0.010653723
41384,7420.671328,1,0,1,0,0,0,0.010650584
41386,7420.704672,1,0,1,0,0,0,0.010640123
41388,7420.737984,1,0,1,0,0,0,0.010637682
41390,7420.771328,1,0,1,0,0,0,0.010649887
41392,7420.80464,1,0,1,0,0,0,0.010676737
41394,7420.837984,1,0,1,0,0,0,0.010651282
41396,7420.871328,1,0,1,0,0,0,0.010625129
41398,7420.90464,1,0,1,0,0,0,0.010618503
41400,7420.937984,1,0,1,0,0,0,0.010652677
41402,7420.971328,1,0,1,0,0,0,0.010687896
41404,7421.00464,1,0,1,0,0,0,0.010674994
41406,7421.037984,1,0,1,0,0,0,0.01065721
41408,7421.071296,1,0,1,0,0,0,0.010669066
41410,7421.10464,1,0,1,0,0,0,0.010658953
41412,7421.137984,1,0,1,0,0,0,0.01061676
41414,7421.171296,1,0,1,0,0,0,0.010684758
41416,7421.20464,1,0,1,0,0,0,0.010669414
41418,7421.237984,1,0,1,0,0,0,0.010683014
41420,7421.271296,1,0,1,0,0,0,0.010688593
41422,7421.30464,1,0,1,0,0,0,0.010693824
41424,7421.337952,1,0,1,0,0,0,0.010658256
41426,7421.371296,1,0,1,0,0,0,0.010662789
41428,7421.40464,1,0,1,0,0,0,0.010703588
41430,7421.437952,1,0,1,0,0,0,0.01065721
41432,7421.471296,1,0,1,0,0,0,0.01066523
41434,7421.504608,1,0,1,0,0,0,0.010667671
41436,7421.537952,1,0,1,0,0,0,0.010666974
41438,7421.571296,1,0,1,0,0,0,0.010699403
41440,7421.604608,1,0,1,0,0,0,0.010685455
41442,7421.637952,1,0,1,0,0,0,0.010716141
41444,7421.671296,1,0,1,0,0,0,0.010647795
41446,7421.704608,1,0,1,0,0,0,0.010680573
41448,7421.737952,1,0,1,0,0,0,0.010666974
41450,7421.771264,1,0,1,0,0,0,0.01070289
41452,7421.804608,1,0,1,0,0,0,0.010675691
41454,7421.837952,1,0,1,0,0,0,0.010690686
41456,7421.871264,1,0,1,0,0,0,0.01069208
41458,7421.904608,1,0,1,0,0,0,0.010691732
41460,7421.937952,1,0,1,0,0,0,0.010680224
41462,7421.971264,1,0,1,0,0,0,0.010670461
41464,7422.004608,1,0,1,0,0,0,0.010674994
41466,7422.037952,1,0,1,0,0,0,0.010661045
41468,7422.071264,1,0,1,0,0,0,0.010656861
41470,7422.104608,1,0,1,0,0,0,0.010683363
41472,7422.13792,1,0,1,0,0,0,0.01067325
41474,7422.171264,1,0,1,0,0,0,0.01071928
41476,7422.204608,1,0,1,0,0,0,0.010710562
41478,7422.23792,1,0,1,0,0,0,0.010673948
41480,7422.271264,1,0,1,0,0,0,0.010652328
41482,7422.304608,1,0,1,0,0,0,0.01070847
41484,7422.33792,1,0,1,0,0,0,0.010651979
41486,7422.371264,1,0,1,0,0,0,0.010664881
41488,7422.404576,1,0,1,0,0,0,0.010664184
41490,7422.43792,1,0,1,0,0,0,0.010674645
41492,7422.471264,1,0,1,0,0,0,0.010657907
41494,7422.504576,1,0,1,0,0,0,0.010700449
41496,7422.53792,1,0,1,0,0,0,0.010636287
41498,7422.571264,1,0,1,0,0,0,0.010677435
41500,7422.604576,1,0,1,0,0,0,0.010637682
41502,7422.63792,1,0,1,0,0,0,0.010660348
41504,7422.671232,1,0,1,0,0,0,0.010585027
41506,7422.704576,1,0,1,0,0,0,0.010648841
41508,7422.73792,1,0,1,0,0,0,0.010659999
41510,7422.771232,1,0,1,0,0,0,0.010657558
41512,7422.804576,1,0,1,0,0,0,0.01064361
41514,7422.83792,1,0,1,0,0,0,0.010597929
41516,7422.871232,1,0,1,0,0,0,0.010606298
41518,7422.904576,1,0,1,0,0,0,0.010611529
41520,7422.937888,1,0,1,0,0,0,0.010651979
41522,7422.971232,1,0,1,0,0,0,0.010606996
41524,7423.004576,1,0,1,0,0,0,0.010608739
41526,7423.037888,1,0,1,0,0,0,0.010622688
41528,7423.071232,1,0,1,0,0,0,0.010651979
41530,7423.104544,1,0,1,0,0,0,0.01062199
41532,7423.137888,1,0,1,0,0,0,0.01059514
41534,7423.171232,1,0,1,0,0,0,0.010602463
41536,7423.204544,1,0,1,0,0,0,0.010628964
41538,7423.237888,1,0,1,0,0,0,0.010619898
41540,7423.271232,1,0,1,0,0,0,0.0106464
41542,7423.304544,1,0,1,0,0,0,0.010627918
41544,7423.337888,1,0,1,0,0,0,0.01061676
41546,7423.3712,1,0,1,0,0,0,0.010632451
41548,7423.404544,1,0,1,0,0,0,0.010623734
41550,7423.437888,1,0,1,0,0,0,0.01064082
41552,7423.4712,1,0,1,0,0,0,0.010649189
41554,7423.504544,1,0,1,0,0,0,0.010643959
41556,7423.537888,1,0,1,0,0,0,0.010705331
41558,7423.5712,1,0,1,0,0,0,0.010616062
41560,7423.604544,1,0,1,0,0,0,0.010626175
41562,7423.637856,1,0,1,0,0,0,0.010678132
41564,7423.6712,1,0,1,0,0,0,0.010628267
41566,7423.704544,1,0,1,0,0,0,0.010664533
41568,7423.737856,1,0,1,0,0,0,0.010668368
41570,7423.7712,1,0,1,0,0,0,0.010692778
41572,7423.804544,1,0,1,0,0,0,0.010669414
41574,7423.837856,1,0,1,0,0,0,0.010673599
41576,7423.8712,1,0,1,0,0,0,0.010668717
41578,7423.904544,1,0,1,0,0,0,0.010671507
41580,7423.937856,1,0,1,0,0,0,0.010688245
41582,7423.9712,1,0,1,0,0,0,0.010675691
41584,7424.004512,1,0,1,0,0,0,0.010602463
41586,7424.037856,1,0,1,0,0,0,0.010596883
41588,7424.0712,1,0,1,0,0,0,0.01064082
41590,7424.104512,1,0,1,0,0,0,0.010612226
41592,7424.137856,1,0,1,0,0,0,0.010630359
41594,7424.1712,1,0,1,0,0,0,0.010661743
41596,7424.204512,1,0,1,0,0,0,0.010615016
41598,7424.237856,1,0,1,0,0,0,0.010660697
41600,7424.271168,1,0,1,0,0,0,0.010678481
41602,7424.304512,1,0,1,0,0,0,0.010639426
41604,7424.337856,1,0,1,0,0,0,0.010658953
41606,7424.371168,1,0,1,0,0,0,0.010690686
41608,7424.404512,1,0,1,0,0,0,0.010672553
41610,7424.437856,1,0,1,0,0,0,0.010673599
41612,7424.471168,1,0,1,0,0,0,0.010688593
41614,7424.504512,1,0,1,0,0,0,0.010639077
41616,7424.537824,1,0,1,0,0,0,0.010654769
41618,7424.571168,1,0,1,0,0,0,0.010672553
41620,7424.604512,1,0,1,0,0,0,0.010691034
41622,7424.637824,1,0,1,0,0,0,0.01063001
41624,7424.671168,1,0,1,0,0,0,0.010672204
41626,7424.704512,1,0,1,0,0,0,0.010642564
41628,7424.737824,1,0,1,0,0,0,0.010643959
41630,7424.771168,1,0,1,0,0,0,0.010608042
41632,7424.80448,1,0,1,0,0,0,0.010654769
41634,7424.837824,1,0,1,0,0,0,0.010679178
41636,7424.871168,1,0,1,0,0,0,0.010641867
41638,7424.90448,1,0,1,0,0,0,0.01065721
41640,7424.937824,1,0,1,0,0,0,0.010663835
41642,7424.971136,1,0,1,0,0,0,0.010677086
41644,7425.00448,1,0,1,0,0,0,0.010625477
41646,7425.037824,1,0,1,0,0,0,0.010620247
41648,7425.071136,1,0,1,0,0,0,0.01063001
41650,7425.10448,1,0,1,0,0,0,0.0106328
41652,7425.137824,1,0,1,0,0,0,0.01065721
41654,7425.171136,1,0,1,0,0,0,0.010679876
41656,7425.20448,1,0,1,0,0,0,0.010629662
41658,7425.237792,1,0,1,0,0,0,0.01062478
41660,7425.271136,1,0,1,0,0,0,0.010623385
41662,7425.30448,1,0,1,0,0,0,0.010640472
41664,7425.337792,1,0,1,0,0,0,0.010650584
41666,7425.371136,1,0,1,0,0,0,0.010629313
41668,7425.40448,1,0,1,0,0,0,0.010628267
41670,7425.437792,1,0,1,0,0,0,0.010651282
41672,7425.471136,1,0,1,0,0,0,0.01063001
41674,7425.50448,1,0,1,0,0,0,0.010615016
41676,7425.537792,1,0,1,0,0,0,0.010638728
41678,7425.571136,1,0,1,0,0,0,0.010687547
41680,7425.604448,1,0,1,0,0,0,0.010680573
41682,7425.637792,1,0,1,0,0,0,0.010653025
41684,7425.671136,1,0,1,0,0,0,0.010661743
41686,7425.704448,1,0,1,0,0,0,0.010687547
41688,7425.737792,1,0,1,0,0,0,0.010656512
41690,7425.771136,1,0,1,0,0,0,0.010660697
41692,7425.804448,1,0,1,0,0,0,0.010678132
41694,7425.837792,1,0,1,0,0,0,0.010652677
41696,7425.871104,1,0,1,0,0,0,0.010621293
41698,7425.904448,1,0,1,0,0,0,0.010683014
41700,7425.937792,1,0,1,0,0,0,0.010646051
41702,7425.971104,1,0,1,0,0,0,0.010655815
41704,7426.004448,1,0,1,0,0,0,0.010603509
41706,7426.03776,1,0,1,0,0,0,0.010635241
41708,7426.071104,1,0,1,0,0,0,0.010653723
41710,7426.104448,1,0,1,0,0,0,0.010618154
41712,7426.13776,1,0,1,0,0,0,0.010639774
41714,7426.171104,1,0,1,0,0,0,0.010626175
41716,7426.204448,1,0,1,0,0,0,0.010649538
41718,7426.23776,1,0,1,0,0,0,0.010634544
41720,7426.271104,1,0,1,0,0,0,0.010636985
41722,7426.304448,1,0,1,0,0,0,0.010633846
41724,7426.33776,1,0,1,0,0,0,0.010601068
41726,7426.371104,1,0,1,0,0,0,0.010620247
41728,7426.404416,1,0,1,0,0,0,0.010640472
41730,7426.43776,1,0,1,0,0,0,0.010639426
41732,7426.471104,1,0,1,0,0,0,0.01061676
41734,7426.504416,1,0,1,0,0,0,0.010600719
41736,7426.53776,1,0,1,0,0,0,0.010623036
41738,7426.571104,1,0,1,0,0,0,0.010571428
41740,7426.604416,1,0,1,0,0,0,0.010620247
41742,7426.63776,1,0,1,0,0,0,0.010663835
41744,7426.671072,1,0,1,0,0,0,0.010578053
41746,7426.704416,1,0,1,0,0,0,0.010606298
41748,7426.73776,1,0,1,0,0,0,0.010597929
41750,7426.771072,1,0,1,0,0,0,0.010651282
41752,7426.804416,1,0,1,0,0,0,0.010609785
41754,7426.837728,1,0,1,0,0,0,0.010637682
41756,7426.871072,1,0,1,0,0,0,0.010617108
41758,7426.904416,1,0,1,0,0,0,0.010606996
41760,7426.937728,1,0,1,0,0,0,0.010626523
41762,7426.971072,1,0,1,0,0,0,0.010586771
41764,7427.004416,1,0,1,0,0,0,0.010585725
41766,7427.037728,1,0,1,0,0,0,0.010612924
41768,7427.071072,1,0,1,0,0,0,0.01058433
41770,7427.104384,1,0,1,0,0,0,0.010578053
41772,7427.137728,1,0,1,0,0,0,0.010610832
41774,7427.171072,1,0,1,0,0,0,0.010611878
41776,7427.204384,1,0,1,0,0,0,0.010625477
41778,7427.237728,1,0,1,0,0,0,0.010659651
41780,7427.271072,1,0,1,0,0,0,0.010618503
41782,7427.304384,1,0,1,0,0,0,0.010622339
41784,7427.337728,1,0,1,0,0,0,0.010635939
41786,7427.371072,1,0,1,0,0,0,0.010621293
41788,7427.404384,1,0,1,0,0,0,0.010643959
41790,7427.437728,1,0,1,0,0,0,0.010659651
41792,7427.47104,1,0,1,0,0,0,0.010650584
41794,7427.504384,1,0,1,0,0,0,0.010637333
41796,7427.537728,1,0,1,0,0,0,0.010650933
41798,7427.57104,1,0,1,0,0,0,0.010656861
41800,7427.604384,1,0,1,0,0,0,0.010632103
41802,7427.637728,1,0,1,0,0,0,0.010627918
41804,7427.67104,1,0,1,0,0,0,0.010707424
41806,7427.704384,1,0,1,0,0,0,0.010663138
41808,7427.737696,1,0,1,0,0,0,0.010630359
41810,7427.77104,1,0,1,0,0,0,0.010619549
41812,7427.804384,1,0,1,0,0,0,0.010652328
41814,7427.837696,1,0,1,0,0,0,0.010658953
41816,7427.87104,1,0,1,0,0,0,0.010660697
41818,7427.904384,1,0,1,0,0,0,0.01065163
41820,7427.937696,1,0,1,0,0,0,0.010636985
41822,7427.97104,1,0,1,0,0,0,0.010649887
41824,7428.004352,1,0,1,0,0,0,0.010632103
41826,7428.037696,1,0,1,0,0,0,0.010671158
41828,7428.07104,1,0,1,0,0,0,0.010659651
41830,7428.104352,1,0,1,0,0,0,0.010654769
41832,7428.137696,1,0,1,0,0,0,0.010656164
41834,7428.17104,1,0,1,0,0,0,0.010656164
41836,7428.204352,1,0,1,0,0,0,0.010635939
41838,7428.237696,1,0,1,0,0,0,0.010658605
41840,7428.271008,1,0,1,0,0,0,0.010641169
41842,7428.304352,1,0,1,0,0,0,0.010666625
41844,7428.337696,1,0,1,0,0,0,0.010673948
41846,7428.371008,1,0,1,0,0,0,0.010628267
41848,7428.404352,1,0,1,0,0,0,0.010621642
41850,7428.437664,1,0,1,0,0,0,0.010682665
41852,7428.471008,1,0,1,0,0,0,0.01066802
41854,7428.504352,1,0,1,0,0,0,0.010662092
41856,7428.537664,1,0,1,0,0,0,0.010662092
41858,7428.571008,1,0,1,0,0,0,0.010641169
41860,7428.604352,1,0,1,0,0,0,0.01065721
41862,7428.637664,1,0,1,0,0,0,0.010671507
41864,7428.671008,1,0,1,0,0,0,0.010679527
41866,7428.70432,1,0,1,0,0,0,0.010685455
41868,7428.737664,1,0,1,0,0,0,0.010716839
41870,7428.771008,1,0,1,0,0,0,0.010681619
41872,7428.80432,1,0,1,0,0,0,0.010709516
41874,7428.837664,1,0,1,0,0,0,0.010681619
41876,7428.871008,1,0,1,0,0,0,0.010678132
41878,7428.90432,1,0,1,0,0,0,0.010698009
41880,7428.937664,1,0,1,0,0,0,0.010673599
41882,7428.970976,1,0,1,0,0,0,0.010661045
41884,7429.00432,1,0,1,0,0,0,0.010685804
41886,7429.037664,1,0,1,0,0,0,0.010616062
41888,7429.070976,1,0,1,0,0,0,0.010650236
41890,7429.10432,1,0,1,0,0,0,0.010613273
41892,7429.137664,1,0,1,0,0,0,0.010623385
41894,7429.170976,1,0,1,0,0,0,0.010633149
41896,7429.20432,1,0,1,0,0,0,0.010608042
41898,7429.237632,1,0,1,0,0,0,0.010620247
41900,7429.270976,1,0,1,0,0,0,0.01063001
41902,7429.30432,1,0,1,0,0,0,0.010620595
41904,7429.337632,1,0,1,0,0,0,0.010608739
41906,7429.370976,1,0,1,0,0,0,0.010604206
41908,7429.40432,1,0,1,0,0,0,0.010598278
41910,7429.437632,1,0,1,0,0,0,0.010600022
41912,7429.470976,1,0,1,0,0,0,0.010584678
41914,7429.50432,1,0,1,0,0,0,0.010590955
41916,7429.537632,1,0,1,0,0,0,0.010609437
41918,7429.570976,1,0,1,0,0,0,0.010599673
41920,7429.604288,1,0,1,0,0,0,0.010583284
41922,7429.637632,1,0,1,0,0,0,0.010638031
41924,7429.670976,1,0,1,0,0,0,0.010632451
41926,7429.704288,1,0,1,0,0,0,0.010620247
41928,7429.737632,1,0,1,0,0,0,0.010654071
41930,7429.770976,1,0,1,0,0,0,0.01064361
41932,7429.804288,1,0,1,0,0,0,0.010592001
41934,7429.837632,1,0,1,0,0,0,0.01061676
41936,7429.870944,1,0,1,0,0,0,0.010610134
41938,7429.904288,1,0,1,0,0,0,0.010602463
41940,7429.9376,1,0,1,0,0,0,0.010602114
41942,7429.970944,1,0,1,0,0,0,0.010638379
41944,7430.004288,1,0,1,0,0,0,0.010612924
41946,7430.0376,1,0,1,0,0,0,0.010625826
41948,7430.070944,1,0,1,0,0,0,0.010626523
41950,7430.104288,1,0,1,0,0,0,0.010602114
41952,7430.1376,1,0,1,0,0,0,0.010638379
41954,7430.170944,1,0,1,0,0,0,0.010645702
41956,7430.204288,1,0,1,0,0,0,0.010608042
41958,7430.2376,1,0,1,0,0,0,0.010639426
41960,7430.270944,1,0,1,0,0,0,0.010633149
41962,7430.304256,1,0,1,0,0,0,0.010609785
41964,7430.3376,1,0,1,0,0,0,0.010592001
41966,7430.370944,1,0,1,0,0,0,0.010607344
41968,7430.404256,1,0,1,0,0,0,0.010579099
41970,7430.4376,1,0,1,0,0,0,0.010579797
41972,7430.470944,1,0,1,0,0,0,0.010590955
41974,7430.504256,1,0,1,0,0,0,0.010627918
41976,7430.5376,1,0,1,0,0,0,0.010625477
41978,7430.570944,1,0,1,0,0,0,0.010613273
41980,7430.604256,1,0,1,0,0,0,0.010581191
41982,7430.6376,1,0,1,0,0,0,0.010633498
41984,7430.670944,1,0,1,0,0,0,0.010611878
41986,7430.704256,1,0,1,0,0,0,0.010659999
41988,7430.7376,1,0,1,0,0,0,0.010648143
41990,7430.770912,1,0,1,0,0,0,0.010600022
41992,7430.804256,1,0,1,0,0,0,0.010587468
41994,7430.8376,1,0,1,0,0,0,0.010578053
41996,7430.870912,1,0,1,0,0,0,0.010644656
41998,7430.904256,1,0,1,0,0,0,0.010656164
42000,7430.937568,1,0,1,0,0,0,0.010609437
42002,7430.970912,1,0,1,0,0,0,0.010673599
42004,7431.004256,1,0,1,0,0,0,0.010628616
42006,7431.037568,1,0,1,0,0,0,0.010619201
42008,7431.070912,1,0,1,0,0,0,0.010617108
42010,7431.104256,1,0,1,0,0,0,0.010594442
42012,7431.137568,1,0,1,0,0,0,0.010613621
42014,7431.170912,1,0,1,0,0,0,0.01060316
42016,7431.204224,1,0,1,0,0,0,0.010594094
42018,7431.237568,1,0,1,0,0,0,0.010583632
42020,7431.270912,1,0,1,0,0,0,0.010612575
42022,7431.304224,1,0,1,0,0,0,0.010652677
42024,7431.337568,1,0,1,0,0,0,0.010620595
42026,7431.370912,1,0,1,0,0,0,0.010657907
42028,7431.404224,1,0,1,0,0,0,0.010627918
42030,7431.437568,1,0,1,0,0,0,0.010683363
42032,7431.47088,1,0,1,0,0,0,0.010661045
42034,7431.504224,1,0,1,0,0,0,0.010586422
42036,7431.537568,1,0,1,0,0,0,0.010602463
42038,7431.57088,1,0,1,0,0,0,0.010670809
42040,7431.604224,1,0,1,0,0,0,0.010646051
42042,7431.637568,1,0,1,0,0,0,0.010649189
42044,7431.67088,1,0,1,0,0,0,0.010660697
42046,7431.704224,1,0,1,0,0,0,0.010630359
42048,7431.737536,1,0,1,0,0,0,0.010628267
42050,7431.77088,1,0,1,0,0,0,0.01062478
42052,7431.804224,1,0,1,0,0,0,0.010689988
42054,7431.837536,1,0,1,0,0,0,0.010656164
42056,7431.87088,1,0,1,0,0,0,0.010635939
42058,7431.904192,1,0,1,0,0,0,0.010618852
42060,7431.937536,1,0,1,0,0,0,0.010628267
42062,7431.97088,1,0,1,0,0,0,0.010662092
42064,7432.004192,1,0,1,0,0,0,0.010627918
42066,7432.037536,1,0,1,0,0,0,0.010650236
42068,7432.07088,1,0,1,0,0,0,0.010638728
42070,7432.104192,1,0,1,0,0,0,0.010644308
42072,7432.137536,1,0,1,0,0,0,0.010610134
42074,7432.17088,1,0,1,0,0,0,0.010619549
42076,7432.204192,1,0,1,0,0,0,0.010673948
42078,7432.237536,1,0,1,0,0,0,0.010625129
42080,7432.270848,1,0,1,0,0,0,0.010620595
42082,7432.304192,1,0,1,0,0,0,0.010587817
42084,7432.337536,1,0,1,0,0,0,0.010621642
42086,7432.370848,1,0,1,0,0,0,0.010641867
42088,7432.404192,1,0,1,0,0,0,0.010612575
42090,7432.437504,1,0,1,0,0,0,0.010653374
42092,7432.470848,1,0,1,0,0,0,0.010615016
42094,7432.504192,1,0,1,0,0,0,0.01060595
42096,7432.537504,1,0,1,0,0,0,0.010649189
42098,7432.570848,1,0,1,0,0,0,0.010643959
42100,7432.604192,1,0,1,0,0,0,0.010651979
42102,7432.637504,1,0,1,0,0,0,0.010644656
42104,7432.670848,1,0,1,0,0,0,0.010618852
42106,7432.704192,1,0,1,0,0,0,0.010634195
42108,7432.737504,1,0,1,0,0,0,0.010642913
42110,7432.770848,1,0,1,0,0,0,0.010636985
42112,7432.80416,1,0,1,0,0,0,0.010626872
42114,7432.837504,1,0,1,0,0,0,0.010618154
42116,7432.870848,1,0,1,0,0,0,0.010631754
42118,7432.90416,1,0,1,0,0,0,0.010648841
42120,7432.937504,1,0,1,0,0,0,0.010624082
42122,7432.970848,1,0,1,0,0,0,0.010642913
42124,7433.00416,1,0,1,0,0,0,0.010627918
42126,7433.037504,1,0,1,0,0,0,0.010635939
42128,7433.070816,1,0,1,0,0,0,0.010660348
42130,7433.10416,1,0,1,0,0,0,0.010661394
42132,7433.137472,1,0,1,0,0,0,0.010646748
42134,7433.170816,1,0,1,0,0,0,0.010649538
42136,7433.20416,1,0,1,0,0,0,0.010676389
42138,7433.237472,1,0,1,0,0,0,0.010668717
42140,7433.270816,1,0,1,0,0,0,0.010673948
42142,7433.30416,1,0,1,0,0,0,0.010618852
42144,7433.337472,1,0,1,0,0,0,0.010682317
42146,7433.370816,1,0,1,0,0,0,0.010681968
42148,7433.40416,1,0,1,0,0,0,0.010666276
42150,7433.437472,1,0,1,0,0,0,0.01067325
42152,7433.470816,1,0,1,0,0,0,0.010676389
42154,7433.504128,1,0,1,0,0,0,0.010668717
42156,7433.537472,1,0,1,0,0,0,0.010691732
42158,7433.570816,1,0,1,0,0,0,0.010702193
42160,7433.604128,1,0,1,0,0,0,0.010649887
42162,7433.637472,1,0,1,0,0,0,0.010641169
42164,7433.670816,1,0,1,0,0,0,0.010653374
42166,7433.704128,1,0,1,0,0,0,0.010658953
42168,7433.737472,1,0,1,0,0,0,0.010655815
42170,7433.770816,1,0,1,0,0,0,0.010656512
42172,7433.804128,1,0,1,0,0,0,0.010649538
42174,7433.837472,1,0,1,0,0,0,0.010596186
42176,7433.870784,1,0,1,0,0,0,0.010615365
42178,7433.904128,1,0,1,0,0,0,0.010603509
42180,7433.937472,1,0,1,0,0,0,0.010586422
42182,7433.970784,1,0,1,0,0,0,0.010588166
42184,7434.004128,1,0,1,0,0,0,0.010586073
42186,7434.037472,1,0,1,0,0,0,0.010576309
42188,7434.070784,1,0,1,0,0,0,0.010574217
42190,7434.104128,1,0,1,0,0,0,0.010562012
42192,7434.137472,1,0,1,0,0,0,0.010577356
42194,7434.170784,1,0,1,0,0,0,0.010590955
42196,7434.204128,1,0,1,0,0,0,0.010588863
42198,7434.237472,1,0,1,0,0,0,0.010572474
42200,7434.270784,1,0,1,0,0,0,0.010599673
42202,7434.304128,1,0,1,0,0,0,0.010569335
42204,7434.337472,1,0,1,0,0,0,0.010537952
42206,7434.370784,1,0,1,0,0,0,0.010564802
42208,7434.404096,1,0,1,0,0,0,0.010568638
42210,7434.437472,1,0,1,0,0,0,0.01058956
42212,7434.470784,1,0,1,0,0,0,0.010571079
42214,7434.504096,1,0,1,0,0,0,0.01058433
42216,7434.537472,1,0,1,0,0,0,0.010586771
42218,7434.570784,1,0,1,0,0,0,0.010568638
42220,7434.604096,1,0,1,0,0,0,0.010560269
42222,7434.637472,1,0,1,0,0,0,0.010591304
42224,7434.670752,1,0,1,0,0,0,0.010552249
42226,7434.704096,1,0,1,0,0,0,0.010556084
42228,7434.737472,1,0,1,0,0,0,0.010618154
42230,7434.770752,1,0,1,0,0,0,0.01055469
42232,7434.804096,1,0,1,0,0,0,0.01059514
42234,7434.837472,1,0,1,0,0,0,0.010547367
42236,7434.870752,1,0,1,0,0,0,0.010608739
42238,7434.904096,1,0,1,0,0,0,0.010581889
42240,7434.937472,1,0,1,0,0,0,0.010615365
42242,7434.970752,1,0,1,0,0,0,0.010583632
42244,7435.004096,1,0,1,0,0,0,0.010599673
42246,7435.037408,1,0,1,0,0,0,0.010571776
42248,7435.070752,1,0,1,0,0,0,0.010543182
42250,7435.104064,1,0,1,0,0,0,0.010580843
42252,7435.137408,1,0,1,0,0,0,0.010571428
42254,7435.170752,1,0,1,0,0,0,0.010626872
42256,7435.204064,1,0,1,0,0,0,0.010564105
42258,7435.237408,1,0,1,0,0,0,0.010535859
42260,7435.270752,1,0,1,0,0,0,0.010589909
42262,7435.304064,1,0,1,0,0,0,0.010545623
42264,7435.337408,1,0,1,0,0,0,0.010554341
42266,7435.37072,1,0,1,0,0,0,0.010547367
42268,7435.404064,1,0,1,0,0,0,0.010591304
42270,7435.437408,1,0,1,0,0,0,0.010528885
42272,7435.47072,1,0,1,0,0,0,0.010560966
42274,7435.504064,1,0,1,0,0,0,0.01056794
42276,7435.537408,1,0,1,0,0,0,0.010541787
42278,7435.57072,1,0,1,0,0,0,0.01056794
42280,7435.604064,1,0,1,0,0,0,0.010549459
42282,7435.637408,1,0,1,0,0,0,0.010570033
42284,7435.67072,1,0,1,0,0,0,0.010567243
42286,7435.704064,1,0,1,0,0,0,0.010617108
42288,7435.737376,1,0,1,0,0,0,0.01062478
42290,7435.77072,1,0,1,0,0,0,0.010563756
42292,7435.804064,1,0,1,0,0,0,0.010612924
42294,7435.837376,1,0,1,0,0,0,0.010625477
42296,7435.87072,1,0,1,0,0,0,0.010626872
42298,7435.904064,1,0,1,0,0,0,0.010622339
42300,7435.937376,1,0,1,0,0,0,0.010610134
42302,7435.97072,1,0,1,0,0,0,0.010623734
42304,7436.004032,1,0,1,0,0,0,0.010616062
42306,7436.037376,1,0,1,0,0,0,0.010639774
42308,7436.07072,1,0,1,0,0,0,0.010612226
42310,7436.104032,1,0,1,0,0,0,0.010653723
42312,7436.137376,1,0,1,0,0,0,0.010654769
42314,7436.17072,1,0,1,0,0,0,0.010655466
42316,7436.204032,1,0,1,0,0,0,0.010645702
42318,7436.237376,1,0,1,0,0,0,0.010666625
42320,7436.270688,1,0,1,0,0,0,0.010685804
42322,7436.304032,1,0,1,0,0,0,0.0106464
42324,7436.337376,1,0,1,0,0,0,0.010652328
42326,7436.370688,1,0,1,0,0,0,0.010640472
42328,7436.404032,1,0,1,0,0,0,0.010604206
42330,7436.437376,1,0,1,0,0,0,0.010606647
42332,7436.470688,1,0,1,0,0,0,0.01061397
42334,7436.504032,1,0,1,0,0,0,0.010574566
42336,7436.537344,1,0,1,0,0,0,0.010630359
42338,7436.570688,1,0,1,0,0,0,0.010626175
42340,7436.604032,1,0,1,0,0,0,0.010643959
42342,7436.637344,1,0,1,0,0,0,0.01062478
42344,7436.670688,1,0,1,0,0,0,0.010623734
42346,7436.704,1,0,1,0,0,0,0.010653025
42348,7436.737344,1,0,1,0,0,0,0.01063001
42350,7436.770688,1,0,1,0,0,0,0.010618503
42352,7436.804,1,0,1,0,0,0,0.010618503
42354,7436.837344,1,0,1,0,0,0,0.010606647
42356,7436.870688,1,0,1,0,0,0,0.010616062
42358,7436.904,1,0,1,0,0,0,0.0106328
42360,7436.937344,1,0,1,0,0,0,0.010655466
42362,7436.970688,1,0,1,0,0,0,0.010645354
42364,7437.004,1,0,1,0,0,0,0.01065721
42366,7437.037344,1,0,1,0,0,0,0.010628267
42368,7437.070656,1,0,1,0,0,0,0.010662092
42370,7437.104,1,0,1,0,0,0,0.010650584
42372,7437.137344,1,0,1,0,0,0,0.010622339
42374,7437.170656,1,0,1,0,0,0,0.010630359
42376,7437.204,1,0,1,0,0,0,0.010636636
42378,7437.237344,1,0,1,0,0,0,0.010648841
42380,7437.270656,1,0,1,0,0,0,0.010655466
42382,7437.304,1,0,1,0,0,0,0.010633149
42384,7437.337312,1,0,1,0,0,0,0.010699055
42386,7437.370656,1,0,1,0,0,0,0.010668368
42388,7437.404,1,0,1,0,0,0,0.010694521
42390,7437.437312,1,0,1,0,0,0,0.010678132
42392,7437.470656,1,0,1,0,0,0,0.010675343
42394,7437.504,1,0,1,0,0,0,0.01062478
42396,7437.537312,1,0,1,0,0,0,0.010626872
42398,7437.570656,1,0,1,0,0,0,0.010633498
42400,7437.603968,1,0,1,0,0,0,0.01059235
42402,7437.637312,1,0,1,0,0,0,0.010603509
42404,7437.670656,1,0,1,0,0,0,0.010625826
42406,7437.703968,1,0,1,0,0,0,0.01066802
42408,7437.737312,1,0,1,0,0,0,0.010638379
42410,7437.770656,1,0,1,0,0,0,0.010625826
42412,7437.803968,1,0,1,0,0,0,0.010652328
42414,7437.837312,1,0,1,0,0,0,0.010625477
42416,7437.870624,1,0,1,0,0,0,0.010579448
42418,7437.903968,1,0,1,0,0,0,0.010626872
42420,7437.937312,1,0,1,0,0,0,0.010608391
42422,7437.970624,1,0,1,0,0,0,0.010639077
42424,7438.003968,1,0,1,0,0,0,0.010639077
42426,7438.03728,1,0,1,0,0,0,0.010601765
42428,7438.070624,1,0,1,0,0,0,0.010629313
42430,7438.103968,1,0,1,0,0,0,0.010608391
42432,7438.13728,1,0,1,0,0,0,0.010586073
42434,7438.170624,1,0,1,0,0,0,0.010598975
42436,7438.203968,1,0,1,0,0,0,0.010582238
42438,7438.23728,1,0,1,0,0,0,0.010579448
42440,7438.270624,1,0,1,0,0,0,0.01058956
42442,7438.303936,1,0,1,0,0,0,0.010643959
42444,7438.33728,1,0,1,0,0,0,0.010581191
42446,7438.370624,1,0,1,0,0,0,0.010628964
42448,7438.403936,1,0,1,0,0,0,0.010594791
42450,7438.43728,1,0,1,0,0,0,0.010609785
42452,7438.470624,1,0,1,0,0,0,0.010621642
42454,7438.503936,1,0,1,0,0,0,0.010622339
42456,7438.53728,1,0,1,0,0,0,0.010636985
42458,7438.570624,1,0,1,0,0,0,0.01060595
42460,7438.603936,1,0,1,0,0,0,0.010592001
42462,7438.63728,1,0,1,0,0,0,0.010615016
42464,7438.670592,1,0,1,0,0,0,0.010637682
42466,7438.703936,1,0,1,0,0,0,0.010635939
42468,7438.73728,1,0,1,0,0,0,0.010664881
42470,7438.770592,1,0,1,0,0,0,0.010612575
42472,7438.803936,1,0,1,0,0,0,0.01063559
42474,7438.83728,1,0,1,0,0,0,0.010629662
42476,7438.870592,1,0,1,0,0,0,0.010608042
42478,7438.903936,1,0,1,0,0,0,0.010653723
42480,7438.937248,1,0,1,0,0,0,0.010589909
42482,7438.970592,1,0,1,0,0,0,0.010616411
42484,7439.003936,1,0,1,0,0,0,0.010620595
42486,7439.037248,1,0,1,0,0,0,0.010655815
42488,7439.070592,1,0,1,0,0,0,0.01060595
42490,7439.103936,1,0,1,0,0,0,0.010639077
42492,7439.137248,1,0,1,0,0,0,0.01063001
42494,7439.170592,1,0,1,0,0,0,0.010634195
42496,7439.203904,1,0,1,0,0,0,0.010647097
42498,7439.237248,1,0,1,0,0,0,0.01061118
42500,7439.270592,1,0,1,0,0,0,0.010607693
42502,7439.303904,1,0,1,0,0,0,0.010586422
42504,7439.337248,1,0,1,0,0,0,0.010595488
42506,7439.370592,1,0,1,0,0,0,0.01061118
42508,7439.403904,1,0,1,0,0,0,0.010694173
42510,7439.437248,1,0,1,0,0,0,0.010664881
42512,7439.47056,1,0,1,0,0,0,0.01061676
42514,7439.503904,1,0,1,0,0,0,0.010594791
42516,7439.537248,1,0,1,0,0,0,0.010612575
42518,7439.57056,1,0,1,0,0,0,0.010640472
42520,7439.603904,1,0,1,0,0,0,0.010624082
42522,7439.637216,1,0,1,0,0,0,0.010620944
42524,7439.67056,1,0,1,0,0,0,0.010688593
42526,7439.703904,1,0,1,0,0,0,0.010606996
42528,7439.737216,1,0,1,0,0,0,0.010638728
42530,7439.77056,1,0,1,0,0,0,0.010655466
42532,7439.803904,1,0,1,0,0,0,0.010605601
42534,7439.837216,1,0,1,0,0,0,0.01061676
42536,7439.87056,1,0,1,0,0,0,0.010634892
42538,7439.903872,1,0,1,0,0,0,0.010602463
42540,7439.937216,1,0,1,0,0,0,0.010621293
42542,7439.97056,1,0,1,0,0,0,0.010616062
42544,7440.003872,1,0,1,0,0,0,0.010650236
42546,7440.037216,1,0,1,0,0,0,0.010575612
42548,7440.07056,1,0,1,0,0,0,0.010615713
42550,7440.103872,1,0,1,0,0,0,0.010615713
42552,7440.137216,1,0,1,0,0,0,0.01058956
42554,7440.17056,1,0,1,0,0,0,0.010617457
42556,7440.203872,1,0,1,0,0,0,0.010587119
42558,7440.237216,1,0,1,0,0,0,0.010580494
42560,7440.270528,1,0,1,0,0,0,0.010609088
42562,7440.303872,1,0,1,0,0,0,0.010626175
42564,7440.337216,1,0,1,0,0,0,0.010643261
42566,7440.370528,1,0,1,0,0,0,0.010611529
42568,7440.403872,1,0,1,0,0,0,0.010630359
42570,7440.437216,1,0,1,0,0,0,0.010602811
42572,7440.470528,1,0,1,0,0,0,0.010671158
42574,7440.503872,1,0,1,0,0,0,0.010608042
42576,7440.537184,1,0,1,0,0,0,0.010645702
42578,7440.570528,1,0,1,0,0,0,0.010633846
42580,7440.603872,1,0,1,0,0,0,0.010649189
42582,7440.637184,1,0,1,0,0,0,0.010601765
42584,7440.670528,1,0,1,0,0,0,0.010642215
42586,7440.703872,1,0,1,0,0,0,0.010658605
42588,7440.737184,1,0,1,0,0,0,0.010665927
42590,7440.770528,1,0,1,0,0,0,0.010646051
42592,7440.80384,1,0,1,0,0,0,0.010645354
42594,7440.837184,1,0,1,0,0,0,0.010707424
42596,7440.870528,1,0,1,0,0,0,0.010642913
42598,7440.90384,1,0,1,0,0,0,0.010632451
42600,7440.937184,1,0,1,0,0,0,0.010608739
42602,7440.970528,1,0,1,0,0,0,0.010613621
42604,7441.00384,1,0,1,0,0,0,0.010643959
42606,7441.037184,1,0,1,0,0,0,0.010641867
42608,7441.070496,1,0,1,0,0,0,0.010660697
42610,7441.10384,1,0,1,0,0,0,0.01062478
42612,7441.137184,1,0,1,0,0,0,0.010639426
42614,7441.170496,1,0,1,0,0,0,0.010637333
42616,7441.20384,1,0,1,0,0,0,0.010632451
42618,7441.237152,1,0,1,0,0,0,0.010637682
42620,7441.270496,1,0,1,0,0,0,0.010654071
42622,7441.30384,1,0,1,0,0,0,0.010632451
42624,7441.337152,1,0,1,0,0,0,0.010602463
42626,7441.370496,1,0,1,0,0,0,0.010599673
42628,7441.40384,1,0,1,0,0,0,0.010599324
42630,7441.437152,1,0,1,0,0,0,0.010615016
42632,7441.470496,1,0,1,0,0,0,0.010626872
42634,7441.503808,1,0,1,0,0,0,0.010636287
42636,7441.537152,1,0,1,0,0,0,0.010589212
42638,7441.570496,1,0,1,0,0,0,0.010620944
42640,7441.603808,1,0,1,0,0,0,0.010602114
42642,7441.637152,1,0,1,0,0,0,0.010594442
42644,7441.670496,1,0,1,0,0,0,0.010603857
42646,7441.703808,1,0,1,0,0,0,0.010625826
42648,7441.737152,1,0,1,0,0,0,0.010636985
42650,7441.770496,1,0,1,0,0,0,0.010585376
42652,7441.803808,1,0,1,0,0,0,0.010605252
42654,7441.837152,1,0,1,0,0,0,0.010593396
42656,7441.870464,1,0,1,0,0,0,0.010608739
42658,7441.903808,1,0,1,0,0,0,0.010588166
42660,7441.937152,1,0,1,0,0,0,0.010586422
42662,7441.970464,1,0,1,0,0,0,0.010617108
42664,7442.003808,1,0,1,0,0,0,0.010590258
42666,7442.037152,1,0,1,0,0,0,0.01058956
42668,7442.070464,1,0,1,0,0,0,0.010604206
42670,7442.103808,1,0,1,0,0,0,0.010603509
42672,7442.13712,1,0,1,0,0,0,0.010635241
42674,7442.170464,1,0,1,0,0,0,0.010592001
42676,7442.203808,1,0,1,0,0,0,0.01061397
42678,7442.23712,1,0,1,0,0,0,0.010637333
42680,7442.270464,1,0,1,0,0,0,0.010597929
42682,7442.303808,1,0,1,0,0,0,0.010625129
42684,7442.33712,1,0,1,0,0,0,0.010642215
42686,7442.370464,1,0,1,0,0,0,0.010624082
42688,7442.403776,1,0,1,0,0,0,0.01060595
42690,7442.43712,1,0,1,0,0,0,0.010599673
42692,7442.470464,1,0,1,0,0,0,0.010614319
42694,7442.503776,1,0,1,0,0,0,0.010600719
42696,7442.53712,1,0,1,0,0,0,0.010583632
42698,7442.570464,1,0,1,0,0,0,0.010605601
42700,7442.603776,1,0,1,0,0,0,0.010636287
42702,7442.63712,1,0,1,0,0,0,0.010650933
42704,7442.670432,1,0,1,0,0,0,0.010618503
42706,7442.703776,1,0,1,0,0,0,0.010656512
42708,7442.73712,1,0,1,0,0,0,0.010627221
42710,7442.770432,1,0,1,0,0,0,0.010622688
42712,7442.803776,1,0,1,0,0,0,0.010634544
42714,7442.837088,1,0,1,0,0,0,0.010601068
42716,7442.870432,1,0,1,0,0,0,0.010590607
42718,7442.903776,1,0,1,0,0,0,0.010611878
42720,7442.937088,1,0,1,0,0,0,0.0106328
42722,7442.970432,1,0,1,0,0,0,0.010633149
42724,7443.003776,1,0,1,0,0,0,0.010628964
42726,7443.037088,1,0,1,0,0,0,0.01062478
42728,7443.070432,1,0,1,0,0,0,0.010572474
42730,7443.103744,1,0,1,0,0,0,0.010639774
42732,7443.137088,1,0,1,0,0,0,0.010646748
42734,7443.170432,1,0,1,0,0,0,0.010704983
42736,7443.203744,1,0,1,0,0,0,0.010621293
42738,7443.237088,1,0,1,0,0,0,0.010637333
42740,7443.270432,1,0,1,0,0,0,0.010650236
42742,7443.303744,1,0,1,0,0,0,0.010670112
42744,7443.337088,1,0,1,0,0,0,0.010653025
42746,7443.370432,1,0,1,0,0,0,0.010638728
42748,7443.403744,1,0,1,0,0,0,0.010674994
42750,7443.437088,1,0,1,0,0,0,0.010608391
42752,7443.4704,1,0,1,0,0,0,0.010656861
42754,7443.503744,1,0,1,0,0,0,0.01063559
42756,7443.537088,1,0,1,0,0,0,0.010629662
42758,7443.5704,1,0,1,0,0,0,0.010645005
42760,7443.603744,1,0,1,0,0,0,0.010639426
42762,7443.637088,1,0,1,0,0,0,0.010599673
42764,7443.6704,1,0,1,0,0,0,0.010572822
42766,7443.703744,1,0,1,0,0,0,0.010608739
42768,7443.737056,1,0,1,0,0,0,0.010523306
42770,7443.7704,1,0,1,0,0,0,0.010576309
42772,7443.803744,1,0,1,0,0,0,0.010615365
42774,7443.837056,1,0,1,0,0,0,0.010572822
42776,7443.8704,1,0,1,0,0,0,0.010617457
42778,7443.903712,1,0,1,0,0,0,0.010612575
42780,7443.937056,1,0,1,0,0,0,0.010625477
42782,7443.9704,1,0,1,0,0,0,0.010617108
42784,7444.003712,1,0,1,0,0,0,0.010557131
42786,7444.037056,1,0,1,0,0,0,0.010628616
42788,7444.0704,1,0,1,0,0,0,0.010617806
42790,7444.103712,1,0,1,0,0,0,0.010613621
42792,7444.137056,1,0,1,0,0,0,0.010612924
42794,7444.1704,1,0,1,0,0,0,0.010604555
42796,7444.203712,1,0,1,0,0,0,0.010627221
42798,7444.237056,1,0,1,0,0,0,0.010645702
42800,7444.270368,1,0,1,0,0,0,0.010628267
42802,7444.303712,1,0,1,0,0,0,0.010634544
42804,7444.337056,1,0,1,0,0,0,0.010618154
42806,7444.370368,1,0,1,0,0,0,0.01062757
42808,7444.403712,1,0,1,0,0,0,0.010608739
42810,7444.437024,1,0,1,0,0,0,0.010618154
42812,7444.470368,1,0,1,0,0,0,0.010582935
42814,7444.503712,1,0,1,0,0,0,0.010601068
42816,7444.537024,1,0,1,0,0,0,0.010608739
42818,7444.570368,1,0,1,0,0,0,0.010570381
42820,7444.60368,1,0,1,0,0,0,0.01064082
42822,7444.637024,1,0,1,0,0,0,0.010627918
42824,7444.670368,1,0,1,0,0,0,0.010590955
42826,7444.70368,1,0,1,0,0,0,0.010606996
42828,7444.737024,1,0,1,0,0,0,0.010617806
42830,7444.770368,1,0,1,0,0,0,0.010610134
42832,7444.80368,1,0,1,0,0,0,0.010612226
42834,7444.837024,1,0,1,0,0,0,0.010566197
42836,7444.870368,1,0,1,0,0,0,0.010585725
42838,7444.90368,1,0,1,0,0,0,0.010585725
42840,7444.937024,1,0,1,0,0,0,0.010650584
42842,7444.970368,1,0,1,0,0,0,0.010643261
42844,7445.00368,1,0,1,0,0,0,0.010590607
42846,7445.037024,1,0,1,0,0,0,0.010643959
42848,7445.070336,1,0,1,0,0,0,0.010606996
42850,7445.10368,1,0,1,0,0,0,0.010622688
42852,7445.137024,1,0,1,0,0,0,0.010628964
42854,7445.170336,1,0,1,0,0,0,0.01060595
42856,7445.20368,1,0,1,0,0,0,0.010610483
42858,7445.237024,1,0,1,0,0,0,0.010670461
42860,7445.270336,1,0,1,0,0,0,0.010631754
42862,7445.30368,1,0,1,0,0,0,0.01058956
42864,7445.336992,1,0,1,0,0,0,0.010613621
42866,7445.370336,1,0,1,0,0,0,0.010628267
42868,7445.40368,1,0,1,0,0,0,0.010604904
42870,7445.436992,1,0,1,0,0,0,0.010638379
42872,7445.470336,1,0,1,0,0,0,0.01060316
42874,7445.50368,1,0,1,0,0,0,0.010596883
42876,7445.536992,1,0,1,0,0,0,0.010639774
42878,7445.570336,1,0,1,0,0,0,0.010593745
42880,7445.603648,1,0,1,0,0,0,0.010606996
42882,7445.636992,1,0,1,0,0,0,0.010603509
42884,7445.670336,1,0,1,0,0,0,0.010650933
42886,7445.703648,1,0,1,0,0,0,0.010588166
42888,7445.736992,1,0,1,0,0,0,0.010603509
42890,7445.770336,1,0,1,0,0,0,0.010644656
42892,7445.803648,1,0,1,0,0,0,0.010625826
42894,7445.836992,1,0,1,0,0,0,0.010617457
42896,7445.870304,1,0,1,0,0,0,0.010600022
42898,7445.903648,1,0,1,0,0,0,0.010624431
42900,7445.936992,1,0,1,0,0,0,0.010640123
42902,7445.970304,1,0,1,0,0,0,0.010582935
42904,7446.003648,1,0,1,0,0,0,0.010602463
42906,7446.03696,1,0,1,0,0,0,0.01061676
42908,7446.070304,1,0,1,0,0,0,0.010610832
42910,7446.103648,1,0,1,0,0,0,0.010629662
42912,7446.13696,1,0,1,0,0,0,0.01058956
42914,7446.170304,1,0,1,0,0,0,0.010631057
42916,7446.203648,1,0,1,0,0,0,0.010636636
42918,7446.23696,1,0,1,0,0,0,0.010608391
42920,7446.270304,1,0,1,0,0,0,0.010588863
42922,7446.303616,1,0,1,0,0,0,0.010615713
42924,7446.33696,1,0,1,0,0,0,0.010606647
42926,7446.370304,1,0,1,0,0,0,0.010570033
42928,7446.403616,1,0,1,0,0,0,0.010609437
42930,7446.43696,1,0,1,0,0,0,0.010605601
42932,7446.470304,1,0,1,0,0,0,0.0106328
42934,7446.503616,1,0,1,0,0,0,0.010606996
42936,7446.53696,1,0,1,0,0,0,0.010601416
42938,7446.570272,1,0,1,0,0,0,0.010623036
42940,7446.603616,1,0,1,0,0,0,0.010620247
42942,7446.63696,1,0,1,0,0,0,0.010608042
42944,7446.670272,1,0,1,0,0,0,0.010667671
42946,7446.703616,1,0,1,0,0,0,0.010626872
42948,7446.73696,1,0,1,0,0,0,0.01065442
42950,7446.770272,1,0,1,0,0,0,0.010637333
42952,7446.803616,1,0,1,0,0,0,0.010629313
42954,7446.836928,1,0,1,0,0,0,0.010606996
42956,7446.870272,1,0,1,0,0,0,0.010627918
42958,7446.903616,1,0,1,0,0,0,0.010585725
42960,7446.936928,1,0,1,0,0,0,0.010628616
42962,7446.970272,1,0,1,0,0,0,0.010583981
42964,7447.003616,1,0,1,0,0,0,0.010628267
42966,7447.036928,1,0,1,0,0,0,0.010608391
42968,7447.070272,1,0,1,0,0,0,0.010612575
42970,7447.103584,1,0,1,0,0,0,0.010603857
42972,7447.136928,1,0,1,0,0,0,0.010694521
42974,7447.170272,1,0,1,0,0,0,0.010609088
42976,7447.203584,1,0,1,0,0,0,0.010606298
42978,7447.236928,1,0,1,0,0,0,0.01062478
42980,7447.270272,1,0,1,0,0,0,0.010564453
42982,7447.303584,1,0,1,0,0,0,0.010566546
42984,7447.336928,1,0,1,0,0,0,0.010589909
42986,7447.370272,1,0,1,0,0,0,0.010574566
42988,7447.403584,1,0,1,0,0,0,0.010568289
42990,7447.436928,1,0,1,0,0,0,0.010621293
42992,7447.47024,1,0,1,0,0,0,0.010583981
42994,7447.503584,1,0,1,0,0,0,0.010616062
42996,7447.536928,1,0,1,0,0,0,0.010593047
42998,7447.57024,1,0,1,0,0,0,0.01060595
43000,7447.603584,1,0,1,0,0,0,0.010594442
43002,7447.636928,1,0,1,0,0,0,0.010575263
43004,7447.67024,1,0,1,0,0,0,0.010596535
43006,7447.703584,1,0,1,0,0,0,0.010588166
43008,7447.736896,1,0,1,0,0,0,0.01062478
43010,7447.77024,1,0,1,0,0,0,0.010590607
43012,7447.803584,1,0,1,0,0,0,0.010614667
43014,7447.836896,1,0,1,0,0,0,0.010564105
43016,7447.87024,1,0,1,0,0,0,0.010590955
43018,7447.903552,1,0,1,0,0,0,0.010577704
43020,7447.936896,1,0,1,0,0,0,0.010594442
43022,7447.97024,1,0,1,0,0,0,0.010621642
43024,7448.003552,1,0,1,0,0,0,0.010585027
43026,7448.036896,1,0,1,0,0,0,0.010583981
43028,7448.07024,1,0,1,0,0,0,0.010612575
43030,7448.103552,1,0,1,0,0,0,0.010600719
43032,7448.136896,1,0,1,0,0,0,0.010606298
43034,7448.170208,1,0,1,0,0,0,0.010580145
43036,7448.203552,1,0,1,0,0,0,0.010604555
43038,7448.236896,1,0,1,0,0,0,0.010588514
43040,7448.270208,1,0,1,0,0,0,0.010597232
43042,7448.303552,1,0,1,0,0,0,0.010619898
43044,7448.336896,1,0,1,0,0,0,0.01060316
43046,7448.370208,1,0,1,0,0,0,0.010594442
43048,7448.403552,1,0,1,0,0,0,0.010607693
43050,7448.436864,1,0,1,0,0,0,0.010577704
43052,7448.470208,1,0,1,0,0,0,0.010619201
43054,7448.503552,1,0,1,0,0,0,0.010601416
43056,7448.536864,1,0,1,0,0,0,0.010595837
43058,7448.570208,1,0,1,0,0,0,0.010589909
43060,7448.60352,1,0,1,0,0,0,0.01060595
43062,7448.636864,1,0,1,0,0,0,0.010623734
43064,7448.670208,1,0,1,0,0,0,0.010610134
43066,7448.70352,1,0,1,0,0,0,0.010639774
43068,7448.736864,1,0,1,0,0,0,0.010590955
43070,7448.770208,1,0,1,0,0,0,0.010649887
43072,7448.80352,1,0,1,0,0,0,0.01058154
43074,7448.836864,1,0,1,0,0,0,0.01066523
43076,7448.870208,1,0,1,0,0,0,0.010629313
43078,7448.90352,1,0,1,0,0,0,0.010645354
43080,7448.936864,1,0,1,0,0,0,0.010620595
43082,7448.970208,1,0,1,0,0,0,0.010619201
43084,7449.00352,1,0,1,0,0,0,0.010594094
43086,7449.036864,1,0,1,0,0,0,0.010637682
43088,7449.070176,1,0,1,0,0,0,0.010558525
43090,7449.10352,1,0,1,0,0,0,0.010595837
43092,7449.136864,1,0,1,0,0,0,0.010587119
43094,7449.170176,1,0,1,0,0,0,0.010607344
43096,7449.20352,1,0,1,0,0,0,0.010636985
43098,7449.236864,1,0,1,0,0,0,0.010613621
43100,7449.270176,1,0,1,0,0,0,0.010631405
43102,7449.30352,1,0,1,0,0,0,0.010637682
43104,7449.336832,1,0,1,0,0,0,0.010614319
43106,7449.370176,1,0,1,0,0,0,0.010576658
43108,7449.40352,1,0,1,0,0,0,0.010568638
43110,7449.436832,1,0,1,0,0,0,0.010642215
43112,7449.470176,1,0,1,0,0,0,0.010607693
43114,7449.50352,1,0,1,0,0,0,0.01061676
43116,7449.536832,1,0,1,0,0,0,0.010604904
43118,7449.570176,1,0,1,0,0,0,0.010591304
43120,7449.603488,1,0,1,0,0,0,0.010597232
43122,7449.636832,1,0,1,0,0,0,0.01059514
43124,7449.670176,1,0,1,0,0,0,0.010555387
43126,7449.703488,1,0,1,0,0,0,0.01059514
43128,7449.736832,1,0,1,0,0,0,0.010650933
43130,7449.770176,1,0,1,0,0,0,0.010642215
43132,7449.803488,1,0,1,0,0,0,0.01061676
43134,7449.836832,1,0,1,0,0,0,0.010604206
43136,7449.870144,1,0,1,0,0,0,0.010620944
43138,7449.903488,1,0,1,0,0,0,0.01062199
43140,7449.936832,1,0,1,0,0,0,0.01058433
43142,7449.970144,1,0,1,0,0,0,0.010598627
43144,7450.003488,1,0,1,0,0,0,0.010638728
43146,7450.0368,1,0,1,0,0,0,0.010610483
43148,7450.070144,1,0,1,0,0,0,0.01058956
43150,7450.103488,1,0,1,0,0,0,0.010571776
43152,7450.136832,1,0,1,0,0,0,0.010583284
43154,7450.170144,1,0,1,0,0,0,0.010585725
43156,7450.203488,1,0,1,0,0,0,0.010604206
43158,7450.2368,1,0,1,0,0,0,0.010614667
43160,7450.270144,1,0,1,0,0,0,0.010583981
43162,7450.303488,1,0,1,0,0,0,0.010614667
43164,7450.3368,1,0,1,0,0,0,0.010604206
43166,7450.370144,1,0,1,0,0,0,0.010609088
43168,7450.403488,1,0,1,0,0,0,0.010603857
43170,7450.4368,1,0,1,0,0,0,0.010595837
43172,7450.470144,1,0,1,0,0,0,0.010601765
43174,7450.503488,1,0,1,0,0,0,0.010579448
43176,7450.5368,1,0,1,0,0,0,0.01061676
43178,7450.570144,1,0,1,0,0,0,0.010601765
43180,7450.603488,1,0,1,0,0,0,0.010617457
43182,7450.6368,1,0,1,0,0,0,0.010632451
43184,7450.670112,1,0,1,0,0,0,0.01059514
43186,7450.703488,1,0,1,0,0,0,0.010605601
43188,7450.7368,1,0,1,0,0,0,0.010601416
43190,7450.770112,1,0,1,0,0,0,0.010587119
43192,7450.803488,1,0,1,0,0,0,0.010604206
43194,7450.8368,1,0,1,0,0,0,0.010575612
43196,7450.870112,1,0,1,0,0,0,0.010602114
43198,7450.903488,1,0,1,0,0,0,0.010602114
43200,7450.936768,1,0,1,0,0,0,0.010620595
43202,7450.970112,1,0,1,0,0,0,0.010570381
43204,7451.003488,1,0,1,0,0,0,0.010618503
43206,7451.036768,1,0,1,0,0,0,0.010560618
43208,7451.070112,1,0,1,0,0,0,0.010633846
43210,7451.103488,1,0,1,0,0,0,0.010628267
43212,7451.136768,1,0,1,0,0,0,0.01055992
43214,7451.170112,1,0,1,0,0,0,0.0105655
43216,7451.203488,1,0,1,0,0,0,0.010607693
43218,7451.236768,1,0,1,0,0,0,0.010605252
43220,7451.270112,1,0,1,0,0,0,0.010586771
43222,7451.303488,1,0,1,0,0,0,0.010595837
43224,7451.336768,1,0,1,0,0,0,0.010601068
43226,7451.370112,1,0,1,0,0,0,0.010572822
43228,7451.403488,1,0,1,0,0,0,0.010567592
43230,7451.436768,1,0,1,0,0,0,0.01054388
43232,7451.47008,1,0,1,0,0,0,0.010552249
43234,7451.503488,1,0,1,0,0,0,0.010560618
43236,7451.536768,1,0,1,0,0,0,0.010568987
43238,7451.57008,1,0,1,0,0,0,0.01061397
43240,7451.603488,1,0,1,0,0,0,0.010618154
43242,7451.636736,1,0,1,0,0,0,0.010624431
43244,7451.67008,1,0,1,0,0,0,0.010630708
43246,7451.703424,1,0,1,0,0,0,0.010631754
43248,7451.736736,1,0,1,0,0,0,0.010557828
43250,7451.77008,1,0,1,0,0,0,0.010616411
43252,7451.803424,1,0,1,0,0,0,0.010599324
43254,7451.836736,1,0,1,0,0,0,0.010576658
43256,7451.87008,1,0,1,0,0,0,0.010572822
43258,7451.903392,1,0,1,0,0,0,0.010560269
43260,7451.936736,1,0,1,0,0,0,0.010618503
43262,7451.97008,1,0,1,0,0,0,0.010597581
43264,7452.003392,1,0,1,0,0,0,0.010627221
43266,7452.036736,1,0,1,0,0,0,0.010623036
43268,7452.07008,1,0,1,0,0,0,0.010628964
43270,7452.103392,1,0,1,0,0,0,0.010626175
43272,7452.136736,1,0,1,0,0,0,0.010580145
43274,7452.170048,1,0,1,0,0,0,0.010618154
43276,7452.203392,1,0,1,0,0,0,0.010597929
43278,7452.236736,1,0,1,0,0,0,0.010578053
43280,7452.270048,1,0,1,0,0,0,0.010598975
43282,7452.303392,1,0,1,0,0,0,0.010606647
43284,7452.336736,1,0,1,0,0,0,0.01063559
43286,7452.370048,1,0,1,0,0,0,0.010606996
43288,7452.403392,1,0,1,0,0,0,0.010617806
43290,7452.436736,1,0,1,0,0,0,0.010619201
43292,7452.470048,1,0,1,0,0,0,0.010629313
43294,7452.503392,1,0,1,0,0,0,0.010614319
43296,7452.536704,1,0,1,0,0,0,0.010555387
43298,7452.570048,1,0,1,0,0,0,0.010622339
43300,7452.603392,1,0,1,0,0,0,0.010582935
43302,7452.636704,1,0,1,0,0,0,0.010645702
43304,7452.670048,1,0,1,0,0,0,0.010612226
43306,7452.703392,1,0,1,0,0,0,0.010641867
43308,7452.736704,1,0,1,0,0,0,0.010625477
43310,7452.770048,1,0,1,0,0,0,0.010601068
43312,7452.80336,1,0,1,0,0,0,0.01059514
43314,7452.836704,1,0,1,0,0,0,0.010584678
43316,7452.870048,1,0,1,0,0,0,0.010621293
43318,7452.90336,1,0,1,0,0,0,0.010626523
43320,7452.936704,1,0,1,0,0,0,0.010632103
43322,7452.970048,1,0,1,0,0,0,0.010598278
43324,7453.00336,1,0,1,0,0,0,0.010593745
43326,7453.036704,1,0,1,0,0,0,0.010613621
43328,7453.070016,1,0,1,0,0,0,0.010579448
43330,7453.10336,1,0,1,0,0,0,0.010586771
43332,7453.136704,1,0,1,0,0,0,0.010592001
43334,7453.170016,1,0,1,0,0,0,0.010607693
43336,7453.20336,1,0,1,0,0,0,0.010664881
43338,7453.236672,1,0,1,0,0,0,0.010639774
43340,7453.270016,1,0,1,0,0,0,0.010604206
43342,7453.30336,1,0,1,0,0,0,0.010634195
43344,7453.336672,1,0,1,0,0,0,0.01064082
43346,7453.370016,1,0,1,0,0,0,0.010606647
43348,7453.40336,1,0,1,0,0,0,0.010638379
43350,7453.436672,1,0,1,0,0,0,0.010636636
43352,7453.470016,1,0,1,0,0,0,0.010625826
43354,7453.503328,1,0,1,0,0,0,0.010646748
43356,7453.536672,1,0,1,0,0,0,0.010638031
43358,7453.570016,1,0,1,0,0,0,0.010587119
43360,7453.603328,1,0,1,0,0,0,0.010642564
43362,7453.636672,1,0,1,0,0,0,0.010618154
43364,7453.670016,1,0,1,0,0,0,0.010645354
43366,7453.703328,1,0,1,0,0,0,0.010641169
43368,7453.736672,1,0,1,0,0,0,0.010594442
43370,7453.769984,1,0,1,0,0,0,0.010632103
43372,7453.803328,1,0,1,0,0,0,0.010596883
43374,7453.836672,1,0,1,0,0,0,0.010610134
43376,7453.869984,1,0,1,0,0,0,0.010580494
43378,7453.903328,1,0,1,0,0,0,0.010610483
43380,7453.936672,1,0,1,0,0,0,0.010603857
43382,7453.969984,1,0,1,0,0,0,0.01062757
43384,7454.003328,1,0,1,0,0,0,0.010648492
43386,7454.036672,1,0,1,0,0,0,0.010655117
43388,7454.069984,1,0,1,0,0,0,0.010605601
43390,7454.103328,1,0,1,0,0,0,0.010596535
43392,7454.13664,1,0,1,0,0,0,0.010590607
43394,7454.169984,1,0,1,0,0,0,0.010598627
43396,7454.203328,1,0,1,0,0,0,0.01055992
43398,7454.23664,1,0,1,0,0,0,0.010558525
43400,7454.269984,1,0,1,0,0,0,0.010610832
43402,7454.303328,1,0,1,0,0,0,0.010589212
43404,7454.33664,1,0,1,0,0,0,0.010639774
43406,7454.369984,1,0,1,0,0,0,0.010594094
43408,7454.403296,1,0,1,0,0,0,0.01062199
43410,7454.43664,1,0,1,0,0,0,0.010629662
43412,7454.469984,1,0,1,0,0,0,0.010674296
43414,7454.503296,1,0,1,0,0,0,0.010625477
43416,7454.53664,1,0,1,0,0,0,0.010589212
43418,7454.569984,1,0,1,0,0,0,0.010629313
43420,7454.603296,1,0,1,0,0,0,0.010634892
43422,7454.63664,1,0,1,0,0,0,0.010585725
43424,7454.669952,1,0,1,0,0,0,0.010647097
43426,7454.703296,1,0,1,0,0,0,0.010628616
43428,7454.73664,1,0,1,0,0,0,0.010616062
43430,7454.769952,1,0,1,0,0,0,0.010606647
43432,7454.803296,1,0,1,0,0,0,0.010576658
43434,7454.83664,1,0,1,0,0,0,0.010597232
43436,7454.869952,1,0,1,0,0,0,0.010587817
43438,7454.903296,1,0,1,0,0,0,0.010650933
43440,7454.936608,1,0,1,0,0,0,0.01062199
43442,7454.969952,1,0,1,0,0,0,0.01058154
43444,7455.003296,1,0,1,0,0,0,0.010623734
43446,7455.036608,1,0,1,0,0,0,0.010574915
43448,7455.069952,1,0,1,0,0,0,0.010612924
43450,7455.103264,1,0,1,0,0,0,0.010568987
43452,7455.136608,1,0,1,0,0,0,0.010593396
43454,7455.169952,1,0,1,0,0,0,0.010485645
43456,7455.203264,1,0,1,0,0,0,0.010525398
43458,7455.236608,1,0,1,0,0,0,0.010558525
43460,7455.269952,1,0,1,0,0,0,0.010542834
43462,7455.303264,1,0,1,0,0,0,0.010514588
43464,7455.336608,1,0,1,0,0,0,0.010513891
43466,7455.369952,1,0,1,0,0,0,0.010534116
43468,7455.403264,1,0,1,0,0,0,0.010491225
43470,7455.436608,1,0,1,0,0,0,0.010476579
43472,7455.46992,1,0,1,0,0,0,0.010507614
43474,7455.503264,1,0,1,0,0,0,0.010497153
43476,7455.536608,1,0,1,0,0,0,0.01050587
43478,7455.56992,1,0,1,0,0,0,0.010497153
43480,7455.603264,1,0,1,0,0,0,0.010491225
43482,7455.636608,1,0,1,0,0,0,0.010542485
43484,7455.66992,1,0,1,0,0,0,0.010528188
43486,7455.703264,1,0,1,0,0,0,0.010501337
43488,7455.736576,1,0,1,0,0,0,0.010538998
43490,7455.76992,1,0,1,0,0,0,0.010502732
43492,7455.803264,1,0,1,0,0,0,0.010496455
43494,7455.836576,1,0,1,0,0,0,0.010534813
43496,7455.86992,1,0,1,0,0,0,0.010482158
43498,7455.903264,1,0,1,0,0,0,0.010499245
43500,7455.936576,1,0,1,0,0,0,0.010509358
43502,7455.96992,1,0,1,0,0,0,0.010439616
43504,7456.003232,1,0,1,0,0,0,0.010509706
43506,7456.036576,1,0,1,0,0,0,0.010471
43508,7456.06992,1,0,1,0,0,0,0.010413812
43510,7456.103232,1,0,1,0,0,0,0.010451821
43512,7456.136576,1,0,1,0,0,0,0.010441708
43514,7456.16992,1,0,1,0,0,0,0.010426365
43516,7456.203232,1,0,1,0,0,0,0.010442406
43518,7456.236576,1,0,1,0,0,0,0.01040335
43520,7456.269888,1,0,1,0,0,0,0.010444847
43522,7456.303232,1,0,1,0,0,0,0.01040335
43524,7456.336576,1,0,1,0,0,0,0.010436826
43526,7456.369888,1,0,1,0,0,0,0.010451472
43528,7456.403232,1,0,1,0,0,0,0.010404048
43530,7456.436544,1,0,1,0,0,0,0.010411719
43532,7456.469888,1,0,1,0,0,0,0.010417996
43534,7456.503232,1,0,1,0,0,0,0.010415904
43536,7456.536544,1,0,1,0,0,0,0.010463328
43538,7456.569888,1,0,1,0,0,0,0.010440313
43540,7456.603232,1,0,1,0,0,0,0.01046542
43542,7456.636544,1,0,1,0,0,0,0.010433688
43544,7456.669888,1,0,1,0,0,0,0.010457749
43546,7456.7032,1,0,1,0,0,0,0.010448682
43548,7456.736544,1,0,1,0,0,0,0.010476579
43550,7456.769888,1,0,1,0,0,0,0.010490876
43552,7456.8032,1,0,1,0,0,0,0.010434037
43554,7456.836544,1,0,1,0,0,0,0.010434385
43556,7456.869888,1,0,1,0,0,0,0.010446939
43558,7456.9032,1,0,1,0,0,0,0.010477276
43560,7456.936544,1,0,1,0,0,0,0.01048181
43562,7456.969888,1,0,1,0,0,0,0.010464026
43564,7457.0032,1,0,1,0,0,0,0.010426714
43566,7457.036544,1,0,1,0,0,0,0.010423924
43568,7457.069856,1,0,1,0,0,0,0.010432991
43570,7457.1032,1,0,1,0,0,0,0.010445893
43572,7457.136544,1,0,1,0,0,0,0.010460538
43574,7457.169856,1,0,1,0,0,0,0.010442057
43576,7457.2032,1,0,1,0,0,0,0.010426714
43578,7457.236544,1,0,1,0,0,0,0.010419042
43580,7457.269856,1,0,1,0,0,0,0.01044659
43582,7457.3032,1,0,1,0,0,0,0.010474835
43584,7457.336512,1,0,1,0,0,0,0.010456354
43586,7457.369856,1,0,1,0,0,0,0.010506219
43588,7457.4032,1,0,1,0,0,0,0.010434385
43590,7457.436512,1,0,1,0,0,0,0.010407186
43592,7457.469856,1,0,1,0,0,0,0.010432642
43594,7457.5032,1,0,1,0,0,0,0.010472046
43596,7457.536512,1,0,1,0,0,0,0.010422529
43598,7457.569856,1,0,1,0,0,0,0.010439616
43600,7457.603168,1,0,1,0,0,0,0.010417996
43602,7457.636512,1,0,1,0,0,0,0.010456703
43604,7457.669856,1,0,1,0,0,0,0.010417647
43606,7457.703168,1,0,1,0,0,0,0.010467513
43608,7457.736512,1,0,1,0,0,0,0.010485645
43610,7457.769856,1,0,1,0,0,0,0.010470651
43612,7457.803168,1,0,1,0,0,0,0.010414509
43614,7457.836512,1,0,1,0,0,0,0.010475882
43616,7457.869824,1,0,1,0,0,0,0.01046019
43618,7457.903168,1,0,1,0,0,0,0.010437872
43620,7457.936512,1,0,1,0,0,0,0.010429503
43622,7457.969824,1,0,1,0,0,0,0.010367782
43624,7458.003168,1,0,1,0,0,0,0.01038173
43626,7458.03648,1,0,1,0,0,0,0.010444149
43628,7458.069824,1,0,1,0,0,0,0.010456703
43630,7458.103168,1,0,1,0,0,0,0.010497502
43632,7458.13648,1,0,1,0,0,0,0.010522608
43634,7458.169824,1,0,1,0,0,0,0.01048704
43636,7458.203168,1,0,1,0,0,0,0.010485645
43638,7458.23648,1,0,1,0,0,0,0.010466118
43640,7458.269824,1,0,1,0,0,0,0.010536905
43642,7458.303136,1,0,1,0,0,0,0.010435432
43644,7458.33648,1,0,1,0,0,0,0.010519819
43646,7458.369824,1,0,1,0,0,0,0.010469256
43648,7458.403136,1,0,1,0,0,0,0.010444847
43650,7458.43648,1,0,1,0,0,0,0.010489133
43652,7458.469824,1,0,1,0,0,0,0.010490179
43654,7458.503136,1,0,1,0,0,0,0.010520865
43656,7458.53648,1,0,1,0,0,0,0.010513193
43658,7458.569792,1,0,1,0,0,0,0.010506219
43660,7458.603136,1,0,1,0,0,0,0.010525398
43662,7458.63648,1,0,1,0,0,0,0.010537254
43664,7458.669792,1,0,1,0,0,0,0.010493317
43666,7458.703136,1,0,1,0,0,0,0.010560269
43668,7458.73648,1,0,1,0,0,0,0.010499245
43670,7458.769792,1,0,1,0,0,0,0.0105383
43672,7458.803136,1,0,1,0,0,0,0.010521214
43674,7458.83648,1,0,1,0,0,0,0.010521214
43676,7458.869792,1,0,1,0,0,0,0.010473789
43678,7458.903136,1,0,1,0,0,0,0.010540393
43680,7458.936448,1,0,1,0,0,0,0.010505522
43682,7458.969792,1,0,1,0,0,0,0.010506917
43684,7459.003136,1,0,1,0,0,0,0.010535162
43686,7459.036448,1,0,1,0,0,0,0.010544228
43688,7459.069792,1,0,1,0,0,0,0.010553992
43690,7459.103136,1,0,1,0,0,0,0.010542485
43692,7459.136448,1,0,1,0,0,0,0.010503081
43694,7459.169792,1,0,1,0,0,0,0.010546669
43696,7459.203104,1,0,1,0,0,0,0.010559572
43698,7459.236448,1,0,1,0,0,0,0.010545972
43700,7459.26976,1,0,1,0,0,0,0.010512496
43702,7459.303104,1,0,1,0,0,0,0.010553295
43704,7459.336448,1,0,1,0,0,0,0.010563756
43706,7459.36976,1,0,1,0,0,0,0.01055992
43708,7459.403104,1,0,1,0,0,0,0.01056271
43710,7459.436448,1,0,1,0,0,0,0.010514239
43712,7459.46976,1,0,1,0,0,0,0.010559223
43714,7459.503104,1,0,1,0,0,0,0.010549459
43716,7459.536448,1,0,1,0,0,0,0.010553643
